[11, 14, 21, 22, 23, 24, 26, 27, 28, 29, 31, 34, 35, 41, 43, 45, 48, 50, 52, 57, 60, 61, 62, 63, 65, 67, 70, 71, 73, 75, 79, 81, 82, 83, 86, 87, 89, ]
[1, 10, 12, 15, 21, 28, 29, 31, 34, 37, 40, 41, 46, 49, 50, 52, 53, 55, 64, 67, 68, 69, 71, 75, 78, 81, 83, 84, 85, 86, 87, 89, ]
[1, 3, 5, 7, 8, 9, 10, 13, 21, 23, 25, 27, 29, 30, 31, 33, 41, 44, 49, 53, 55, 57, 58, 60, 65, 70, 73, 74, 75, 77, 79, 81, 82, 84, 87, 89, ]
[2, 5, 7, 9, 13, 14, 20, 22, 23, 25, 27, 28, 31, 33, 34, 35, 36, 37, 39, 43, 46, 47, 49, 54, 57, 64, 65, 66, 74, 81, 83, 85, 89, ]
[0, 1, 2, 3, 5, 6, 9, 13, 15, 16, 17, 19, 21, 24, 25, 26, 33, 35, 36, 42, 45, 50, 58, 60, 62, 64, 72, 80, 81, 83, 87, 89, ]
[0, 7, 8, 14, 19, 25, 27, 29, 32, 33, 36, 42, 44, 53, 55, 57, 59, 61, 63, 65, 67, 68, 69, 74, 79, 82, 88, 89, ]
[1, 2, 5, 7, 12, 14, 16, 19, 20, 21, 24, 26, 29, 31, 32, 33, 34, 35, 39, 43, 47, 48, 53, 63, 68, 69, 71, 72, 73, 78, 79, 80, 81, 84, 85, 86, 87, 88, 89, ]
[1, 3, 6, 7, 8, 9, 11, 15, 16, 17, 18, 19, 21, 22, 23, 24, 25, 26, 27, 28, 29, 31, 33, 34, 37, 40, 41, 44, 45, 47, 51, 52, 66, 69, 75, 78, 81, 82, 84, 85, 86, 87, ]
[5, 6, 7, 8, 10, 21, 23, 26, 27, 28, 29, 31, 32, 33, 36, 38, 45, 47, 48, 49, 51, 53, 56, 65, 66, 67, 69, 72, 75, 80, 83, ]
[3, 5, 7, 13, 14, 17, 20, 21, 23, 24, 26, 31, 32, 33, 34, 35, 37, 38, 43, 48, 49, 50, 52, 53, 57, 58, 60, 62, 64, 65, 67, 76, 78, 79, 81, 82, 84, 85, 86, 87, 89, ]
[0, 1, 4, 5, 7, 12, 13, 15, 16, 18, 19, 21, 27, 29, 30, 31, 32, 38, 41, 45, 46, 47, 49, 51, 53, 59, 60, 61, 63, 65, 69, 72, 75, 76, 79, 80, 81, 83, 87, 89, ]
[1, 2, 4, 6, 8, 11, 15, 18, 20, 21, 25, 27, 29, 30, 32, 33, 38, 39, 42, 43, 44, 48, 49, 52, 53, 55, 56, 59, 60, 62, 63, 64, 66, 69, 70, 74, 77, 78, 82, 84, 85, 86, 88, 89, ]
[0, 2, 3, 5, 7, 10, 15, 17, 21, 23, 24, 33, 37, 39, 42, 43, 49, 55, 56, 59, 68, 69, 70, 71, 73, 75, 76, 77, 79, 85, 87, 89, ]
[0, 3, 4, 6, 8, 9, 11, 13, 14, 19, 20, 21, 23, 24, 25, 27, 29, 31, 32, 33, 39, 41, 45, 46, 49, 53, 54, 55, 56, 59, 60, 61, 63, 67, 69, 70, 72, 77, 81, 84, 88, ]
[4, 8, 9, 10, 12, 13, 15, 16, 26, 34, 39, 43, 46, 51, 52, 55, 56, 57, 59, 60, 61, 64, 65, 69, 71, 79, 85, 87, ]