9.100000000000000000e+01
6.900000000000000000e+01
1.350000000000000000e+02
5.600000000000000000e+01
1.600000000000000000e+01
4.200000000000000000e+01
2.600000000000000000e+01
2.300000000000000000e+01
7.900000000000000000e+01
8.100000000000000000e+01
2.000000000000000000e+00
1.000000000000000000e+01
2.400000000000000000e+01
1.300000000000000000e+01
2.100000000000000000e+01
1.580000000000000000e+02
7.200000000000000000e+01
2.900000000000000000e+01
4.800000000000000000e+01
1.110000000000000000e+02
1.330000000000000000e+02
5.900000000000000000e+01
5.100000000000000000e+01
1.200000000000000000e+02
4.500000000000000000e+01
1.430000000000000000e+02
4.400000000000000000e+01
8.900000000000000000e+01
1.800000000000000000e+01
5.300000000000000000e+01
1.210000000000000000e+02
1.400000000000000000e+01
6.300000000000000000e+01
1.090000000000000000e+02
8.500000000000000000e+01
7.400000000000000000e+01
1.140000000000000000e+02
1.360000000000000000e+02
5.200000000000000000e+01
7.300000000000000000e+01
3.300000000000000000e+01
8.000000000000000000e+00
1.080000000000000000e+02
1.190000000000000000e+02
9.300000000000000000e+01
1.160000000000000000e+02
2.000000000000000000e+01
1.180000000000000000e+02
3.800000000000000000e+01
1.700000000000000000e+01
