9.010000000000000000e+02
1.504000000000000000e+03
3.550000000000000000e+02
8.010000000000000000e+02
8.050000000000000000e+02
4.960000000000000000e+02
8.030000000000000000e+02
2.850000000000000000e+02
5.650000000000000000e+02
7.440000000000000000e+02
9.420000000000000000e+02
1.578000000000000000e+03
8.630000000000000000e+02
8.160000000000000000e+02
1.244000000000000000e+03
3.870000000000000000e+02
1.458000000000000000e+03
1.522000000000000000e+03
1.071000000000000000e+03
7.430000000000000000e+02
1.760000000000000000e+03
1.704000000000000000e+03
1.184000000000000000e+03
3.840000000000000000e+02
8.230000000000000000e+02
9.780000000000000000e+02
1.559000000000000000e+03
8.400000000000000000e+01
1.062000000000000000e+03
6.250000000000000000e+02
3.760000000000000000e+02
5.880000000000000000e+02
1.245000000000000000e+03
6.840000000000000000e+02
8.000000000000000000e+02
2.369000000000000000e+03
1.422000000000000000e+03
7.650000000000000000e+02
1.644000000000000000e+03
2.125000000000000000e+03
1.041000000000000000e+03
1.004000000000000000e+03
8.040000000000000000e+02
9.900000000000000000e+02
7.420000000000000000e+02
2.580000000000000000e+02
1.126000000000000000e+03
2.366000000000000000e+03
2.245000000000000000e+03
6.980000000000000000e+02
