2.430000000000000000e+02
1.288000000000000000e+03
9.275000000000000000e+03
1.461000000000000000e+03
5.045000000000000000e+03
7.556000000000000000e+03
3.381000000000000000e+03
4.653000000000000000e+03
8.322000000000000000e+03
6.600000000000000000e+02
9.134000000000000000e+03
1.605000000000000000e+03
8.652000000000000000e+03
3.986000000000000000e+03
7.650000000000000000e+02
9.995000000000000000e+03
3.780000000000000000e+03
5.004000000000000000e+03
3.402000000000000000e+03
5.192000000000000000e+03
3.982000000000000000e+03
3.147000000000000000e+03
7.074000000000000000e+03
2.372000000000000000e+03
6.139000000000000000e+03
4.967000000000000000e+03
1.670000000000000000e+03
6.294000000000000000e+03
8.000000000000000000e+02
7.499000000000000000e+03
6.000000000000000000e+00
9.070000000000000000e+03
2.189000000000000000e+03
9.586000000000000000e+03
3.577000000000000000e+03
6.932000000000000000e+03
4.322000000000000000e+03
9.981000000000000000e+03
9.278000000000000000e+03
4.839000000000000000e+03
9.719000000000000000e+03
3.590000000000000000e+03
7.524000000000000000e+03
1.060000000000000000e+02
2.529000000000000000e+03
4.030000000000000000e+02
3.150000000000000000e+02
4.188000000000000000e+03
6.509000000000000000e+03
8.518000000000000000e+03
