7.768000000000000000e+03
3.113000000000000000e+03
1.009100000000000000e+04
1.187000000000000000e+03
1.597000000000000000e+03
4.920000000000000000e+02
5.021000000000000000e+03
9.214000000000000000e+03
9.276000000000000000e+03
2.630000000000000000e+02
6.689000000000000000e+03
5.317000000000000000e+03
8.884000000000000000e+03
7.037000000000000000e+03
5.433000000000000000e+03
3.697000000000000000e+03
6.009000000000000000e+03
1.025200000000000000e+04
8.950000000000000000e+03
7.580000000000000000e+02
1.066100000000000000e+04
4.494000000000000000e+03
6.590000000000000000e+02
3.330000000000000000e+02
1.880000000000000000e+03
9.369000000000000000e+03
1.148000000000000000e+03
7.249000000000000000e+03
6.496000000000000000e+03
1.983000000000000000e+03
5.212000000000000000e+03
6.107000000000000000e+03
6.407000000000000000e+03
9.840000000000000000e+02
3.129000000000000000e+03
1.073200000000000000e+04
2.230000000000000000e+03
7.335000000000000000e+03
2.177000000000000000e+03
7.300000000000000000e+03
3.970000000000000000e+03
2.245000000000000000e+03
2.567000000000000000e+03
3.044000000000000000e+03
6.755000000000000000e+03
3.416000000000000000e+03
1.566000000000000000e+03
9.067000000000000000e+03
9.720000000000000000e+02
3.979000000000000000e+03
