2.046000000000000000e+03
1.009100000000000000e+04
7.335000000000000000e+03
3.610000000000000000e+02
4.937000000000000000e+03
3.113000000000000000e+03
6.009000000000000000e+03
4.249000000000000000e+03
9.525000000000000000e+03
7.165000000000000000e+03
3.654000000000000000e+03
5.433000000000000000e+03
8.367000000000000000e+03
3.881000000000000000e+03
9.840000000000000000e+02
5.212000000000000000e+03
8.759000000000000000e+03
5.967000000000000000e+03
3.970000000000000000e+03
1.597000000000000000e+03
7.212000000000000000e+03
2.630000000000000000e+02
7.300000000000000000e+03
6.590000000000000000e+02
7.943000000000000000e+03
6.217000000000000000e+03
1.098700000000000000e+04
3.697000000000000000e+03
4.494000000000000000e+03
3.482000000000000000e+03
9.720000000000000000e+02
1.187000000000000000e+03
7.718000000000000000e+03
8.849000000000000000e+03
2.028000000000000000e+03
3.410000000000000000e+02
2.547000000000000000e+03
5.673000000000000000e+03
2.775000000000000000e+03
7.420000000000000000e+03
6.755000000000000000e+03
2.211000000000000000e+03
3.417000000000000000e+03
1.074800000000000000e+04
8.950000000000000000e+03
9.261000000000000000e+03
8.958000000000000000e+03
4.337000000000000000e+03
4.338000000000000000e+03
3.044000000000000000e+03
