1.870000000000000000e+03
3.817000000000000000e+03
2.370000000000000000e+03
2.446000000000000000e+03
3.912000000000000000e+03
2.172000000000000000e+03
7.380000000000000000e+02
2.847000000000000000e+03
1.638000000000000000e+03
9.840000000000000000e+02
1.075000000000000000e+03
3.158000000000000000e+03
1.194000000000000000e+03
4.156000000000000000e+03
3.786000000000000000e+03
1.929000000000000000e+03
3.167000000000000000e+03
8.840000000000000000e+02
2.584000000000000000e+03
3.902000000000000000e+03
2.870000000000000000e+03
2.801000000000000000e+03
2.618000000000000000e+03
1.485000000000000000e+03
9.750000000000000000e+02
2.406000000000000000e+03
3.014000000000000000e+03
4.200000000000000000e+01
1.199000000000000000e+03
1.410000000000000000e+03
3.337000000000000000e+03
1.790000000000000000e+02
1.950000000000000000e+03
1.145000000000000000e+03
1.500000000000000000e+02
3.212000000000000000e+03
3.775000000000000000e+03
8.460000000000000000e+02
1.405000000000000000e+03
7.550000000000000000e+02
1.544000000000000000e+03
1.077000000000000000e+03
1.604000000000000000e+03
4.204000000000000000e+03
3.521000000000000000e+03
1.709000000000000000e+03
9.680000000000000000e+02
3.307000000000000000e+03
3.488000000000000000e+03
1.813000000000000000e+03
