6.966000000000000000e+03
6.660000000000000000e+02
9.281000000000000000e+03
7.729000000000000000e+03
7.190000000000000000e+03
8.950000000000000000e+02
3.135000000000000000e+03
6.501000000000000000e+03
3.160000000000000000e+02
6.967000000000000000e+03
9.506000000000000000e+03
1.152000000000000000e+03
9.755000000000000000e+03
6.670000000000000000e+02
2.750000000000000000e+02
7.078000000000000000e+03
1.096000000000000000e+03
9.510000000000000000e+03
8.532000000000000000e+03
1.158000000000000000e+03
8.234000000000000000e+03
8.940000000000000000e+02
9.167000000000000000e+03
4.717000000000000000e+03
7.650000000000000000e+02
6.965000000000000000e+03
2.119000000000000000e+03
9.618000000000000000e+03
6.710000000000000000e+02
1.151000000000000000e+03
9.001000000000000000e+03
8.531000000000000000e+03
7.505000000000000000e+03
1.157000000000000000e+03
9.395000000000000000e+03
8.458000000000000000e+03
7.189000000000000000e+03
1.441000000000000000e+03
6.128000000000000000e+03
9.282000000000000000e+03
8.408000000000000000e+03
8.121000000000000000e+03
1.044000000000000000e+03
3.150000000000000000e+02
8.418000000000000000e+03
2.090000000000000000e+03
7.077000000000000000e+03
1.119000000000000000e+03
9.727000000000000000e+03
1.269000000000000000e+03
