2.585000000000000000e+03
5.161000000000000000e+03
3.114000000000000000e+03
1.815000000000000000e+03
5.067000000000000000e+03
4.039000000000000000e+03
5.548000000000000000e+03
3.762000000000000000e+03
2.400000000000000000e+03
3.648000000000000000e+03
5.679000000000000000e+03
5.703000000000000000e+03
2.710000000000000000e+03
3.642000000000000000e+03
2.084000000000000000e+03
1.921000000000000000e+03
4.087000000000000000e+03
2.188000000000000000e+03
4.107000000000000000e+03
2.798000000000000000e+03
4.842000000000000000e+03
1.451000000000000000e+03
3.474000000000000000e+03
2.555000000000000000e+03
4.203000000000000000e+03
2.365000000000000000e+03
2.882000000000000000e+03
4.155000000000000000e+03
2.908000000000000000e+03
3.789000000000000000e+03
3.993000000000000000e+03
3.023000000000000000e+03
1.870000000000000000e+03
4.085000000000000000e+03
2.690000000000000000e+03
3.845000000000000000e+03
5.942000000000000000e+03
3.724000000000000000e+03
3.800000000000000000e+02
4.237000000000000000e+03
5.596000000000000000e+03
2.496000000000000000e+03
5.711000000000000000e+03
5.128000000000000000e+03
3.397000000000000000e+03
5.387000000000000000e+03
2.372000000000000000e+03
4.207000000000000000e+03
4.959000000000000000e+03
1.664000000000000000e+03
