4.652000000000000000e+03
1.470000000000000000e+03
4.736000000000000000e+03
2.717000000000000000e+03
5.234000000000000000e+03
3.803000000000000000e+03
1.910000000000000000e+03
4.517000000000000000e+03
7.900000000000000000e+01
4.469000000000000000e+03
4.730000000000000000e+02
4.306000000000000000e+03
2.653000000000000000e+03
3.191000000000000000e+03
1.478000000000000000e+03
2.911000000000000000e+03
1.771000000000000000e+03
1.202000000000000000e+03
2.543000000000000000e+03
1.298000000000000000e+03
3.745000000000000000e+03
4.290000000000000000e+03
4.768000000000000000e+03
2.348000000000000000e+03
1.573000000000000000e+03
1.898000000000000000e+03
4.069000000000000000e+03
2.967000000000000000e+03
5.256000000000000000e+03
2.342000000000000000e+03
4.631000000000000000e+03
4.286000000000000000e+03
1.789000000000000000e+03
8.800000000000000000e+01
2.317000000000000000e+03
1.499000000000000000e+03
4.705000000000000000e+03
4.290000000000000000e+02
2.570000000000000000e+03
2.674000000000000000e+03
1.599000000000000000e+03
2.370000000000000000e+02
8.140000000000000000e+02
1.793000000000000000e+03
1.944000000000000000e+03
8.810000000000000000e+02
4.627000000000000000e+03
2.518000000000000000e+03
3.606000000000000000e+03
4.989000000000000000e+03
