9.020000000000000000e+02
1.927000000000000000e+03
6.570000000000000000e+02
2.337000000000000000e+03
1.263000000000000000e+03
4.260000000000000000e+02
1.136000000000000000e+03
2.171000000000000000e+03
1.979000000000000000e+03
8.020000000000000000e+02
1.996000000000000000e+03
1.865000000000000000e+03
9.030000000000000000e+02
4.190000000000000000e+02
1.914000000000000000e+03
1.127000000000000000e+03
5.450000000000000000e+02
1.878000000000000000e+03
1.517000000000000000e+03
1.613000000000000000e+03
1.866000000000000000e+03
2.302000000000000000e+03
2.037000000000000000e+03
6.640000000000000000e+02
1.584000000000000000e+03
1.760000000000000000e+03
1.936000000000000000e+03
2.154000000000000000e+03
1.013000000000000000e+03
6.760000000000000000e+02
1.522000000000000000e+03
1.458000000000000000e+03
1.314000000000000000e+03
1.745000000000000000e+03
2.217000000000000000e+03
2.057000000000000000e+03
2.366000000000000000e+03
1.422000000000000000e+03
1.939000000000000000e+03
1.915000000000000000e+03
1.928000000000000000e+03
1.660000000000000000e+03
2.056000000000000000e+03
1.383000000000000000e+03
1.582000000000000000e+03
1.485000000000000000e+03
2.365000000000000000e+03
2.265000000000000000e+03
1.673000000000000000e+03
1.990000000000000000e+03
