9.020000000000000000e+02
1.927000000000000000e+03
2.337000000000000000e+03
4.260000000000000000e+02
1.136000000000000000e+03
1.383000000000000000e+03
6.570000000000000000e+02
1.878000000000000000e+03
2.171000000000000000e+03
1.263000000000000000e+03
8.020000000000000000e+02
1.660000000000000000e+03
1.517000000000000000e+03
1.189000000000000000e+03
7.830000000000000000e+02
1.582000000000000000e+03
8.630000000000000000e+02
1.759000000000000000e+03
1.996000000000000000e+03
1.979000000000000000e+03
1.761000000000000000e+03
5.450000000000000000e+02
7.970000000000000000e+02
4.190000000000000000e+02
1.127000000000000000e+03
9.030000000000000000e+02
4.860000000000000000e+02
4.960000000000000000e+02
1.760000000000000000e+03
6.840000000000000000e+02
1.259000000000000000e+03
1.584000000000000000e+03
1.614000000000000000e+03
1.245000000000000000e+03
2.277000000000000000e+03
8.780000000000000000e+02
6.630000000000000000e+02
7.440000000000000000e+02
5.360000000000000000e+02
6.760000000000000000e+02
8.620000000000000000e+02
7.110000000000000000e+02
8.000000000000000000e+02
5.460000000000000000e+02
8.030000000000000000e+02
1.458000000000000000e+03
1.422000000000000000e+03
1.194000000000000000e+03
2.366000000000000000e+03
1.522000000000000000e+03
