2.419000000000000000e+03
1.261000000000000000e+03
1.000000000000000000e+02
2.199000000000000000e+03
1.090000000000000000e+02
2.190000000000000000e+02
1.308000000000000000e+03
7.830000000000000000e+02
6.200000000000000000e+02
7.720000000000000000e+02
5.700000000000000000e+02
4.880000000000000000e+02
1.689000000000000000e+03
1.020000000000000000e+02
2.198000000000000000e+03
9.740000000000000000e+02
1.080000000000000000e+02
9.240000000000000000e+02
5.560000000000000000e+02
9.330000000000000000e+02
8.380000000000000000e+02
1.050000000000000000e+02
4.500000000000000000e+01
1.805000000000000000e+03
5.420000000000000000e+02
1.034000000000000000e+03
8.950000000000000000e+02
8.120000000000000000e+02
5.880000000000000000e+02
6.100000000000000000e+02
9.210000000000000000e+02
1.408000000000000000e+03
4.910000000000000000e+02
1.070000000000000000e+02
9.200000000000000000e+02
7.180000000000000000e+02
1.235000000000000000e+03
1.369000000000000000e+03
8.630000000000000000e+02
8.280000000000000000e+02
4.560000000000000000e+02
5.680000000000000000e+02
5.550000000000000000e+02
8.390000000000000000e+02
1.043000000000000000e+03
1.690000000000000000e+03
5.570000000000000000e+02
6.980000000000000000e+02
1.179000000000000000e+03
6.060000000000000000e+02
