6.270000000000000000e+02
8.000000000000000000e+02
4.880000000000000000e+02
8.200000000000000000e+01
2.880000000000000000e+02
7.650000000000000000e+02
9.820000000000000000e+02
3.080000000000000000e+02
1.580000000000000000e+02
3.800000000000000000e+02
4.160000000000000000e+02
5.270000000000000000e+02
4.990000000000000000e+02
2.250000000000000000e+02
1.010000000000000000e+03
1.500000000000000000e+01
5.200000000000000000e+02
4.640000000000000000e+02
9.900000000000000000e+02
1.530000000000000000e+02
1.570000000000000000e+02
6.740000000000000000e+02
4.860000000000000000e+02
3.860000000000000000e+02
5.250000000000000000e+02
1.011000000000000000e+03
6.230000000000000000e+02
2.560000000000000000e+02
4.310000000000000000e+02
3.440000000000000000e+02
5.580000000000000000e+02
8.010000000000000000e+02
4.370000000000000000e+02
1.880000000000000000e+02
6.240000000000000000e+02
9.520000000000000000e+02
3.750000000000000000e+02
3.200000000000000000e+02
9.590000000000000000e+02
3.540000000000000000e+02
5.590000000000000000e+02
4.870000000000000000e+02
4.950000000000000000e+02
1.860000000000000000e+02
5.540000000000000000e+02
1.400000000000000000e+01
9.530000000000000000e+02
3.170000000000000000e+02
9.580000000000000000e+02
2.240000000000000000e+02
