1.120100000000000000e+04
6.030000000000000000e+03
5.610000000000000000e+02
9.078000000000000000e+03
9.052000000000000000e+03
6.298000000000000000e+03
9.477000000000000000e+03
8.658000000000000000e+03
2.192000000000000000e+03
1.311000000000000000e+03
7.003000000000000000e+03
9.919000000000000000e+03
6.701000000000000000e+03
1.124300000000000000e+04
9.406000000000000000e+03
4.800000000000000000e+01
1.083000000000000000e+04
4.625000000000000000e+03
3.674000000000000000e+03
9.491000000000000000e+03
1.231800000000000000e+04
4.824000000000000000e+03
6.554000000000000000e+03
1.235500000000000000e+04
9.250000000000000000e+02
1.050000000000000000e+02
1.223800000000000000e+04
1.124400000000000000e+04
6.598000000000000000e+03
1.214100000000000000e+04
4.180000000000000000e+02
8.154000000000000000e+03
1.088300000000000000e+04
1.025400000000000000e+04
7.650000000000000000e+03
7.100000000000000000e+01
1.177000000000000000e+03
7.413000000000000000e+03
5.793000000000000000e+03
6.580000000000000000e+02
8.820000000000000000e+03
9.848000000000000000e+03
2.601000000000000000e+03
1.250400000000000000e+04
1.131900000000000000e+04
1.057800000000000000e+04
1.087200000000000000e+04
9.129000000000000000e+03
1.270000000000000000e+03
1.151600000000000000e+04
