3.900000000000000000e+01
4.150000000000000000e+02
1.500000000000000000e+01
2.170000000000000000e+02
2.100000000000000000e+01
2.310000000000000000e+02
1.130000000000000000e+02
3.800000000000000000e+01
6.900000000000000000e+01
2.480000000000000000e+02
3.540000000000000000e+02
7.700000000000000000e+01
2.400000000000000000e+01
1.210000000000000000e+02
4.110000000000000000e+02
2.990000000000000000e+02
3.400000000000000000e+01
2.980000000000000000e+02
3.370000000000000000e+02
1.960000000000000000e+02
2.940000000000000000e+02
3.100000000000000000e+02
1.470000000000000000e+02
3.300000000000000000e+01
8.100000000000000000e+01
8.900000000000000000e+01
2.610000000000000000e+02
7.100000000000000000e+01
3.210000000000000000e+02
1.200000000000000000e+02
3.980000000000000000e+02
6.300000000000000000e+01
7.900000000000000000e+01
1.620000000000000000e+02
3.080000000000000000e+02
1.530000000000000000e+02
1.220000000000000000e+02
1.800000000000000000e+01
2.840000000000000000e+02
1.340000000000000000e+02
3.650000000000000000e+02
3.200000000000000000e+01
3.720000000000000000e+02
2.050000000000000000e+02
6.200000000000000000e+01
5.900000000000000000e+01
2.530000000000000000e+02
7.300000000000000000e+01
3.040000000000000000e+02
1.990000000000000000e+02
