1.022000000000000000e+03
3.870000000000000000e+02
1.245000000000000000e+03
9.780000000000000000e+02
8.160000000000000000e+02
7.440000000000000000e+02
2.850000000000000000e+02
7.430000000000000000e+02
1.364000000000000000e+03
5.650000000000000000e+02
8.630000000000000000e+02
1.522000000000000000e+03
1.760000000000000000e+03
8.230000000000000000e+02
1.244000000000000000e+03
8.030000000000000000e+02
6.840000000000000000e+02
1.422000000000000000e+03
2.123000000000000000e+03
2.366000000000000000e+03
8.850000000000000000e+02
3.760000000000000000e+02
1.644000000000000000e+03
2.245000000000000000e+03
9.400000000000000000e+02
3.840000000000000000e+02
1.184000000000000000e+03
1.583000000000000000e+03
2.369000000000000000e+03
1.368000000000000000e+03
4.420000000000000000e+02
1.824000000000000000e+03
8.200000000000000000e+01
1.126000000000000000e+03
8.070000000000000000e+02
1.424000000000000000e+03
8.610000000000000000e+02
1.517000000000000000e+03
2.125000000000000000e+03
1.124000000000000000e+03
2.207000000000000000e+03
1.483000000000000000e+03
1.937000000000000000e+03
1.761000000000000000e+03
9.420000000000000000e+02
2.060000000000000000e+03
8.840000000000000000e+02
8.040000000000000000e+02
8.020000000000000000e+02
1.304000000000000000e+03
