3.200000000000000000e+02
2.600000000000000000e+01
2.800000000000000000e+01
2.700000000000000000e+01
2.400000000000000000e+01
9.930000000000000000e+02
5.800000000000000000e+01
9.940000000000000000e+02
2.500000000000000000e+01
6.000000000000000000e+01
9.920000000000000000e+02
2.900000000000000000e+01
3.300000000000000000e+01
5.900000000000000000e+01
6.100000000000000000e+01
6.790000000000000000e+02
5.700000000000000000e+01
2.300000000000000000e+01
9.960000000000000000e+02
3.000000000000000000e+01
1.017000000000000000e+03
6.470000000000000000e+02
2.200000000000000000e+01
3.100000000000000000e+01
3.900000000000000000e+02
9.400000000000000000e+01
3.280000000000000000e+02
1.019000000000000000e+03
9.000000000000000000e+01
3.200000000000000000e+01
1.018000000000000000e+03
7.430000000000000000e+02
5.600000000000000000e+01
4.000000000000000000e+00
8.310000000000000000e+02
9.100000000000000000e+01
1.000000000000000000e+00
6.200000000000000000e+01
3.890000000000000000e+02
6.300000000000000000e+01
2.950000000000000000e+02
0.000000000000000000e+00
2.100000000000000000e+01
7.450000000000000000e+02
9.300000000000000000e+01
8.370000000000000000e+02
9.200000000000000000e+01
3.000000000000000000e+00
1.021000000000000000e+03
9.970000000000000000e+02
