2.430000000000000000e+02
9.214000000000000000e+03
2.190000000000000000e+02
6.427000000000000000e+03
2.532000000000000000e+03
3.256000000000000000e+03
8.326000000000000000e+03
4.054000000000000000e+03
5.004000000000000000e+03
8.377000000000000000e+03
2.037000000000000000e+03
3.751000000000000000e+03
4.350000000000000000e+02
7.520000000000000000e+02
6.163000000000000000e+03
7.211000000000000000e+03
2.261000000000000000e+03
2.880000000000000000e+02
8.322000000000000000e+03
7.860000000000000000e+03
2.636000000000000000e+03
3.982000000000000000e+03
4.197000000000000000e+03
4.152000000000000000e+03
7.074000000000000000e+03
7.219000000000000000e+03
5.399000000000000000e+03
4.643000000000000000e+03
1.054000000000000000e+03
9.134000000000000000e+03
3.447000000000000000e+03
5.780000000000000000e+02
2.183000000000000000e+03
7.836000000000000000e+03
7.747000000000000000e+03
7.334000000000000000e+03
6.439000000000000000e+03
6.522000000000000000e+03
8.926000000000000000e+03
8.935000000000000000e+03
6.210000000000000000e+02
7.259000000000000000e+03
3.809000000000000000e+03
7.318000000000000000e+03
2.203000000000000000e+03
9.454000000000000000e+03
5.119000000000000000e+03
1.857000000000000000e+03
3.652000000000000000e+03
7.760000000000000000e+02
