7.768000000000000000e+03
1.009100000000000000e+04
8.010000000000000000e+03
9.153000000000000000e+03
3.610000000000000000e+02
6.772000000000000000e+03
7.335000000000000000e+03
1.061200000000000000e+04
1.114300000000000000e+04
9.138000000000000000e+03
8.082000000000000000e+03
2.656000000000000000e+03
1.009200000000000000e+04
9.743000000000000000e+03
4.580000000000000000e+02
5.560000000000000000e+02
5.031000000000000000e+03
1.602000000000000000e+03
8.154000000000000000e+03
3.742000000000000000e+03
4.329000000000000000e+03
6.616000000000000000e+03
5.093000000000000000e+03
8.250000000000000000e+02
9.076000000000000000e+03
6.649000000000000000e+03
3.664000000000000000e+03
8.031000000000000000e+03
3.834000000000000000e+03
6.246000000000000000e+03
3.860000000000000000e+03
9.356000000000000000e+03
7.393000000000000000e+03
8.880000000000000000e+03
1.063700000000000000e+04
2.046000000000000000e+03
1.012400000000000000e+04
3.315000000000000000e+03
6.078000000000000000e+03
6.500000000000000000e+01
1.123400000000000000e+04
8.486000000000000000e+03
9.613000000000000000e+03
4.270000000000000000e+02
1.078800000000000000e+04
5.261000000000000000e+03
1.936000000000000000e+03
1.030500000000000000e+04
2.125000000000000000e+03
7.892000000000000000e+03
