2.046000000000000000e+03
6.230000000000000000e+03
1.114200000000000000e+04
9.153000000000000000e+03
9.076000000000000000e+03
7.768000000000000000e+03
1.061200000000000000e+04
3.610000000000000000e+02
6.911000000000000000e+03
1.030500000000000000e+04
8.082000000000000000e+03
6.500000000000000000e+01
9.356000000000000000e+03
7.335000000000000000e+03
7.069000000000000000e+03
3.834000000000000000e+03
5.104000000000000000e+03
6.649000000000000000e+03
6.772000000000000000e+03
1.114300000000000000e+04
7.757000000000000000e+03
8.010000000000000000e+03
6.246000000000000000e+03
6.559000000000000000e+03
8.880000000000000000e+03
4.580000000000000000e+02
1.009100000000000000e+04
9.743000000000000000e+03
9.613000000000000000e+03
3.100000000000000000e+02
6.022000000000000000e+03
1.945000000000000000e+03
5.262000000000000000e+03
3.742000000000000000e+03
6.808000000000000000e+03
5.261000000000000000e+03
3.664000000000000000e+03
8.031000000000000000e+03
6.324000000000000000e+03
6.078000000000000000e+03
4.099000000000000000e+03
3.315000000000000000e+03
9.793000000000000000e+03
8.781000000000000000e+03
4.469000000000000000e+03
7.820000000000000000e+03
3.385000000000000000e+03
5.379000000000000000e+03
8.486000000000000000e+03
1.802000000000000000e+03
