1.800000000000000000e+02
1.800000000000000000e+01
0.000000000000000000e+00
9.600000000000000000e+01
3.600000000000000000e+01
9.300000000000000000e+01
5.400000000000000000e+01
3.500000000000000000e+01
1.080000000000000000e+02
1.320000000000000000e+02
2.800000000000000000e+01
6.000000000000000000e+00
4.700000000000000000e+01
2.110000000000000000e+02
1.920000000000000000e+02
5.200000000000000000e+01
1.910000000000000000e+02
1.850000000000000000e+02
1.100000000000000000e+02
1.530000000000000000e+02
6.600000000000000000e+01
3.200000000000000000e+01
1.070000000000000000e+02
1.890000000000000000e+02
1.000000000000000000e+00
1.120000000000000000e+02
1.430000000000000000e+02
1.560000000000000000e+02
1.310000000000000000e+02
6.500000000000000000e+01
1.050000000000000000e+02
1.990000000000000000e+02
4.200000000000000000e+01
6.400000000000000000e+01
2.060000000000000000e+02
1.830000000000000000e+02
7.100000000000000000e+01
8.300000000000000000e+01
1.980000000000000000e+02
2.100000000000000000e+01
1.100000000000000000e+01
1.240000000000000000e+02
1.180000000000000000e+02
1.510000000000000000e+02
5.000000000000000000e+00
1.190000000000000000e+02
1.340000000000000000e+02
5.600000000000000000e+01
1.840000000000000000e+02
1.970000000000000000e+02
