1.870000000000000000e+03
3.817000000000000000e+03
3.790000000000000000e+02
1.978000000000000000e+03
4.240000000000000000e+03
5.540000000000000000e+02
8.500000000000000000e+01
4.369000000000000000e+03
7.380000000000000000e+02
1.597000000000000000e+03
3.399000000000000000e+03
4.345000000000000000e+03
2.534000000000000000e+03
4.419000000000000000e+03
3.614000000000000000e+03
4.020000000000000000e+03
3.337000000000000000e+03
1.500000000000000000e+02
4.279000000000000000e+03
4.030000000000000000e+03
4.156000000000000000e+03
3.384000000000000000e+03
1.503000000000000000e+03
3.600000000000000000e+01
3.930000000000000000e+02
1.194000000000000000e+03
2.617000000000000000e+03
8.310000000000000000e+02
3.610000000000000000e+03
2.858000000000000000e+03
3.992000000000000000e+03
4.000000000000000000e+03
1.000000000000000000e+02
1.325000000000000000e+03
6.190000000000000000e+02
3.434000000000000000e+03
9.680000000000000000e+02
7.290000000000000000e+02
2.975000000000000000e+03
8.640000000000000000e+02
1.329000000000000000e+03
4.009000000000000000e+03
8.900000000000000000e+01
2.425000000000000000e+03
8.840000000000000000e+02
2.403000000000000000e+03
2.770000000000000000e+02
9.990000000000000000e+02
1.845000000000000000e+03
2.499000000000000000e+03
