6.966000000000000000e+03
7.650000000000000000e+02
8.854000000000000000e+03
6.501000000000000000e+03
8.950000000000000000e+02
8.936000000000000000e+03
6.964000000000000000e+03
9.864000000000000000e+03
3.473000000000000000e+03
4.370000000000000000e+02
5.845000000000000000e+03
5.000000000000000000e+00
2.805000000000000000e+03
6.854000000000000000e+03
7.281000000000000000e+03
6.670000000000000000e+02
9.751000000000000000e+03
7.190000000000000000e+03
3.090000000000000000e+02
1.010700000000000000e+04
9.568000000000000000e+03
6.853000000000000000e+03
5.470000000000000000e+02
9.755000000000000000e+03
9.277000000000000000e+03
6.967000000000000000e+03
6.710000000000000000e+02
9.857000000000000000e+03
8.863000000000000000e+03
1.010200000000000000e+04
7.076000000000000000e+03
9.956000000000000000e+03
3.475000000000000000e+03
8.515000000000000000e+03
5.560000000000000000e+02
6.613000000000000000e+03
1.019400000000000000e+04
7.077000000000000000e+03
8.400000000000000000e+01
2.750000000000000000e+02
6.000000000000000000e+00
6.293000000000000000e+03
9.653000000000000000e+03
2.296000000000000000e+03
9.387000000000000000e+03
6.965000000000000000e+03
8.966000000000000000e+03
3.150000000000000000e+02
7.512000000000000000e+03
9.567000000000000000e+03
