[140, 662, 903, ]
[0, 70, 269, ]
[113, 394, 499, ]
[265, 402, 507, 533, ]
[23, 147, 444, 602, ]
[31, 156, 508, ]
[64, 968, ]
[10, 283, 898, ]
[32, 143, 203, ]
[167, 197, 405, ]
[92, 367, 454, ]
[747, 836, ]
[105, 128, 150, 658, 931, ]
[58, 581, 596, ]
[0, 187, 200, ]
[1, 749, 817, 820, ]
[55, 249, 372, ]
[294, 479, 807, ]
[138, 495, ]
[20, 357, 980, ]
[98, 111, 480, ]
[8, 800, ]
[109, 115, 260, 1016, ]
[385, 530, ]
[92, 466, 533, ]
[6, 123, 712, 731, ]
[532, 894, ]
[2, 85, 191, ]
[160, 384, ]
[282, 902, ]
[2, 196, 268, ]
[0, 70, 678, ]
[192, ]
[336, ]
[1, 653, 701, 928, ]
[462, 928, ]
[279, 313, ]
[0, 260, 598, ]
[0, 832, ]
[0, 151, 435, 446, ]