[36, 43, 71, 186, 225, 515, 586, ]
[6, 132, 196, 395, 453, 471, 481, 515, 519, ]
[1, 389, 495, 580, ]
[79, 187, 198, 394, 396, 456, 515, ]
[48, 260, 395, 396, 403, 462, 471, 519, ]
[1, 175, 177, 411, 415, 608, ]
[5, 78, 133, 425, 474, 513, 527, ]
[0, 1, 168, 417, 584, ]
[3, 9, 169, 215, ]
[101, 196, 211, 395, 426, 514, 548, ]
[102, 186, 393, 395, 460, 546, ]
[3, 10, 14, 135, 175, 176, ]
[16, 106, 129, 165, 202, 298, ]
[12, 76, 111, 191, 197, 371, ]
[0, 11, 144, 175, 307, 549, ]
[13, 226, 395, 401, 428, 461, 488, ]
[171, 184, 392, 393, ]
[8, 23, 205, 216, ]
[76, 106, 413, 415, 445, 491, ]
[135, 266, 361, 396, 453, 527, ]
[1, 186, 332, 456, 576, ]
[0, 229, 471, 479, 480, 523, 540, ]
[13, 17, 140, 326, 432, 582, ]
[5, 170, 411, 473, 584, ]
[21, 179, 227, 477, ]
[389, 483, 494, 580, ]