7.768000000000000000e+03
2.705000000000000000e+03
1.983000000000000000e+03
3.113000000000000000e+03
4.249000000000000000e+03
1.053600000000000000e+04
9.720000000000000000e+02
1.009100000000000000e+04
7.335000000000000000e+03
8.535000000000000000e+03
9.065000000000000000e+03
7.037000000000000000e+03
6.749000000000000000e+03
1.073200000000000000e+04
6.496000000000000000e+03
2.880000000000000000e+02
4.920000000000000000e+02
4.061000000000000000e+03
5.677000000000000000e+03
8.884000000000000000e+03
3.610000000000000000e+02
9.250000000000000000e+03
8.963000000000000000e+03
5.286000000000000000e+03
1.486000000000000000e+03
6.702000000000000000e+03
7.950000000000000000e+03
3.129000000000000000e+03
4.303000000000000000e+03
2.199000000000000000e+03
3.712000000000000000e+03
1.658000000000000000e+03
1.345000000000000000e+03
5.558000000000000000e+03
5.841000000000000000e+03
7.943000000000000000e+03
5.673000000000000000e+03
5.405000000000000000e+03
4.801000000000000000e+03
9.505000000000000000e+03
4.706000000000000000e+03
9.138000000000000000e+03
1.593000000000000000e+03
5.967000000000000000e+03
2.157000000000000000e+03
4.337000000000000000e+03
4.188000000000000000e+03
2.119000000000000000e+03
5.433000000000000000e+03
1.080500000000000000e+04
