7.076000000000000000e+03
8.168000000000000000e+03
5.201000000000000000e+03
4.682000000000000000e+03
9.169000000000000000e+03
3.013000000000000000e+03
9.400000000000000000e+02
1.511000000000000000e+03
4.197000000000000000e+03
8.050000000000000000e+03
4.640000000000000000e+03
3.936000000000000000e+03
8.388000000000000000e+03
2.567000000000000000e+03
7.653000000000000000e+03
5.090000000000000000e+02
5.210000000000000000e+03
1.262000000000000000e+03
3.969000000000000000e+03
8.193000000000000000e+03
4.221000000000000000e+03
2.742000000000000000e+03
2.790000000000000000e+03
8.893000000000000000e+03
3.151000000000000000e+03
7.612000000000000000e+03
4.529000000000000000e+03
5.205000000000000000e+03
1.029100000000000000e+04
2.520000000000000000e+03
3.995000000000000000e+03
5.787000000000000000e+03
1.867000000000000000e+03
3.500000000000000000e+01
5.426000000000000000e+03
4.347000000000000000e+03
9.238000000000000000e+03
3.405000000000000000e+03
8.380000000000000000e+03
2.481000000000000000e+03
4.020000000000000000e+02
1.041000000000000000e+03
8.055000000000000000e+03
4.421000000000000000e+03
7.878000000000000000e+03
3.968000000000000000e+03
8.498000000000000000e+03
1.512000000000000000e+03
5.234000000000000000e+03
2.928000000000000000e+03
