4.162000000000000000e+03
3.614000000000000000e+03
5.965000000000000000e+03
1.921000000000000000e+03
3.762000000000000000e+03
5.703000000000000000e+03
2.710000000000000000e+03
3.114000000000000000e+03
4.275000000000000000e+03
1.146000000000000000e+03
3.474000000000000000e+03
1.815000000000000000e+03
3.929000000000000000e+03
2.084000000000000000e+03
3.853000000000000000e+03
2.292000000000000000e+03
4.685000000000000000e+03
2.495000000000000000e+03
1.672000000000000000e+03
4.283000000000000000e+03
3.271000000000000000e+03
2.876000000000000000e+03
4.842000000000000000e+03
3.660000000000000000e+03
2.447000000000000000e+03
2.400000000000000000e+03
2.684000000000000000e+03
3.020000000000000000e+03
4.959000000000000000e+03
2.697000000000000000e+03
3.083000000000000000e+03
2.585000000000000000e+03
3.799000000000000000e+03
1.869000000000000000e+03
5.054000000000000000e+03
4.212000000000000000e+03
1.774000000000000000e+03
2.677000000000000000e+03
1.879000000000000000e+03
2.107000000000000000e+03
5.161000000000000000e+03
2.407000000000000000e+03
1.938000000000000000e+03
3.044000000000000000e+03
1.127000000000000000e+03
4.043000000000000000e+03
2.908000000000000000e+03
3.378000000000000000e+03
4.338000000000000000e+03
4.207000000000000000e+03
