2.585000000000000000e+03
5.161000000000000000e+03
3.114000000000000000e+03
3.419000000000000000e+03
2.890000000000000000e+03
1.815000000000000000e+03
1.602000000000000000e+03
2.266000000000000000e+03
5.078000000000000000e+03
4.052000000000000000e+03
4.598000000000000000e+03
1.879000000000000000e+03
4.237000000000000000e+03
2.107000000000000000e+03
3.876000000000000000e+03
4.959000000000000000e+03
3.495000000000000000e+03
1.869000000000000000e+03
2.908000000000000000e+03
4.155000000000000000e+03
4.043000000000000000e+03
5.810000000000000000e+03
2.496000000000000000e+03
2.434000000000000000e+03
3.620000000000000000e+03
2.679000000000000000e+03
1.714000000000000000e+03
5.054000000000000000e+03
2.407000000000000000e+03
1.191000000000000000e+03
2.188000000000000000e+03
4.842000000000000000e+03
4.212000000000000000e+03
3.275000000000000000e+03
5.116000000000000000e+03
1.938000000000000000e+03
4.162000000000000000e+03
2.895000000000000000e+03
1.600000000000000000e+01
2.684000000000000000e+03
2.400000000000000000e+03
2.709000000000000000e+03
3.380000000000000000e+03
3.497000000000000000e+03
2.677000000000000000e+03
3.762000000000000000e+03
1.921000000000000000e+03
2.655000000000000000e+03
5.556000000000000000e+03
2.349000000000000000e+03
