4.652000000000000000e+03
5.545000000000000000e+03
4.792000000000000000e+03
1.565000000000000000e+03
1.304000000000000000e+03
5.480000000000000000e+02
5.503000000000000000e+03
2.517000000000000000e+03
2.655000000000000000e+03
5.476000000000000000e+03
4.631000000000000000e+03
2.108000000000000000e+03
4.910000000000000000e+02
5.234000000000000000e+03
8.900000000000000000e+01
1.848000000000000000e+03
1.898000000000000000e+03
1.478000000000000000e+03
2.653000000000000000e+03
2.248000000000000000e+03
3.106000000000000000e+03
3.749000000000000000e+03
2.717000000000000000e+03
4.989000000000000000e+03
3.606000000000000000e+03
4.859000000000000000e+03
2.933000000000000000e+03
2.360000000000000000e+03
2.433000000000000000e+03
1.625000000000000000e+03
4.061000000000000000e+03
8.810000000000000000e+02
4.184000000000000000e+03
8.510000000000000000e+02
2.497000000000000000e+03
5.313000000000000000e+03
4.290000000000000000e+02
3.191000000000000000e+03
1.305000000000000000e+03
1.789000000000000000e+03
1.116000000000000000e+03
2.967000000000000000e+03
2.518000000000000000e+03
4.363000000000000000e+03
4.890000000000000000e+02
2.570000000000000000e+03
4.084000000000000000e+03
4.469000000000000000e+03
8.030000000000000000e+02
1.310000000000000000e+03
