9.020000000000000000e+02
8.860000000000000000e+02
9.780000000000000000e+02
7.440000000000000000e+02
4.860000000000000000e+02
1.499000000000000000e+03
1.760000000000000000e+03
8.630000000000000000e+02
1.383000000000000000e+03
1.582000000000000000e+03
1.517000000000000000e+03
8.230000000000000000e+02
1.938000000000000000e+03
1.245000000000000000e+03
1.194000000000000000e+03
1.522000000000000000e+03
7.970000000000000000e+02
6.840000000000000000e+02
1.263000000000000000e+03
2.364000000000000000e+03
2.337000000000000000e+03
1.928000000000000000e+03
8.020000000000000000e+02
1.422000000000000000e+03
5.360000000000000000e+02
1.761000000000000000e+03
1.672000000000000000e+03
2.057000000000000000e+03
8.420000000000000000e+02
4.960000000000000000e+02
1.644000000000000000e+03
1.077000000000000000e+03
7.430000000000000000e+02
2.154000000000000000e+03
1.878000000000000000e+03
4.250000000000000000e+02
1.458000000000000000e+03
2.366000000000000000e+03
1.125000000000000000e+03
8.030000000000000000e+02
6.630000000000000000e+02
2.339000000000000000e+03
1.131000000000000000e+03
1.700000000000000000e+03
2.056000000000000000e+03
1.443000000000000000e+03
1.643000000000000000e+03
1.867000000000000000e+03
1.584000000000000000e+03
1.617000000000000000e+03
