6.270000000000000000e+02
8.100000000000000000e+01
5.270000000000000000e+02
1.580000000000000000e+02
4.540000000000000000e+02
9.810000000000000000e+02
2.250000000000000000e+02
5.540000000000000000e+02
6.740000000000000000e+02
9.590000000000000000e+02
7.100000000000000000e+01
4.970000000000000000e+02
3.750000000000000000e+02
7.650000000000000000e+02
4.310000000000000000e+02
7.040000000000000000e+02
4.870000000000000000e+02
1.880000000000000000e+02
1.011000000000000000e+03
2.880000000000000000e+02
6.230000000000000000e+02
5.250000000000000000e+02
3.540000000000000000e+02
9.900000000000000000e+02
1.500000000000000000e+01
3.450000000000000000e+02
5.580000000000000000e+02
9.540000000000000000e+02
4.670000000000000000e+02
1.530000000000000000e+02
4.640000000000000000e+02
1.570000000000000000e+02
8.010000000000000000e+02
2.240000000000000000e+02
5.840000000000000000e+02
5.210000000000000000e+02
3.860000000000000000e+02
9.520000000000000000e+02
4.950000000000000000e+02
9.580000000000000000e+02
4.880000000000000000e+02
9.670000000000000000e+02
5.910000000000000000e+02
5.300000000000000000e+02
9.700000000000000000e+01
3.760000000000000000e+02
1.010000000000000000e+03
3.210000000000000000e+02
1.400000000000000000e+01
7.340000000000000000e+02
