7.768000000000000000e+03
3.113000000000000000e+03
3.791000000000000000e+03
2.465000000000000000e+03
8.963000000000000000e+03
3.610000000000000000e+02
7.335000000000000000e+03
9.840000000000000000e+02
9.558000000000000000e+03
5.255000000000000000e+03
4.441000000000000000e+03
5.449000000000000000e+03
2.199000000000000000e+03
3.881000000000000000e+03
9.882000000000000000e+03
1.009200000000000000e+04
7.144000000000000000e+03
2.630000000000000000e+02
9.525000000000000000e+03
1.019500000000000000e+04
9.153000000000000000e+03
4.920000000000000000e+02
6.500000000000000000e+01
1.054700000000000000e+04
9.250000000000000000e+03
5.887000000000000000e+03
9.613000000000000000e+03
1.148000000000000000e+03
1.039100000000000000e+04
6.217000000000000000e+03
1.597000000000000000e+03
4.338000000000000000e+03
6.837000000000000000e+03
1.065100000000000000e+04
6.009000000000000000e+03
8.759000000000000000e+03
3.044000000000000000e+03
9.214000000000000000e+03
4.051000000000000000e+03
9.862000000000000000e+03
7.420000000000000000e+03
8.814000000000000000e+03
1.098700000000000000e+04
9.138000000000000000e+03
8.199000000000000000e+03
1.052800000000000000e+04
8.950000000000000000e+03
6.107000000000000000e+03
3.697000000000000000e+03
8.021000000000000000e+03
