1.870000000000000000e+03
9.750000000000000000e+02
3.729000000000000000e+03
1.868000000000000000e+03
1.230000000000000000e+03
4.251000000000000000e+03
3.759000000000000000e+03
1.758000000000000000e+03
3.786000000000000000e+03
2.847000000000000000e+03
4.308000000000000000e+03
1.549000000000000000e+03
1.075000000000000000e+03
2.554000000000000000e+03
2.237000000000000000e+03
3.859000000000000000e+03
1.290000000000000000e+02
3.902000000000000000e+03
1.451000000000000000e+03
2.801000000000000000e+03
9.620000000000000000e+02
3.775000000000000000e+03
6.970000000000000000e+02
4.230000000000000000e+03
3.975000000000000000e+03
3.280000000000000000e+02
1.318000000000000000e+03
1.650000000000000000e+03
4.200000000000000000e+01
3.993000000000000000e+03
2.941000000000000000e+03
3.640000000000000000e+02
1.857000000000000000e+03
5.150000000000000000e+02
3.014000000000000000e+03
1.606000000000000000e+03
1.694000000000000000e+03
1.410000000000000000e+03
2.797000000000000000e+03
2.172000000000000000e+03
2.584000000000000000e+03
2.502000000000000000e+03
2.618000000000000000e+03
2.748000000000000000e+03
2.933000000000000000e+03
4.432000000000000000e+03
9.840000000000000000e+02
3.033000000000000000e+03
1.286000000000000000e+03
3.912000000000000000e+03
