1.870000000000000000e+03
3.817000000000000000e+03
2.446000000000000000e+03
2.172000000000000000e+03
3.912000000000000000e+03
2.761000000000000000e+03
1.920000000000000000e+03
3.077000000000000000e+03
2.373000000000000000e+03
3.786000000000000000e+03
3.410000000000000000e+02
2.155000000000000000e+03
3.423000000000000000e+03
4.432000000000000000e+03
3.770000000000000000e+02
2.711000000000000000e+03
1.857000000000000000e+03
1.405000000000000000e+03
1.290000000000000000e+02
1.544000000000000000e+03
3.454000000000000000e+03
3.158000000000000000e+03
3.521000000000000000e+03
1.650000000000000000e+03
4.199000000000000000e+03
1.318000000000000000e+03
2.801000000000000000e+03
2.847000000000000000e+03
1.075000000000000000e+03
3.759000000000000000e+03
1.094000000000000000e+03
1.410000000000000000e+03
2.165000000000000000e+03
3.902000000000000000e+03
3.123000000000000000e+03
9.680000000000000000e+02
3.775000000000000000e+03
3.975000000000000000e+03
2.554000000000000000e+03
1.025000000000000000e+03
1.929000000000000000e+03
9.950000000000000000e+02
2.584000000000000000e+03
9.620000000000000000e+02
2.670000000000000000e+03
1.199000000000000000e+03
1.055000000000000000e+03
2.910000000000000000e+02
5.190000000000000000e+02
2.236000000000000000e+03
