1.870000000000000000e+03
3.884000000000000000e+03
3.386000000000000000e+03
1.694000000000000000e+03
2.041000000000000000e+03
1.014000000000000000e+03
1.839000000000000000e+03
8.230000000000000000e+02
1.498000000000000000e+03
2.801000000000000000e+03
3.897000000000000000e+03
3.729000000000000000e+03
1.290000000000000000e+02
3.602000000000000000e+03
3.454000000000000000e+03
1.043000000000000000e+03
2.800000000000000000e+01
1.464000000000000000e+03
4.011000000000000000e+03
4.129000000000000000e+03
3.786000000000000000e+03
2.847000000000000000e+03
3.521000000000000000e+03
2.797000000000000000e+03
3.400000000000000000e+02
1.318000000000000000e+03
1.714000000000000000e+03
1.405000000000000000e+03
3.476000000000000000e+03
2.991000000000000000e+03
3.912000000000000000e+03
4.156000000000000000e+03
3.033000000000000000e+03
2.554000000000000000e+03
2.274000000000000000e+03
4.046000000000000000e+03
2.517000000000000000e+03
2.203000000000000000e+03
1.053000000000000000e+03
1.650000000000000000e+03
1.230000000000000000e+03
1.075000000000000000e+03
1.410000000000000000e+03
3.775000000000000000e+03
4.199000000000000000e+03
2.941000000000000000e+03
7.550000000000000000e+02
3.111000000000000000e+03
9.620000000000000000e+02
4.560000000000000000e+02
