1.050000000000000000e+02
5.830000000000000000e+02
9.000000000000000000e+00
2.140000000000000000e+02
1.720000000000000000e+02
1.660000000000000000e+02
3.950000000000000000e+02
4.730000000000000000e+02
7.300000000000000000e+01
1.780000000000000000e+02
4.710000000000000000e+02
1.600000000000000000e+01
5.140000000000000000e+02
2.130000000000000000e+02
1.340000000000000000e+02
1.100000000000000000e+02
5.890000000000000000e+02
8.000000000000000000e+00
3.940000000000000000e+02
1.060000000000000000e+02
3.960000000000000000e+02
4.800000000000000000e+01
2.150000000000000000e+02
1.390000000000000000e+02
5.170000000000000000e+02
5.760000000000000000e+02
7.100000000000000000e+01
1.430000000000000000e+02
1.500000000000000000e+01
1.850000000000000000e+02
1.040000000000000000e+02
5.450000000000000000e+02
1.000000000000000000e+01
1.800000000000000000e+02
1.070000000000000000e+02
5.480000000000000000e+02
8.100000000000000000e+01
1.730000000000000000e+02
5.130000000000000000e+02
4.100000000000000000e+01
1.840000000000000000e+02
1.380000000000000000e+02
4.790000000000000000e+02
1.790000000000000000e+02
1.020000000000000000e+02
5.160000000000000000e+02
1.700000000000000000e+01
1.670000000000000000e+02
5.900000000000000000e+02
1.110000000000000000e+02
