7.076000000000000000e+03
4.350000000000000000e+02
6.051000000000000000e+03
3.135000000000000000e+03
9.290000000000000000e+02
8.950000000000000000e+02
2.296000000000000000e+03
9.506000000000000000e+03
6.851000000000000000e+03
5.201000000000000000e+03
2.485000000000000000e+03
8.392000000000000000e+03
2.790000000000000000e+03
4.198000000000000000e+03
3.969000000000000000e+03
1.511000000000000000e+03
1.262000000000000000e+03
8.055000000000000000e+03
4.528000000000000000e+03
7.878000000000000000e+03
8.380000000000000000e+03
4.309000000000000000e+03
2.481000000000000000e+03
3.013000000000000000e+03
5.871000000000000000e+03
1.287000000000000000e+03
1.042000000000000000e+03
3.936000000000000000e+03
9.391000000000000000e+03
4.529000000000000000e+03
1.271000000000000000e+03
5.426000000000000000e+03
8.646000000000000000e+03
9.238000000000000000e+03
1.009800000000000000e+04
1.029100000000000000e+04
6.240000000000000000e+02
8.019000000000000000e+03
8.605000000000000000e+03
4.640000000000000000e+03
1.866000000000000000e+03
2.567000000000000000e+03
3.149000000000000000e+03
8.056000000000000000e+03
1.269000000000000000e+03
2.792000000000000000e+03
7.531000000000000000e+03
4.496000000000000000e+03
8.049000000000000000e+03
9.410000000000000000e+02
