1.520000000000000000e+02
5.600000000000000000e+01
2.140000000000000000e+02
6.700000000000000000e+01
1.370000000000000000e+02
9.500000000000000000e+01
7.100000000000000000e+01
1.680000000000000000e+02
1.420000000000000000e+02
1.220000000000000000e+02
2.130000000000000000e+02
5.700000000000000000e+01
1.670000000000000000e+02
1.270000000000000000e+02
9.600000000000000000e+01
1.070000000000000000e+02
2.300000000000000000e+02
7.200000000000000000e+01
1.380000000000000000e+02
6.800000000000000000e+01
1.980000000000000000e+02
1.560000000000000000e+02
1.530000000000000000e+02
8.200000000000000000e+01
4.700000000000000000e+01
1.130000000000000000e+02
1.080000000000000000e+02
2.290000000000000000e+02
8.600000000000000000e+01
8.100000000000000000e+01
1.230000000000000000e+02
1.410000000000000000e+02
1.830000000000000000e+02
4.100000000000000000e+01
1.280000000000000000e+02
2.310000000000000000e+02
1.470000000000000000e+02
6.200000000000000000e+01
1.510000000000000000e+02
5.800000000000000000e+01
1.100000000000000000e+02
5.300000000000000000e+01
1.660000000000000000e+02
2.150000000000000000e+02
5.500000000000000000e+01
1.690000000000000000e+02
1.090000000000000000e+02
3.200000000000000000e+01
1.770000000000000000e+02
8.700000000000000000e+01
