1.815000000000000000e+03
4.842000000000000000e+03
1.516000000000000000e+03
2.188000000000000000e+03
4.107000000000000000e+03
2.798000000000000000e+03
3.083000000000000000e+03
2.710000000000000000e+03
1.836000000000000000e+03
2.766000000000000000e+03
3.903000000000000000e+03
4.959000000000000000e+03
1.948000000000000000e+03
3.947000000000000000e+03
2.587000000000000000e+03
2.400000000000000000e+03
3.648000000000000000e+03
2.084000000000000000e+03
2.850000000000000000e+02
3.474000000000000000e+03
3.070000000000000000e+02
2.585000000000000000e+03
3.114000000000000000e+03
4.522000000000000000e+03
4.646000000000000000e+03
2.690000000000000000e+03
4.155000000000000000e+03
1.664000000000000000e+03
4.203000000000000000e+03
5.840000000000000000e+02
3.762000000000000000e+03
4.942000000000000000e+03
5.703000000000000000e+03
2.679000000000000000e+03
4.685000000000000000e+03
2.965000000000000000e+03
3.410000000000000000e+02
3.044000000000000000e+03
3.668000000000000000e+03
3.514000000000000000e+03
3.660000000000000000e+03
3.358000000000000000e+03
1.560000000000000000e+02
4.967000000000000000e+03
2.816000000000000000e+03
6.880000000000000000e+02
4.034000000000000000e+03
4.832000000000000000e+03
3.724000000000000000e+03
4.212000000000000000e+03
