2.585000000000000000e+03
4.532000000000000000e+03
4.155000000000000000e+03
2.965000000000000000e+03
6.880000000000000000e+02
2.710000000000000000e+03
3.044000000000000000e+03
4.552000000000000000e+03
2.679000000000000000e+03
3.648000000000000000e+03
1.470000000000000000e+02
1.815000000000000000e+03
3.845000000000000000e+03
5.703000000000000000e+03
1.867000000000000000e+03
2.188000000000000000e+03
3.668000000000000000e+03
3.358000000000000000e+03
9.700000000000000000e+02
2.372000000000000000e+03
2.690000000000000000e+03
4.959000000000000000e+03
1.948000000000000000e+03
4.520000000000000000e+02
1.774000000000000000e+03
2.400000000000000000e+03
2.461000000000000000e+03
3.903000000000000000e+03
1.050000000000000000e+02
4.107000000000000000e+03
4.237000000000000000e+03
4.880000000000000000e+03
4.842000000000000000e+03
9.100000000000000000e+02
1.620000000000000000e+03
4.860000000000000000e+03
4.085000000000000000e+03
4.162000000000000000e+03
5.471000000000000000e+03
4.203000000000000000e+03
3.786000000000000000e+03
3.031000000000000000e+03
3.070000000000000000e+02
4.034000000000000000e+03
2.084000000000000000e+03
5.666000000000000000e+03
4.646000000000000000e+03
3.762000000000000000e+03
3.919000000000000000e+03
4.522000000000000000e+03
