2.585000000000000000e+03
3.999000000000000000e+03
5.915000000000000000e+03
1.815000000000000000e+03
3.947000000000000000e+03
3.660000000000000000e+03
4.842000000000000000e+03
1.640000000000000000e+02
1.921000000000000000e+03
3.514000000000000000e+03
1.322000000000000000e+03
3.358000000000000000e+03
4.203000000000000000e+03
4.107000000000000000e+03
5.703000000000000000e+03
2.188000000000000000e+03
5.387000000000000000e+03
2.710000000000000000e+03
3.724000000000000000e+03
3.993000000000000000e+03
4.162000000000000000e+03
3.038000000000000000e+03
2.816000000000000000e+03
2.400000000000000000e+03
3.648000000000000000e+03
6.990000000000000000e+02
3.903000000000000000e+03
4.685000000000000000e+03
5.679000000000000000e+03
3.077000000000000000e+03
5.840000000000000000e+02
3.845000000000000000e+03
4.832000000000000000e+03
7.160000000000000000e+02
2.697000000000000000e+03
4.646000000000000000e+03
2.180000000000000000e+03
1.971000000000000000e+03
1.948000000000000000e+03
3.023000000000000000e+03
4.959000000000000000e+03
4.852000000000000000e+03
2.084000000000000000e+03
4.237000000000000000e+03
5.183000000000000000e+03
4.522000000000000000e+03
5.543000000000000000e+03
4.155000000000000000e+03
5.666000000000000000e+03
2.679000000000000000e+03
