2.585000000000000000e+03
2.102000000000000000e+03
3.648000000000000000e+03
3.642000000000000000e+03
2.710000000000000000e+03
3.668000000000000000e+03
2.188000000000000000e+03
4.083000000000000000e+03
1.815000000000000000e+03
2.084000000000000000e+03
3.199000000000000000e+03
4.107000000000000000e+03
1.664000000000000000e+03
2.400000000000000000e+03
3.474000000000000000e+03
5.703000000000000000e+03
4.155000000000000000e+03
3.660000000000000000e+03
4.203000000000000000e+03
4.842000000000000000e+03
5.840000000000000000e+02
3.724000000000000000e+03
3.077000000000000000e+03
3.845000000000000000e+03
2.690000000000000000e+03
3.993000000000000000e+03
4.043000000000000000e+03
1.493000000000000000e+03
3.903000000000000000e+03
4.852000000000000000e+03
4.646000000000000000e+03
5.387000000000000000e+03
4.959000000000000000e+03
3.397000000000000000e+03
1.948000000000000000e+03
2.365000000000000000e+03
4.237000000000000000e+03
3.947000000000000000e+03
4.522000000000000000e+03
2.816000000000000000e+03
4.514000000000000000e+03
7.160000000000000000e+02
3.358000000000000000e+03
4.162000000000000000e+03
5.040000000000000000e+02
5.679000000000000000e+03
2.766000000000000000e+03
9.100000000000000000e+02
3.762000000000000000e+03
1.313000000000000000e+03
