4.652000000000000000e+03
1.470000000000000000e+03
2.378000000000000000e+03
2.717000000000000000e+03
4.306000000000000000e+03
4.959000000000000000e+03
3.191000000000000000e+03
4.791000000000000000e+03
2.653000000000000000e+03
2.851000000000000000e+03
1.910000000000000000e+03
5.256000000000000000e+03
2.349000000000000000e+03
1.520000000000000000e+03
8.510000000000000000e+02
4.290000000000000000e+02
4.290000000000000000e+03
3.157000000000000000e+03
5.313000000000000000e+03
2.967000000000000000e+03
3.520000000000000000e+03
5.234000000000000000e+03
2.691000000000000000e+03
8.020000000000000000e+02
1.304000000000000000e+03
2.833000000000000000e+03
1.599000000000000000e+03
2.248000000000000000e+03
2.108000000000000000e+03
8.030000000000000000e+02
2.384000000000000000e+03
1.789000000000000000e+03
4.404000000000000000e+03
2.933000000000000000e+03
8.800000000000000000e+01
1.478000000000000000e+03
1.202000000000000000e+03
4.631000000000000000e+03
4.517000000000000000e+03
1.499000000000000000e+03
4.705000000000000000e+03
9.210000000000000000e+02
2.348000000000000000e+03
3.745000000000000000e+03
4.738000000000000000e+03
1.573000000000000000e+03
5.476000000000000000e+03
7.730000000000000000e+02
4.469000000000000000e+03
2.674000000000000000e+03
