5.234000000000000000e+03
2.717000000000000000e+03
2.511000000000000000e+03
3.335000000000000000e+03
1.898000000000000000e+03
1.304000000000000000e+03
3.803000000000000000e+03
4.517000000000000000e+03
3.191000000000000000e+03
4.631000000000000000e+03
1.646000000000000000e+03
1.910000000000000000e+03
4.290000000000000000e+02
7.900000000000000000e+01
1.478000000000000000e+03
2.349000000000000000e+03
2.674000000000000000e+03
2.024000000000000000e+03
3.745000000000000000e+03
4.505000000000000000e+03
1.789000000000000000e+03
5.476000000000000000e+03
8.510000000000000000e+02
2.967000000000000000e+03
2.370000000000000000e+02
3.768000000000000000e+03
2.342000000000000000e+03
5.256000000000000000e+03
2.911000000000000000e+03
7.730000000000000000e+02
5.240000000000000000e+02
1.520000000000000000e+03
4.404000000000000000e+03
1.573000000000000000e+03
2.570000000000000000e+03
4.627000000000000000e+03
4.858000000000000000e+03
2.384000000000000000e+03
2.738000000000000000e+03
4.293000000000000000e+03
4.738000000000000000e+03
2.127000000000000000e+03
4.460000000000000000e+02
4.306000000000000000e+03
7.710000000000000000e+02
8.020000000000000000e+02
5.324000000000000000e+03
4.469000000000000000e+03
2.360000000000000000e+03
1.508000000000000000e+03
