4.652000000000000000e+03
3.086000000000000000e+03
2.717000000000000000e+03
4.306000000000000000e+03
1.920000000000000000e+03
4.282000000000000000e+03
1.470000000000000000e+03
4.631000000000000000e+03
4.290000000000000000e+02
3.191000000000000000e+03
4.290000000000000000e+03
1.910000000000000000e+03
3.803000000000000000e+03
1.898000000000000000e+03
5.256000000000000000e+03
2.152000000000000000e+03
1.520000000000000000e+03
4.404000000000000000e+03
4.858000000000000000e+03
1.573000000000000000e+03
1.789000000000000000e+03
8.510000000000000000e+02
8.800000000000000000e+01
5.234000000000000000e+03
3.324000000000000000e+03
5.535000000000000000e+03
7.900000000000000000e+01
4.517000000000000000e+03
7.730000000000000000e+02
4.768000000000000000e+03
9.210000000000000000e+02
2.518000000000000000e+03
1.499000000000000000e+03
2.967000000000000000e+03
1.202000000000000000e+03
1.478000000000000000e+03
8.020000000000000000e+02
4.469000000000000000e+03
1.304000000000000000e+03
4.286000000000000000e+03
2.710000000000000000e+03
7.710000000000000000e+02
2.348000000000000000e+03
2.384000000000000000e+03
3.606000000000000000e+03
4.249000000000000000e+03
2.108000000000000000e+03
2.360000000000000000e+03
4.293000000000000000e+03
2.342000000000000000e+03
