4.652000000000000000e+03
5.113000000000000000e+03
2.717000000000000000e+03
4.705000000000000000e+03
7.900000000000000000e+01
1.499000000000000000e+03
5.234000000000000000e+03
1.043000000000000000e+03
2.370000000000000000e+02
2.653000000000000000e+03
1.478000000000000000e+03
1.898000000000000000e+03
4.517000000000000000e+03
4.631000000000000000e+03
4.738000000000000000e+03
4.768000000000000000e+03
4.290000000000000000e+03
2.691000000000000000e+03
3.745000000000000000e+03
4.306000000000000000e+03
3.191000000000000000e+03
7.710000000000000000e+02
8.020000000000000000e+02
2.600000000000000000e+01
1.771000000000000000e+03
2.530000000000000000e+02
4.469000000000000000e+03
2.967000000000000000e+03
5.256000000000000000e+03
1.298000000000000000e+03
1.625000000000000000e+03
2.570000000000000000e+03
2.674000000000000000e+03
1.202000000000000000e+03
4.249000000000000000e+03
3.328000000000000000e+03
4.460000000000000000e+02
4.404000000000000000e+03
4.293000000000000000e+03
4.290000000000000000e+02
9.210000000000000000e+02
8.800000000000000000e+01
1.170000000000000000e+02
1.599000000000000000e+03
1.789000000000000000e+03
3.606000000000000000e+03
1.793000000000000000e+03
1.944000000000000000e+03
4.286000000000000000e+03
2.911000000000000000e+03
