9.020000000000000000e+02
1.927000000000000000e+03
1.660000000000000000e+03
2.056000000000000000e+03
1.878000000000000000e+03
1.443000000000000000e+03
1.522000000000000000e+03
1.517000000000000000e+03
1.640000000000000000e+03
2.096000000000000000e+03
1.263000000000000000e+03
1.876000000000000000e+03
2.172000000000000000e+03
2.319000000000000000e+03
1.644000000000000000e+03
1.804000000000000000e+03
1.996000000000000000e+03
1.821000000000000000e+03
1.422000000000000000e+03
2.154000000000000000e+03
1.866000000000000000e+03
1.938000000000000000e+03
1.613000000000000000e+03
2.057000000000000000e+03
2.365000000000000000e+03
1.582000000000000000e+03
1.622000000000000000e+03
2.147000000000000000e+03
1.990000000000000000e+03
1.760000000000000000e+03
1.584000000000000000e+03
1.854000000000000000e+03
1.521000000000000000e+03
1.383000000000000000e+03
1.936000000000000000e+03
2.049000000000000000e+03
1.581000000000000000e+03
2.055000000000000000e+03
1.523000000000000000e+03
1.798000000000000000e+03
1.803000000000000000e+03
1.700000000000000000e+03
8.420000000000000000e+02
1.937000000000000000e+03
2.366000000000000000e+03
2.037000000000000000e+03
1.926000000000000000e+03
1.662000000000000000e+03
1.756000000000000000e+03
1.645000000000000000e+03
