6.270000000000000000e+02
7.360000000000000000e+02
2.240000000000000000e+02
1.012000000000000000e+03
1.300000000000000000e+01
3.800000000000000000e+02
1.570000000000000000e+02
7.650000000000000000e+02
4.310000000000000000e+02
3.200000000000000000e+02
5.220000000000000000e+02
4.670000000000000000e+02
3.860000000000000000e+02
1.010000000000000000e+03
1.580000000000000000e+02
2.250000000000000000e+02
4.540000000000000000e+02
5.200000000000000000e+02
5.000000000000000000e+01
9.900000000000000000e+02
5.270000000000000000e+02
1.530000000000000000e+02
6.740000000000000000e+02
9.810000000000000000e+02
3.080000000000000000e+02
7.340000000000000000e+02
2.560000000000000000e+02
1.880000000000000000e+02
9.590000000000000000e+02
6.910000000000000000e+02
8.200000000000000000e+01
8.010000000000000000e+02
5.250000000000000000e+02
7.100000000000000000e+01
3.150000000000000000e+02
2.880000000000000000e+02
9.240000000000000000e+02
4.880000000000000000e+02
5.580000000000000000e+02
1.500000000000000000e+01
9.800000000000000000e+02
3.540000000000000000e+02
4.040000000000000000e+02
3.840000000000000000e+02
3.170000000000000000e+02
6.230000000000000000e+02
4.870000000000000000e+02
5.840000000000000000e+02
1.011000000000000000e+03
2.890000000000000000e+02
