4.800000000000000000e+02
4.030000000000000000e+02
2.250000000000000000e+02
9.820000000000000000e+02
1.580000000000000000e+02
7.650000000000000000e+02
4.880000000000000000e+02
5.270000000000000000e+02
1.010000000000000000e+03
1.870000000000000000e+02
4.540000000000000000e+02
2.560000000000000000e+02
8.010000000000000000e+02
3.860000000000000000e+02
8.200000000000000000e+01
4.670000000000000000e+02
5.220000000000000000e+02
6.230000000000000000e+02
3.200000000000000000e+02
5.580000000000000000e+02
3.080000000000000000e+02
7.340000000000000000e+02
1.570000000000000000e+02
3.760000000000000000e+02
7.040000000000000000e+02
1.300000000000000000e+01
2.240000000000000000e+02
3.800000000000000000e+02
5.210000000000000000e+02
9.800000000000000000e+02
4.310000000000000000e+02
9.900000000000000000e+02
2.570000000000000000e+02
6.740000000000000000e+02
4.860000000000000000e+02
1.400000000000000000e+01
2.940000000000000000e+02
3.210000000000000000e+02
1.011000000000000000e+03
1.880000000000000000e+02
5.250000000000000000e+02
4.970000000000000000e+02
2.880000000000000000e+02
9.520000000000000000e+02
3.180000000000000000e+02
5.200000000000000000e+02
7.100000000000000000e+01
1.530000000000000000e+02
4.990000000000000000e+02
3.540000000000000000e+02
