1.120100000000000000e+04
6.030000000000000000e+03
5.610000000000000000e+02
9.078000000000000000e+03
9.477000000000000000e+03
9.970000000000000000e+03
9.406000000000000000e+03
4.625000000000000000e+03
1.231800000000000000e+04
7.549000000000000000e+03
7.003000000000000000e+03
1.311000000000000000e+03
9.919000000000000000e+03
6.298000000000000000e+03
9.052000000000000000e+03
8.658000000000000000e+03
3.856000000000000000e+03
7.413000000000000000e+03
1.124400000000000000e+04
1.154900000000000000e+04
2.192000000000000000e+03
6.598000000000000000e+03
7.100000000000000000e+01
9.491000000000000000e+03
1.214100000000000000e+04
1.177000000000000000e+03
7.348000000000000000e+03
3.674000000000000000e+03
8.320000000000000000e+03
7.395000000000000000e+03
6.701000000000000000e+03
7.672000000000000000e+03
1.270000000000000000e+03
1.025400000000000000e+04
4.180000000000000000e+02
9.250000000000000000e+02
1.124300000000000000e+04
1.878000000000000000e+03
1.127100000000000000e+04
5.667000000000000000e+03
9.873000000000000000e+03
4.070000000000000000e+03
7.752000000000000000e+03
6.713000000000000000e+03
1.223800000000000000e+04
1.235500000000000000e+04
1.083000000000000000e+04
1.171800000000000000e+04
4.800000000000000000e+01
4.824000000000000000e+03
