1.082000000000000000e+03
1.407000000000000000e+03
7.110000000000000000e+02
4.960000000000000000e+02
7.440000000000000000e+02
1.758000000000000000e+03
5.440000000000000000e+02
1.189000000000000000e+03
1.422000000000000000e+03
1.517000000000000000e+03
1.522000000000000000e+03
1.383000000000000000e+03
2.056000000000000000e+03
1.760000000000000000e+03
7.430000000000000000e+02
7.230000000000000000e+02
5.360000000000000000e+02
8.630000000000000000e+02
7.970000000000000000e+02
2.379000000000000000e+03
1.761000000000000000e+03
1.672000000000000000e+03
4.860000000000000000e+02
2.366000000000000000e+03
8.020000000000000000e+02
1.078000000000000000e+03
2.217000000000000000e+03
1.876000000000000000e+03
1.867000000000000000e+03
1.643000000000000000e+03
6.840000000000000000e+02
8.000000000000000000e+02
9.630000000000000000e+02
1.125000000000000000e+03
1.996000000000000000e+03
1.314000000000000000e+03
1.458000000000000000e+03
1.644000000000000000e+03
1.263000000000000000e+03
8.030000000000000000e+02
2.339000000000000000e+03
1.878000000000000000e+03
1.928000000000000000e+03
1.617000000000000000e+03
6.160000000000000000e+02
2.377000000000000000e+03
1.523000000000000000e+03
8.170000000000000000e+02
6.640000000000000000e+02
1.131000000000000000e+03
