9.020000000000000000e+02
1.927000000000000000e+03
1.786000000000000000e+03
2.369000000000000000e+03
1.422000000000000000e+03
2.123000000000000000e+03
1.760000000000000000e+03
1.937000000000000000e+03
1.522000000000000000e+03
1.184000000000000000e+03
1.644000000000000000e+03
7.440000000000000000e+02
1.458000000000000000e+03
1.362000000000000000e+03
8.230000000000000000e+02
1.245000000000000000e+03
2.057000000000000000e+03
7.430000000000000000e+02
1.364000000000000000e+03
1.314000000000000000e+03
1.940000000000000000e+03
3.870000000000000000e+02
1.543000000000000000e+03
2.245000000000000000e+03
1.244000000000000000e+03
1.041000000000000000e+03
2.366000000000000000e+03
1.523000000000000000e+03
1.007000000000000000e+03
1.482000000000000000e+03
1.876000000000000000e+03
2.060000000000000000e+03
2.207000000000000000e+03
8.840000000000000000e+02
1.704000000000000000e+03
1.672000000000000000e+03
1.424000000000000000e+03
2.125000000000000000e+03
1.185000000000000000e+03
1.820000000000000000e+03
9.420000000000000000e+02
5.650000000000000000e+02
6.840000000000000000e+02
1.368000000000000000e+03
1.483000000000000000e+03
2.003000000000000000e+03
2.217000000000000000e+03
1.342000000000000000e+03
1.373000000000000000e+03
1.305000000000000000e+03
