[7, 50, 82, 125, 132, 178, 196, 210, 215, 294, 323, 358, 359, 381, 480, 516, 529, 530, 531, 539, 550, 561, 575, 607, 613, 614, 647, 667, 707, 710, 739, 753, 773, 776, 800, 807, 822, 828, 869, 901, 922, 949, 952, 996, ]
[3, 13, 62, 127, 150, 196, 202, 229, 254, 343, 359, 405, 415, 420, 436, 449, 476, 479, 484, 488, 501, 524, 525, 526, 533, 579, 598, 612, 631, 642, 650, 663, 681, 709, 711, 726, 742, 743, 744, 782, 790, 807, 808, 818, 891, 900, 905, 927, 965, 991, 995, 1015, 1023, ]
[7, 9, 33, 68, 121, 147, 242, 264, 313, 355, 357, 461, 499, 504, 519, 528, 534, 544, 549, 562, 579, 601, 631, 646, 662, 679, 742, 793, 824, 833, 834, 864, 890, 896, 922, 925, 926, 931, 960, 999, ]
[34, 67, 98, 114, 126, 131, 135, 158, 160, 161, 162, 163, 192, 193, 194, 221, 228, 278, 294, 326, 363, 387, 432, 439, 457, 471, 480, 486, 487, 500, 505, 512, 519, 526, 527, 551, 559, 566, 572, 588, 603, 616, 628, 633, 634, 635, 638, 642, 646, 710, 718, 728, 756, 801, 804, 807, 832, 871, 907, 929, 930, 931, 959, 960, 964, 965, 979, 1021, ]
[1, 2, 37, 38, 68, 178, 256, 269, 286, 287, 355, 361, 426, 438, 461, 464, 489, 493, 501, 522, 525, 526, 532, 557, 558, 563, 565, 579, 585, 593, 602, 604, 616, 623, 631, 639, 644, 661, 679, 712, 736, 741, 742, 776, 784, 797, 798, 810, 817, 824, 837, 868, 960, 963, 967, 992, 993, 1001, 1009, 1014, 1015, ]
[8, 11, 14, 24, 33, 42, 44, 62, 124, 196, 199, 287, 296, 304, 326, 335, 466, 471, 499, 520, 524, 531, 551, 567, 570, 573, 578, 590, 594, 595, 705, 709, 710, 739, 747, 779, 839, 843, 852, 943, 959, 981, 1003, 1012, ]
[11, 30, 63, 64, 93, 105, 112, 143, 149, 182, 216, 247, 260, 309, 310, 311, 314, 328, 340, 355, 376, 383, 410, 429, 442, 455, 475, 487, 548, 558, 581, 593, 605, 607, 615, 627, 631, 633, 637, 698, 699, 724, 726, 730, 741, 756, 760, 761, 762, 776, 792, 798, 827, 855, 859, 885, 886, 896, 947, 979, 1019, ]
[0, 16, 33, 36, 41, 42, 64, 76, 93, 103, 106, 164, 235, 341, 426, 433, 463, 480, 486, 518, 520, 529, 534, 536, 537, 559, 578, 585, 614, 616, 652, 660, 665, 694, 707, 739, 741, 760, 780, 803, 897, 923, 926, 950, 965, 987, 992, 1001, 1005, ]
[6, 13, 40, 50, 62, 95, 101, 161, 220, 263, 264, 301, 308, 319, 349, 373, 394, 405, 442, 456, 465, 468, 488, 519, 531, 535, 538, 546, 551, 555, 581, 597, 605, 627, 630, 661, 676, 695, 702, 720, 776, 800, 801, 805, 849, 850, 895, 904, 933, 949, 966, 976, 988, 994, ]
[0, 7, 24, 33, 46, 93, 94, 126, 149, 157, 169, 200, 234, 306, 323, 334, 355, 356, 360, 390, 422, 434, 462, 469, 493, 510, 530, 555, 587, 598, 605, 615, 621, 626, 633, 638, 647, 665, 666, 698, 726, 736, 737, 746, 776, 794, 802, 806, 819, 871, 927, 932, 934, 949, 962, 966, 998, 999, 1008, ]
[184, 249, 273, 377, 464, 469, 480, 481, 482, 498, 504, 507, 511, 513, 514, 544, 546, 570, 576, 577, 578, 608, 609, 632, 642, 672, 679, 686, 698, 770, 810, 832, 934, 1003, 1010, ]
[0, 1, 42, 48, 61, 68, 73, 76, 104, 105, 128, 133, 144, 153, 158, 190, 191, 291, 323, 361, 403, 405, 419, 463, 465, 469, 471, 472, 481, 488, 492, 521, 540, 543, 553, 563, 565, 607, 616, 623, 640, 650, 671, 674, 678, 693, 703, 712, 749, 771, 820, 872, 926, 928, 986, 1018, ]
[0, 10, 15, 68, 102, 125, 210, 224, 255, 267, 299, 300, 308, 312, 313, 332, 346, 455, 499, 531, 544, 549, 562, 563, 567, 568, 584, 594, 595, 602, 625, 626, 627, 644, 679, 733, 736, 737, 748, 760, 778, 787, 807, 835, 846, 850, 865, 928, 929, 1003, 1013, 1023, ]
[13, 33, 37, 63, 64, 66, 68, 69, 94, 95, 104, 136, 153, 205, 225, 230, 294, 318, 322, 327, 343, 352, 354, 385, 392, 427, 437, 453, 456, 476, 488, 500, 519, 526, 528, 530, 563, 566, 581, 583, 586, 588, 623, 624, 632, 637, 644, 645, 646, 647, 671, 676, 695, 709, 735, 739, 745, 752, 756, 768, 771, 772, 779, 803, 806, 867, 901, 934, 940, 961, 969, 990, 991, 1009, 1010, ]
[8, 60, 71, 84, 102, 126, 127, 157, 159, 168, 187, 188, 229, 266, 287, 295, 308, 326, 327, 328, 340, 355, 357, 380, 410, 416, 439, 471, 499, 517, 520, 529, 538, 549, 561, 613, 616, 692, 712, 727, 752, 778, 801, 850, 868, 882, 895, 986, 992, ]