[8, 28, 36, 39, 52, 71, 83, 84, 99, 106, 115, 134, 135, 149, 152, 154, 173, 181, 183, 184, 186, 203, 204, 214, 215, 228, 237, 244, 245, 256, 297, 300, 309, 335, 336, 359, 360, 361, 375, 383, 394, 395, 404, 417, 421, 429, 431, 432, 433, 436, 437, 452, 453, 515, 522, 551, 553, 554, 581, 595, 598, 604, 608, 611, ]
[1, 19, 23, 81, 101, 111, 154, 183, 185, 217, 254, 263, 293, 299, 304, 314, 331, 333, 343, 360, 362, 393, 395, 396, 422, 424, 425, 427, 429, 432, 445, 452, 453, 456, 457, 458, 459, 470, 471, 477, 479, 486, 489, 512, 519, 544, 545, 554, 555, 564, 565, 603, ]
[33, 53, 139, 185, 330, 377, 387, 389, 425, 432, 448, 481, 495, 513, 525, 531, 539, 545, 555, 559, 576, 581, 583, ]
[7, 49, 123, 168, 217, 244, 305, 331, 335, 339, 352, 360, 367, 393, 394, 396, 425, 428, 432, 435, 446, 461, 462, 470, 471, 474, 479, 499, 501, 523, 525, 533, 559, 565, 572, 579, 615, ]
[5, 14, 15, 71, 108, 112, 124, 150, 165, 171, 189, 216, 217, 228, 240, 241, 243, 253, 260, 268, 271, 273, 274, 285, 287, 303, 316, 328, 337, 359, 360, 393, 395, 415, 424, 425, 432, 434, 437, 462, 463, 466, 467, 468, 469, 471, 492, 504, 512, 561, 578, 581, 583, 603, 608, ]
[16, 77, 85, 110, 131, 135, 140, 142, 166, 169, 172, 173, 187, 199, 202, 206, 242, 323, 336, 341, 372, 378, 406, 408, 411, 414, 415, 417, 424, 441, 445, 447, 452, 473, 520, 589, 602, 605, 607, 608, 609, 610, 612, 614, ]
[38, 81, 166, 177, 184, 196, 239, 248, 263, 286, 333, 361, 362, 363, 394, 395, 413, 420, 424, 425, 426, 433, 435, 447, 473, 474, 494, 495, 496, 512, 513, 522, 524, 527, 534, 559, 560, 562, 566, 568, 582, 605, ]
[108, 118, 168, 172, 192, 201, 210, 252, 277, 301, 344, 382, 383, 384, 385, 394, 417, 418, 439, 440, 443, 445, 449, 451, 455, 471, 473, 490, 522, 581, 582, 584, 589, 600, 601, 604, 606, 609, ]
[3, 8, 9, 10, 22, 36, 41, 43, 47, 62, 68, 75, 99, 108, 144, 155, 179, 180, 192, 205, 213, 215, 233, 234, 266, 333, 338, 347, 355, 373, 429, 432, 434, 437, 443, 485, 500, 581, 588, 596, ]
[3, 19, 39, 49, 66, 79, 101, 114, 132, 135, 146, 147, 180, 192, 200, 213, 214, 217, 237, 259, 292, 307, 331, 334, 335, 340, 362, 375, 394, 395, 416, 426, 427, 434, 436, 457, 461, 480, 481, 488, 494, 495, 500, 501, 512, 513, 517, 526, 527, 530, 531, 537, 553, 558, 559, 576, 583, 601, ]
[21, 49, 50, 72, 82, 83, 98, 115, 116, 138, 147, 148, 171, 182, 199, 205, 214, 215, 252, 308, 334, 339, 364, 393, 394, 395, 396, 416, 424, 425, 426, 429, 447, 458, 460, 461, 474, 475, 480, 488, 495, 498, 500, 502, 524, 525, 554, 555, 577, 583, 599, 609, ]
[15, 16, 45, 46, 56, 72, 102, 104, 114, 130, 133, 134, 135, 143, 165, 166, 167, 172, 177, 182, 196, 210, 211, 214, 215, 216, 239, 258, 286, 305, 336, 366, 393, 407, 408, 416, 428, 429, 433, 552, 553, 582, 589, 590, 594, 607, ]
[18, 24, 37, 71, 77, 78, 128, 129, 145, 161, 162, 164, 165, 171, 212, 214, 237, 275, 286, 294, 296, 298, 299, 310, 328, 333, 345, 370, 371, 372, 373, 394, 415, 435, 436, 471, 473, 492, 522, 524, 588, 590, 591, 592, 605, ]
[51, 69, 79, 80, 82, 157, 160, 161, 162, 165, 175, 181, 189, 190, 206, 208, 213, 245, 248, 281, 295, 302, 303, 309, 333, 346, 361, 367, 371, 372, 373, 394, 417, 423, 425, 426, 431, 434, 435, 436, 473, 479, 522, 556, 591, 592, 593, 605, ]
[2, 9, 25, 41, 48, 68, 99, 100, 131, 132, 134, 163, 164, 166, 175, 180, 198, 203, 210, 217, 227, 229, 232, 233, 234, 261, 265, 305, 307, 311, 335, 360, 372, 375, 398, 407, 408, 409, 411, 414, 427, 431, 433, 461, 475, 477, 496, 517, 549, 582, 588, ]
[13, 22, 37, 70, 79, 81, 103, 113, 133, 137, 143, 153, 154, 165, 166, 185, 189, 214, 215, 237, 241, 253, 257, 266, 272, 279, 281, 302, 304, 327, 328, 330, 343, 391, 394, 395, 397, 418, 426, 427, 429, 446, 448, 470, 471, 474, 480, 481, 488, 489, 490, 491, 492, 493, 508, 511, 524, 530, 532, 538, 540, 542, 550, 560, 561, 563, 567, 577, 581, 601, ]
[51, 78, 98, 99, 101, 122, 150, 163, 182, 184, 185, 197, 200, 202, 214, 215, 217, 219, 227, 240, 261, 264, 332, 339, 358, 361, 392, 393, 394, 407, 408, 411, 423, 434, 444, 447, 477, 481, 488, 499, 511, 513, 520, 526, 527, 529, 531, 532, 537, 558, 560, 577, 581, 582, 583, 590, 602, ]
[2, 7, 8, 36, 48, 87, 95, 98, 106, 171, 172, 173, 183, 205, 215, 232, 264, 309, 335, 363, 375, 411, 422, 425, 435, 438, 444, 447, 471, 555, 561, 564, 581, 592, 607, ]
[27, 79, 130, 166, 172, 179, 223, 259, 333, 340, 377, 408, 410, 412, 413, 414, 415, 434, 442, 447, 496, 597, 601, 605, ]
[59, 60, 81, 133, 171, 216, 257, 272, 330, 331, 345, 354, 361, 394, 399, 424, 425, 426, 428, 432, 469, 470, 474, 480, 486, 487, 488, 492, 493, 494, 495, 496, 502, 505, 510, 513, 527, 533, 534, 561, 565, 569, 576, 581, 596, 612, ]
[8, 12, 15, 50, 72, 99, 130, 162, 182, 183, 199, 200, 214, 216, 217, 218, 228, 249, 262, 286, 331, 332, 333, 358, 368, 371, 375, 391, 407, 408, 409, 410, 428, 430, 452, 453, 461, 471, 477, 479, 480, 512, 555, 576, 577, 589, ]
[37, 51, 89, 109, 169, 173, 182, 186, 190, 198, 202, 209, 218, 233, 249, 250, 256, 294, 360, 361, 362, 371, 390, 418, 425, 426, 454, 455, 459, 461, 471, 474, 479, 480, 481, 519, 532, 551, 552, 553, 567, 571, 576, 581, 590, 607, ]
[3, 10, 49, 66, 67, 135, 172, 198, 202, 203, 214, 227, 251, 254, 259, 291, 314, 323, 324, 325, 326, 334, 356, 367, 394, 399, 408, 411, 414, 431, 432, 433, 434, 435, 475, 485, 499, 500, 501, 525, 545, 572, 582, 584, 585, 586, 590, 598, 608, ]
[48, 130, 165, 166, 170, 207, 208, 210, 213, 217, 234, 238, 248, 303, 307, 336, 349, 361, 376, 407, 410, 418, 436, 439, 440, 447, 448, 473, 479, 521, 551, 560, 581, 582, 584, 585, 598, 600, 602, ]
[3, 19, 20, 22, 31, 72, 99, 103, 112, 134, 140, 162, 178, 212, 215, 227, 240, 245, 250, 255, 258, 276, 278, 281, 336, 364, 369, 395, 396, 397, 416, 427, 428, 432, 461, 474, 475, 479, 498, 512, 545, 562, 576, ]
[17, 156, 224, 322, 346, 390, 416, 422, 427, 428, 433, 471, 479, 485, 489, 495, 496, 516, 523, 529, 531, 541, 547, 556, 559, 560, 570, 571, 573, 576, 577, 578, 580, 602, 608, ]