[140, 162, 196, 208, 253, 262, 296, 310, 324, 329, 358, 360, 394, 425, 427, 436, 452, 455, 469, 489, 492, 496, 519, 521, 526, 530, 532, 533, 534, 538, 551, 563, 575, 600, 605, 647, 662, 680, 694, 741, 743, 744, 756, 759, 767, 779, 789, 804, 809, 827, 839, 840, 871, 903, 937, 1020, ]
[0, 1, 27, 41, 42, 54, 64, 70, 100, 103, 108, 112, 134, 136, 146, 156, 157, 169, 171, 196, 199, 200, 216, 223, 233, 240, 243, 261, 268, 269, 281, 286, 296, 297, 305, 315, 319, 331, 333, 335, 342, 371, 373, 392, 421, 426, 435, 455, 461, 466, 468, 475, 476, 477, 484, 487, 492, 496, 500, 504, 519, 520, 530, 535, 539, 550, 555, 570, 584, 596, 611, 612, 620, 627, 640, 647, 657, 661, 665, 679, 683, 687, 702, 707, 710, 711, 713, 718, 719, 740, 743, 757, 776, 777, 780, 799, 806, 840, 863, 869, 893, 899, 912, 930, 933, 968, 992, 1003, 1007, 1012, 1019, ]
[0, 11, 18, 20, 62, 87, 101, 116, 117, 127, 133, 137, 138, 148, 157, 169, 186, 192, 198, 201, 229, 265, 274, 311, 330, 331, 339, 345, 348, 362, 376, 378, 390, 394, 405, 429, 435, 456, 457, 475, 478, 487, 490, 494, 499, 500, 516, 532, 536, 537, 557, 570, 586, 597, 658, 677, 678, 688, 704, 710, 760, 775, 808, 815, 834, 836, 841, 859, 892, 901, 904, 920, 963, ]
[9, 27, 60, 63, 76, 100, 127, 137, 165, 167, 169, 201, 209, 214, 224, 232, 265, 299, 311, 325, 347, 355, 358, 373, 389, 402, 403, 406, 423, 437, 441, 455, 456, 464, 466, 468, 469, 480, 486, 501, 507, 529, 531, 533, 538, 551, 565, 582, 595, 601, 608, 634, 654, 658, 662, 677, 728, 739, 743, 757, 772, 775, 776, 778, 825, 837, 873, 895, 903, 904, 926, 959, 967, 983, 988, 993, 1002, 1021, ]
[21, 22, 23, 25, 31, 65, 95, 115, 132, 147, 169, 178, 185, 190, 197, 200, 208, 226, 238, 244, 250, 260, 264, 293, 296, 312, 333, 341, 377, 379, 404, 406, 408, 411, 419, 422, 457, 475, 503, 506, 510, 532, 538, 539, 540, 568, 571, 583, 590, 591, 598, 602, 622, 633, 658, 659, 678, 680, 700, 741, 757, 776, 807, 808, 853, 891, 928, 956, 1022, ]
[8, 13, 23, 24, 25, 26, 28, 29, 31, 63, 73, 95, 103, 138, 161, 164, 168, 169, 190, 200, 232, 233, 236, 239, 243, 247, 255, 286, 291, 296, 298, 313, 327, 358, 359, 372, 390, 404, 412, 424, 436, 440, 442, 452, 463, 471, 476, 504, 508, 509, 525, 526, 540, 541, 552, 559, 562, 582, 590, 600, 604, 636, 637, 646, 668, 679, 707, 714, 741, 776, 808, 839, 840, 841, 895, 925, 932, 958, 959, 987, 993, ]
[0, 1, 26, 30, 74, 75, 93, 102, 118, 133, 138, 157, 196, 231, 233, 235, 237, 287, 325, 345, 354, 368, 374, 392, 404, 408, 411, 424, 460, 507, 529, 538, 556, 557, 569, 573, 586, 587, 592, 599, 607, 621, 626, 627, 644, 649, 714, 731, 746, 753, 754, 767, 784, 805, 860, 866, 872, 895, 902, 930, 934, 935, 941, 949, 968, 973, 980, 989, 990, 992, 1004, 1005, 1006, 1018, ]
[31, 37, 57, 85, 107, 138, 165, 177, 213, 218, 229, 242, 249, 252, 259, 282, 283, 312, 313, 314, 315, 316, 325, 332, 336, 339, 359, 390, 393, 396, 398, 400, 401, 403, 404, 420, 427, 434, 435, 440, 456, 461, 491, 492, 493, 495, 497, 519, 564, 569, 600, 623, 638, 651, 658, 727, 771, 776, 807, 864, 866, 898, 903, 960, 963, ]
[20, 28, 30, 61, 70, 78, 95, 118, 124, 142, 143, 161, 167, 168, 169, 178, 195, 203, 207, 229, 234, 279, 286, 292, 296, 299, 308, 319, 329, 346, 365, 369, 374, 389, 411, 420, 466, 470, 485, 497, 499, 519, 581, 598, 600, 601, 616, 646, 663, 676, 708, 754, 760, 762, 769, 778, 803, 841, 847, 869, 873, 888, 895, 904, 937, 958, 964, 966, 967, 1006, 1014, 1020, ]
[17, 42, 57, 64, 127, 132, 136, 137, 174, 176, 182, 196, 197, 209, 231, 234, 296, 304, 345, 375, 388, 396, 403, 405, 410, 415, 423, 424, 462, 464, 467, 490, 498, 504, 507, 509, 527, 543, 583, 630, 710, 778, 791, 808, 814, 838, 872, 927, 987, 1011, ]
[1, 5, 10, 14, 23, 27, 36, 65, 74, 105, 124, 131, 152, 164, 169, 177, 184, 201, 204, 213, 222, 223, 234, 274, 277, 297, 298, 303, 334, 335, 367, 373, 376, 383, 398, 413, 425, 437, 438, 439, 447, 453, 454, 456, 464, 466, 485, 487, 488, 489, 505, 509, 519, 521, 533, 543, 547, 550, 555, 558, 563, 564, 575, 584, 594, 595, 597, 598, 604, 614, 625, 631, 644, 653, 654, 656, 664, 681, 682, 683, 714, 729, 734, 737, 739, 744, 750, 757, 774, 776, 799, 824, 840, 844, 846, 848, 858, 868, 883, 901, 924, 954, 963, 979, 991, 1018, 1022, ]
[9, 16, 23, 30, 31, 33, 57, 73, 100, 110, 128, 135, 157, 163, 164, 169, 238, 251, 260, 262, 286, 342, 346, 358, 363, 371, 377, 396, 400, 424, 433, 434, 456, 460, 467, 488, 491, 528, 559, 560, 563, 580, 624, 631, 652, 689, 742, 747, 762, 772, 803, 835, 836, 867, 868, 873, 894, 904, 931, 932, 968, 1017, ]
[8, 29, 31, 54, 70, 95, 105, 111, 140, 167, 169, 182, 191, 196, 207, 232, 244, 262, 283, 291, 293, 300, 330, 341, 365, 368, 373, 386, 393, 401, 408, 425, 429, 434, 442, 444, 465, 468, 471, 496, 508, 526, 539, 561, 590, 607, 625, 630, 632, 663, 677, 678, 704, 720, 728, 741, 754, 767, 772, 776, 778, 824, 870, 893, 931, 934, 937, 958, 969, 993, 1001, 1016, 1019, ]
[0, 11, 20, 31, 89, 94, 103, 105, 115, 127, 130, 133, 136, 188, 191, 195, 197, 200, 213, 217, 228, 230, 263, 286, 292, 302, 311, 328, 337, 350, 358, 361, 376, 392, 405, 406, 423, 428, 434, 436, 463, 473, 515, 520, 526, 530, 536, 563, 564, 581, 584, 592, 595, 596, 597, 598, 602, 611, 625, 649, 663, 664, 702, 709, 712, 745, 759, 783, 785, 790, 799, 802, 823, 838, 853, 863, 869, 872, 873, 875, 876, 900, 925, 940, 941, 973, 984, 997, 1023, ]
[2, 17, 24, 33, 44, 91, 92, 125, 131, 159, 165, 168, 169, 171, 172, 187, 193, 196, 197, 200, 206, 218, 240, 276, 278, 280, 283, 293, 295, 296, 313, 326, 329, 337, 339, 356, 357, 363, 364, 373, 375, 376, 389, 407, 410, 425, 427, 437, 438, 456, 462, 463, 477, 479, 486, 487, 492, 508, 515, 518, 521, 526, 530, 534, 559, 560, 563, 569, 583, 585, 587, 588, 589, 599, 600, 613, 626, 629, 649, 652, 678, 683, 684, 689, 695, 712, 713, 719, 731, 737, 741, 753, 767, 798, 805, 829, 830, 842, 851, 869, 871, 901, 905, 930, 958, 972, 989, 993, 998, 1014, 1018, 1019, 1020, ]
[5, 37, 41, 58, 104, 127, 132, 134, 135, 137, 201, 202, 216, 223, 228, 245, 252, 255, 265, 295, 311, 325, 338, 365, 368, 373, 374, 375, 377, 382, 393, 401, 409, 456, 501, 551, 599, 600, 603, 612, 628, 656, 681, 728, 743, 749, 762, 775, 797, 817, 820, 821, 841, 843, 852, 868, 873, 903, 928, 989, 995, 1017, ]
[7, 63, 68, 100, 136, 177, 197, 198, 213, 221, 223, 233, 235, 245, 249, 264, 277, 287, 294, 303, 318, 324, 326, 328, 341, 342, 343, 357, 371, 372, 378, 400, 412, 441, 445, 454, 459, 472, 476, 478, 495, 501, 521, 549, 564, 599, 639, 646, 651, 653, 657, 680, 682, 709, 726, 745, 770, 800, 802, 813, 868, 905, 914, 937, 965, 969, 1010, 1023, ]
[3, 25, 30, 32, 39, 70, 94, 127, 138, 145, 150, 161, 168, 207, 220, 261, 277, 283, 294, 296, 304, 306, 319, 326, 332, 351, 361, 363, 370, 377, 392, 412, 414, 437, 447, 464, 473, 479, 492, 498, 529, 536, 543, 585, 595, 612, 623, 631, 643, 644, 645, 649, 661, 680, 730, 774, 800, 807, 829, 830, 833, 847, 853, 875, 892, 902, 921, 933, 962, 964, 974, 988, 992, 993, 1023, ]
[11, 12, 25, 28, 30, 57, 69, 93, 95, 100, 103, 106, 131, 133, 135, 138, 139, 152, 165, 170, 191, 196, 200, 203, 221, 228, 233, 283, 287, 293, 296, 299, 313, 328, 337, 344, 357, 365, 388, 392, 393, 396, 401, 402, 404, 406, 407, 420, 428, 429, 455, 457, 458, 462, 463, 464, 475, 483, 495, 512, 514, 519, 523, 524, 526, 528, 530, 531, 532, 534, 538, 550, 552, 555, 588, 592, 593, 595, 598, 601, 616, 619, 632, 647, 667, 680, 682, 683, 691, 697, 709, 710, 711, 712, 745, 750, 759, 776, 785, 807, 809, 831, 868, 872, 895, 906, 929, 942, 959, 960, 987, 991, 999, 1009, 1016, 1018, 1021, ]
[6, 27, 31, 45, 67, 90, 94, 101, 106, 112, 141, 147, 165, 190, 197, 202, 229, 247, 261, 281, 290, 293, 312, 325, 341, 351, 356, 357, 376, 400, 401, 406, 426, 434, 435, 439, 453, 455, 460, 465, 466, 476, 486, 488, 497, 498, 500, 524, 558, 559, 560, 585, 613, 616, 693, 696, 709, 712, 713, 775, 776, 798, 817, 862, 872, 903, 907, 932, 953, 1004, 1020, ]
[6, 11, 23, 28, 68, 80, 93, 97, 98, 111, 112, 125, 130, 132, 133, 140, 168, 180, 198, 200, 202, 223, 228, 241, 246, 247, 254, 258, 264, 266, 280, 291, 293, 333, 345, 349, 351, 353, 400, 402, 405, 408, 416, 424, 430, 434, 440, 441, 442, 443, 446, 453, 480, 497, 520, 525, 528, 531, 532, 536, 572, 588, 594, 612, 616, 640, 666, 678, 695, 696, 718, 735, 743, 745, 748, 749, 750, 753, 760, 763, 804, 805, 811, 815, 830, 840, 871, 884, 901, 925, 931, 933, 934, 936, 950, 957, 960, 962, 966, 967, 969, 990, 1001, 1017, ]
[3, 18, 26, 32, 42, 58, 77, 81, 87, 103, 104, 106, 108, 129, 131, 132, 133, 134, 148, 171, 173, 186, 188, 191, 201, 202, 209, 229, 231, 235, 240, 245, 246, 258, 264, 266, 287, 289, 294, 304, 313, 316, 324, 332, 340, 344, 359, 363, 374, 389, 400, 401, 403, 411, 426, 427, 432, 435, 440, 446, 447, 456, 457, 459, 466, 473, 476, 488, 489, 491, 517, 519, 522, 528, 550, 552, 553, 562, 580, 583, 585, 590, 614, 618, 620, 622, 624, 627, 632, 636, 652, 655, 659, 667, 685, 717, 743, 750, 765, 776, 790, 800, 803, 806, 818, 831, 832, 833, 853, 865, 877, 879, 888, 894, 897, 901, 904, 915, 924, 931, 943, 953, 965, 966, 968, 978, 986, 988, 989, 992, 1002, 1005, 1021, ]
[29, 89, 95, 105, 108, 109, 117, 134, 162, 163, 168, 169, 191, 201, 202, 211, 215, 216, 228, 229, 240, 245, 260, 266, 280, 292, 324, 339, 342, 374, 375, 388, 422, 466, 476, 478, 492, 497, 505, 518, 533, 535, 563, 564, 587, 591, 597, 616, 639, 646, 663, 664, 677, 679, 698, 739, 741, 744, 783, 784, 821, 839, 872, 873, 933, 958, 969, 981, 986, 1016, ]
[23, 28, 32, 60, 63, 72, 92, 93, 94, 95, 100, 127, 227, 229, 259, 273, 277, 290, 319, 321, 332, 341, 343, 356, 364, 368, 371, 374, 375, 392, 394, 399, 432, 450, 459, 468, 472, 492, 508, 516, 520, 525, 527, 529, 530, 549, 562, 563, 564, 565, 568, 588, 598, 599, 606, 614, 624, 625, 627, 634, 644, 653, 663, 671, 685, 703, 710, 712, 715, 734, 735, 743, 748, 773, 775, 784, 866, 873, 925, 936, 962, ]
[23, 31, 63, 71, 90, 92, 101, 130, 136, 150, 162, 165, 190, 201, 230, 234, 245, 249, 264, 272, 294, 305, 312, 327, 330, 341, 342, 343, 344, 370, 397, 399, 411, 415, 428, 431, 432, 433, 434, 437, 440, 441, 447, 460, 465, 466, 467, 471, 472, 487, 499, 502, 516, 530, 533, 538, 569, 573, 587, 624, 662, 663, 678, 690, 697, 728, 739, 740, 756, 757, 759, 773, 776, 808, 823, 839, 840, 870, 885, 895, 900, 905, 969, 991, 999, 1012, 1023, ]
[19, 29, 39, 42, 46, 69, 93, 103, 125, 127, 135, 137, 159, 163, 188, 201, 216, 238, 243, 252, 261, 291, 295, 313, 323, 340, 346, 355, 361, 390, 405, 406, 407, 412, 426, 432, 435, 436, 444, 455, 464, 470, 489, 496, 509, 519, 529, 531, 534, 536, 561, 564, 571, 583, 587, 634, 655, 662, 680, 719, 732, 739, 760, 836, 840, 895, 899, 936, 957, 960, 990, 992, 997, 1006, ]
[6, 18, 24, 26, 30, 31, 37, 42, 60, 64, 138, 150, 159, 170, 172, 187, 194, 197, 201, 203, 232, 240, 255, 261, 262, 269, 272, 277, 282, 295, 297, 304, 328, 339, 341, 357, 361, 369, 378, 388, 393, 404, 423, 427, 431, 432, 434, 435, 456, 463, 470, 475, 479, 489, 491, 500, 501, 504, 505, 516, 518, 526, 528, 532, 563, 589, 594, 621, 622, 625, 628, 634, 669, 672, 693, 717, 730, 737, 741, 743, 753, 775, 777, 825, 831, 841, 853, 875, 880, 889, 894, 895, 924, 925, 927, 928, 955, 965, 969, 1002, 1006, 1014, 1015, 1018, ]
[23, 26, 41, 63, 85, 124, 137, 149, 157, 161, 167, 188, 191, 201, 203, 211, 221, 228, 259, 260, 264, 281, 291, 296, 348, 374, 399, 402, 423, 455, 458, 468, 472, 476, 496, 499, 502, 503, 507, 533, 541, 543, 591, 613, 646, 656, 674, 695, 713, 745, 746, 748, 751, 773, 778, 827, 831, 842, 848, 861, 863, 868, 871, 873, 880, 894, 901, 917, 956, 968, 995, 1009, ]
[2, 27, 29, 33, 61, 64, 67, 91, 92, 100, 101, 111, 144, 158, 177, 180, 200, 228, 235, 247, 258, 269, 286, 297, 300, 313, 325, 336, 340, 342, 353, 360, 375, 378, 384, 390, 398, 400, 432, 433, 435, 438, 444, 465, 478, 491, 496, 520, 523, 529, 531, 558, 561, 580, 586, 599, 623, 625, 652, 693, 726, 735, 744, 750, 799, 840, 852, 871, 901, 959, 960, 969, 991, 992, 1010, ]
[1, 8, 17, 29, 69, 95, 102, 126, 130, 134, 140, 163, 175, 180, 197, 201, 222, 233, 241, 252, 275, 278, 279, 288, 292, 294, 299, 339, 344, 354, 370, 377, 379, 390, 394, 400, 403, 404, 410, 423, 430, 434, 453, 454, 455, 458, 465, 476, 495, 498, 516, 518, 521, 528, 532, 541, 554, 565, 583, 594, 658, 664, 665, 669, 687, 694, 702, 707, 740, 749, 757, 767, 774, 806, 822, 831, 838, 839, 840, 841, 849, 870, 888, 897, 902, 909, 923, 927, 932, 935, 966, 967, 973, 990, 994, 1022, ]
[2, 6, 28, 29, 39, 89, 101, 106, 136, 169, 178, 191, 193, 195, 196, 208, 212, 213, 232, 236, 240, 244, 245, 248, 268, 270, 287, 304, 325, 343, 344, 345, 367, 368, 376, 380, 392, 394, 395, 401, 406, 414, 425, 433, 442, 445, 456, 459, 464, 473, 489, 493, 499, 500, 503, 521, 533, 551, 557, 592, 620, 646, 647, 655, 660, 664, 667, 681, 710, 729, 743, 780, 808, 816, 851, 856, 866, 873, 901, 910, 923, 938, 961, 969, 992, 1009, 1010, 1018, 1021, ]
[0, 7, 14, 30, 39, 41, 42, 55, 69, 70, 101, 136, 168, 169, 190, 212, 223, 230, 234, 238, 249, 260, 263, 265, 270, 293, 298, 329, 358, 384, 391, 400, 438, 493, 505, 533, 540, 551, 570, 573, 598, 611, 639, 657, 693, 697, 712, 742, 744, 751, 754, 786, 788, 809, 811, 826, 842, 846, 866, 868, 869, 889, 901, 902, 903, 912, 934, 957, 993, ]
[47, 129, 160, 191, 192, 224, 225, 256, 257, 288, 289, 292, 301, 319, 321, 325, 335, 341, 346, 353, 354, 360, 376, 417, 448, 480, 556, 559, 734, 773, 789, 814, 834, 944, 969, 1018, ]
[26, 33, 47, 52, 69, 126, 137, 140, 145, 162, 165, 166, 169, 171, 180, 200, 209, 216, 223, 227, 231, 247, 254, 264, 271, 272, 281, 282, 304, 305, 319, 326, 330, 336, 340, 366, 367, 383, 385, 394, 399, 412, 414, 428, 451, 456, 463, 485, 488, 489, 493, 497, 499, 507, 518, 527, 529, 530, 531, 563, 574, 580, 582, 588, 593, 605, 613, 616, 624, 654, 655, 679, 680, 686, 695, 708, 712, 720, 728, 739, 742, 746, 752, 758, 769, 781, 783, 786, 867, 896, 906, 910, 913, 924, 956, 966, 995, 1006, 1022, ]
[0, 25, 27, 64, 116, 126, 133, 201, 228, 266, 281, 291, 297, 307, 319, 326, 331, 351, 368, 373, 393, 398, 402, 408, 426, 430, 436, 439, 455, 458, 490, 495, 515, 520, 524, 536, 560, 570, 598, 650, 653, 663, 697, 711, 744, 746, 772, 805, 808, 831, 852, 928, 979, 987, 994, 1021, 1023, ]
[6, 26, 27, 28, 29, 34, 52, 107, 135, 156, 158, 202, 212, 229, 250, 259, 299, 314, 344, 360, 367, 369, 371, 375, 376, 377, 406, 425, 435, 442, 443, 457, 462, 466, 483, 487, 494, 495, 496, 497, 505, 527, 530, 535, 555, 571, 592, 603, 626, 632, 638, 663, 665, 676, 678, 742, 743, 753, 772, 794, 862, 864, 868, 869, 896, 902, 928, 929, 945, 961, 968, 986, 1000, 1008, 1011, ]
[4, 9, 19, 24, 63, 118, 119, 122, 150, 157, 159, 165, 181, 187, 195, 199, 201, 215, 227, 237, 238, 246, 248, 265, 267, 279, 280, 287, 292, 293, 311, 312, 313, 315, 323, 337, 345, 347, 348, 349, 359, 363, 394, 404, 412, 420, 423, 424, 433, 453, 466, 473, 487, 494, 499, 529, 532, 534, 567, 615, 632, 656, 710, 713, 740, 766, 774, 791, 793, 798, 829, 839, 856, 858, 867, 888, 894, 901, 913, 960, 979, 982, 989, 996, 1003, 1010, ]
[0, 3, 4, 18, 20, 42, 50, 61, 136, 139, 166, 175, 192, 196, 200, 206, 210, 228, 229, 232, 245, 252, 260, 266, 296, 298, 303, 307, 324, 331, 341, 344, 369, 380, 391, 409, 420, 434, 435, 444, 452, 467, 470, 493, 496, 500, 508, 520, 528, 536, 552, 560, 561, 566, 587, 598, 612, 615, 627, 634, 636, 660, 676, 708, 709, 718, 743, 794, 799, 807, 808, 811, 817, 824, 834, 869, 871, 890, 925, 949, 967, 969, 991, 992, ]
[12, 15, 18, 28, 30, 57, 78, 105, 114, 129, 139, 154, 166, 169, 202, 213, 223, 229, 235, 237, 265, 273, 277, 282, 284, 306, 311, 312, 322, 340, 375, 378, 381, 389, 393, 408, 409, 434, 436, 439, 446, 462, 463, 464, 476, 492, 499, 516, 518, 527, 534, 537, 544, 547, 554, 557, 561, 565, 581, 594, 603, 631, 638, 671, 679, 712, 728, 731, 743, 769, 802, 804, 805, 808, 809, 825, 832, 835, 843, 864, 865, 896, 897, 900, 926, 928, 929, 930, 938, 945, 953, 969, 995, 1021, ]
[25, 28, 69, 74, 81, 92, 105, 108, 116, 117, 140, 181, 191, 196, 216, 231, 241, 252, 254, 256, 261, 295, 298, 312, 346, 357, 372, 380, 381, 397, 401, 420, 434, 438, 442, 446, 495, 497, 510, 529, 532, 535, 565, 568, 578, 588, 593, 623, 663, 677, 679, 693, 740, 768, 769, 835, 837, 899, 903, 911, 956, 967, 990, 1009, ]