[14, 21, 26, 27, 29, 39, 50, 52, 61, 62, 73, 79, 83, 86, ]
[7, 12, 20, 27, 29, 30, 31, 34, 45, 48, 63, 67, 78, 80, 81, 83, 85, 89, ]
[3, 7, 10, 27, 29, 31, 35, 38, 49, 51, 55, 66, 73, 77, 88, 89, ]
[2, 9, 23, 33, 35, 52, 59, 83, ]
[2, 9, 13, 16, 19, 25, 40, 62, 75, 89, ]
[4, 7, 23, 38, 46, 55, 59, 61, 88, ]
[14, 16, 19, 21, 26, 29, 31, 38, 43, 46, 47, 57, 65, 71, 76, 79, 81, 84, 86, 88, 89, ]
[3, 6, 15, 19, 21, 23, 25, 27, 29, 30, 31, 32, 48, 78, 81, 87, 88, ]
[6, 25, 26, 27, 28, 48, 51, 65, 75, 80, 85, 87, ]
[8, 9, 13, 22, 29, 33, 37, 43, 46, 48, 50, 51, 67, 69, 75, 78, 85, 86, 89, ]
[6, 9, 15, 27, 31, 32, 43, 46, 51, 60, 61, 65, 67, 83, 88, 89, ]
[0, 6, 8, 11, 25, 27, 30, 32, 46, 49, 51, 53, 55, 60, 62, 77, 80, 84, 86, 88, ]
[2, 3, 13, 21, 23, 24, 37, 38, 43, 49, 67, 68, 71, 73, 75, 85, 89, ]
[2, 3, 4, 9, 23, 24, 25, 27, 41, 47, 48, 59, 63, 64, 69, 82, ]
[7, 8, 11, 12, 14, 22, 25, 34, 39, 49, 51, 52, 55, 59, 61, 64, 65, 71, 75, 76, 79, ]