[55, 133, 140, 141, 162, 196, 199, 253, 278, 296, 324, 329, 342, 358, 360, 394, 425, 427, 436, 452, 455, 459, 466, 469, 489, 493, 496, 507, 519, 521, 526, 530, 532, 533, 534, 538, 550, 563, 568, 605, 647, 662, 671, 680, 694, 741, 744, 756, 759, 775, 779, 789, 804, 809, 827, 839, 840, 846, 871, 903, 937, 1020, ]
[0, 1, 41, 42, 54, 64, 70, 99, 100, 103, 108, 112, 134, 136, 146, 156, 157, 169, 171, 196, 199, 200, 216, 223, 240, 243, 261, 268, 269, 281, 287, 296, 297, 305, 315, 331, 333, 335, 342, 371, 373, 392, 402, 421, 426, 435, 455, 461, 466, 468, 475, 476, 484, 487, 492, 496, 500, 504, 509, 519, 520, 530, 535, 550, 555, 575, 595, 602, 611, 612, 620, 627, 635, 640, 647, 657, 661, 665, 675, 679, 685, 687, 701, 710, 711, 713, 715, 719, 743, 757, 767, 776, 777, 804, 806, 826, 840, 863, 869, 876, 893, 899, 933, 960, 992, 1002, 1007, 1012, 1019, ]
[0, 11, 18, 20, 62, 87, 101, 116, 117, 127, 133, 137, 138, 148, 157, 169, 186, 192, 198, 201, 229, 265, 274, 330, 331, 339, 345, 362, 376, 378, 390, 394, 398, 435, 437, 445, 456, 457, 475, 487, 490, 494, 499, 500, 516, 520, 532, 536, 537, 557, 570, 575, 597, 658, 677, 678, 688, 704, 710, 760, 775, 780, 783, 808, 834, 836, 841, 892, 901, 919, 920, 963, 1014, ]
[9, 27, 61, 63, 69, 76, 127, 133, 137, 164, 167, 169, 183, 201, 224, 232, 265, 299, 305, 325, 347, 348, 355, 358, 389, 400, 402, 403, 405, 406, 423, 440, 441, 468, 469, 475, 480, 486, 498, 501, 522, 531, 533, 538, 561, 563, 565, 582, 596, 601, 608, 634, 658, 662, 728, 739, 757, 765, 772, 775, 776, 778, 837, 851, 873, 895, 903, 904, 926, 959, 967, 983, 989, 993, 1002, 1019, ]
[21, 22, 23, 25, 29, 31, 34, 95, 96, 115, 132, 147, 169, 178, 181, 186, 190, 197, 200, 208, 226, 238, 250, 260, 261, 264, 294, 296, 305, 312, 333, 341, 345, 372, 379, 406, 408, 411, 419, 422, 457, 464, 475, 476, 506, 510, 532, 538, 539, 540, 563, 568, 570, 583, 590, 591, 592, 598, 602, 631, 633, 655, 659, 678, 680, 700, 741, 807, 808, 840, 841, 853, 891, 928, 934, 956, 993, 1022, ]
[13, 23, 24, 25, 26, 28, 29, 62, 63, 73, 95, 103, 161, 164, 169, 190, 200, 232, 233, 236, 239, 243, 247, 255, 286, 291, 296, 298, 313, 327, 358, 359, 372, 390, 392, 404, 408, 412, 424, 436, 440, 442, 452, 463, 471, 476, 504, 508, 509, 525, 526, 540, 541, 552, 559, 562, 582, 590, 600, 604, 636, 637, 646, 679, 707, 714, 741, 776, 808, 839, 840, 841, 895, 925, 932, 958, 959, 986, 993, ]
[0, 1, 63, 74, 93, 102, 108, 133, 138, 157, 231, 233, 237, 319, 325, 331, 345, 356, 368, 374, 386, 392, 404, 408, 411, 424, 434, 445, 460, 496, 500, 507, 529, 531, 536, 556, 557, 569, 586, 599, 602, 607, 621, 626, 627, 644, 649, 681, 714, 731, 753, 754, 767, 777, 784, 860, 866, 872, 895, 902, 930, 934, 935, 941, 949, 958, 968, 973, 980, 989, 992, 1004, 1005, 1006, 1018, ]
[57, 85, 138, 144, 165, 167, 178, 218, 229, 245, 249, 252, 259, 273, 282, 283, 296, 312, 313, 314, 315, 316, 326, 332, 336, 339, 349, 357, 393, 396, 398, 400, 401, 403, 404, 427, 434, 435, 440, 456, 461, 491, 492, 493, 495, 497, 519, 564, 569, 593, 623, 638, 644, 651, 771, 776, 807, 864, 866, 898, 903, 960, 963, ]
[20, 29, 31, 70, 78, 94, 118, 124, 143, 162, 168, 169, 180, 195, 203, 207, 234, 241, 249, 256, 279, 286, 292, 293, 296, 299, 308, 319, 329, 346, 369, 373, 411, 420, 431, 466, 470, 497, 519, 532, 581, 592, 598, 600, 601, 647, 651, 676, 708, 728, 762, 769, 803, 841, 847, 853, 863, 869, 873, 888, 904, 923, 937, 958, 964, 966, 967, 1014, 1020, ]
[17, 42, 58, 64, 68, 106, 127, 132, 136, 137, 164, 174, 176, 191, 196, 197, 209, 231, 234, 296, 304, 345, 375, 388, 391, 396, 397, 403, 405, 410, 415, 423, 424, 462, 464, 467, 490, 498, 502, 504, 507, 509, 527, 529, 543, 583, 595, 710, 720, 745, 778, 791, 808, 814, 838, 872, 927, 987, 1011, ]
[1, 5, 10, 14, 23, 27, 36, 74, 105, 131, 133, 152, 157, 164, 169, 177, 184, 204, 213, 223, 232, 234, 274, 277, 297, 303, 319, 334, 335, 367, 373, 376, 383, 398, 413, 425, 434, 437, 438, 439, 447, 453, 454, 456, 464, 466, 485, 487, 488, 489, 505, 509, 519, 521, 533, 543, 547, 550, 555, 558, 562, 564, 575, 584, 595, 597, 604, 614, 625, 631, 644, 653, 655, 664, 681, 683, 714, 729, 734, 737, 739, 744, 745, 750, 757, 774, 776, 799, 824, 840, 844, 846, 848, 858, 864, 868, 873, 883, 924, 954, 966, 979, 991, 1018, 1022, ]
[9, 16, 23, 30, 31, 33, 57, 100, 110, 128, 135, 163, 164, 169, 215, 238, 251, 260, 262, 266, 286, 310, 346, 358, 371, 377, 391, 396, 400, 424, 433, 434, 459, 467, 488, 494, 528, 559, 560, 563, 573, 580, 617, 624, 631, 652, 747, 765, 772, 778, 803, 823, 835, 836, 867, 868, 871, 894, 905, 931, 932, 968, 987, 992, ]
[8, 29, 31, 54, 70, 105, 111, 140, 167, 170, 182, 191, 196, 232, 244, 262, 269, 283, 293, 330, 331, 341, 368, 373, 377, 386, 393, 401, 425, 429, 434, 442, 444, 465, 468, 471, 496, 508, 526, 539, 560, 607, 625, 630, 632, 663, 677, 678, 704, 720, 728, 741, 754, 766, 772, 778, 803, 824, 844, 870, 893, 931, 934, 937, 958, 969, 992, 1001, 1016, 1019, ]
[0, 20, 31, 46, 89, 94, 103, 105, 115, 127, 130, 133, 136, 188, 191, 195, 197, 217, 228, 230, 263, 286, 292, 296, 302, 350, 358, 361, 376, 392, 405, 406, 423, 428, 436, 451, 463, 473, 489, 498, 515, 522, 526, 555, 563, 564, 581, 586, 595, 596, 597, 598, 611, 625, 649, 663, 664, 709, 712, 745, 783, 785, 790, 791, 799, 802, 823, 838, 853, 863, 869, 873, 875, 876, 895, 900, 925, 932, 940, 941, 973, 997, 1017, 1023, ]
[2, 17, 24, 33, 44, 62, 91, 92, 125, 131, 159, 165, 168, 169, 171, 172, 187, 193, 196, 197, 200, 206, 218, 240, 276, 278, 280, 283, 293, 295, 296, 313, 329, 337, 339, 356, 357, 358, 363, 364, 373, 375, 376, 389, 407, 410, 422, 425, 427, 437, 438, 456, 462, 463, 477, 479, 486, 487, 492, 508, 515, 518, 521, 526, 530, 534, 559, 560, 563, 569, 583, 585, 587, 588, 589, 599, 600, 613, 626, 649, 652, 678, 683, 684, 689, 695, 712, 713, 719, 731, 737, 741, 753, 767, 798, 805, 830, 842, 851, 869, 871, 888, 901, 905, 930, 958, 972, 989, 993, 998, 1014, 1018, 1019, 1020, ]
[5, 37, 41, 58, 127, 132, 134, 135, 137, 180, 199, 201, 202, 216, 223, 228, 252, 255, 265, 295, 311, 325, 369, 373, 375, 377, 382, 401, 409, 426, 501, 551, 599, 603, 628, 643, 648, 681, 685, 728, 749, 762, 775, 797, 817, 820, 821, 841, 843, 852, 868, 873, 903, 928, 989, 995, 1017, ]
[6, 63, 68, 100, 136, 177, 197, 213, 221, 223, 233, 235, 245, 249, 262, 264, 277, 287, 294, 303, 318, 326, 328, 342, 357, 371, 372, 375, 378, 390, 401, 412, 413, 441, 453, 467, 476, 478, 501, 504, 521, 528, 564, 599, 613, 625, 636, 651, 653, 680, 682, 708, 709, 726, 735, 745, 770, 775, 800, 802, 813, 883, 905, 937, 965, 969, 1010, 1023, ]
[3, 16, 31, 39, 60, 70, 94, 138, 150, 158, 161, 163, 168, 207, 220, 261, 277, 283, 294, 296, 304, 306, 319, 326, 332, 351, 361, 363, 370, 377, 392, 412, 414, 437, 447, 464, 473, 479, 492, 498, 536, 543, 585, 595, 612, 623, 625, 631, 643, 644, 645, 649, 661, 680, 730, 774, 792, 800, 807, 830, 833, 847, 860, 875, 892, 902, 915, 926, 933, 962, 988, 992, 993, 1023, ]
[11, 12, 25, 28, 30, 58, 69, 93, 95, 100, 103, 106, 131, 133, 135, 138, 139, 152, 165, 170, 191, 200, 203, 221, 228, 233, 263, 264, 283, 287, 293, 296, 299, 313, 328, 337, 344, 357, 365, 388, 392, 393, 396, 401, 404, 406, 407, 420, 428, 429, 457, 458, 462, 463, 464, 475, 483, 487, 490, 495, 514, 523, 524, 526, 528, 530, 531, 532, 534, 538, 550, 552, 555, 586, 588, 592, 593, 595, 598, 601, 616, 619, 632, 647, 667, 680, 682, 683, 691, 697, 709, 710, 711, 712, 745, 759, 776, 785, 807, 809, 831, 868, 872, 895, 906, 929, 942, 959, 960, 987, 991, 999, 1009, 1016, 1018, 1021, ]
[31, 45, 64, 90, 94, 101, 106, 112, 141, 147, 165, 197, 202, 229, 247, 261, 280, 290, 293, 325, 341, 347, 349, 356, 357, 376, 397, 400, 401, 406, 426, 434, 435, 453, 455, 460, 465, 466, 476, 488, 493, 496, 498, 500, 523, 558, 559, 561, 585, 613, 616, 631, 693, 696, 709, 712, 713, 775, 798, 817, 832, 862, 872, 907, 932, 953, 1004, 1020, ]
[5, 11, 23, 28, 36, 68, 93, 97, 98, 111, 112, 125, 130, 132, 133, 140, 146, 168, 180, 198, 202, 223, 228, 246, 247, 254, 259, 264, 266, 280, 333, 343, 345, 349, 351, 353, 358, 400, 401, 405, 408, 416, 424, 430, 434, 440, 441, 442, 443, 446, 448, 453, 494, 497, 499, 520, 527, 532, 536, 572, 588, 594, 612, 616, 624, 640, 655, 678, 695, 696, 710, 718, 735, 745, 748, 749, 750, 753, 793, 804, 805, 808, 815, 830, 840, 843, 871, 884, 901, 927, 931, 933, 934, 950, 957, 960, 961, 966, 967, 968, 969, 990, 1001, 1017, ]
[3, 26, 30, 32, 42, 58, 77, 81, 87, 91, 103, 104, 106, 108, 129, 131, 132, 133, 134, 148, 171, 173, 186, 188, 201, 202, 209, 217, 229, 231, 235, 240, 245, 246, 259, 264, 266, 287, 289, 294, 304, 313, 316, 324, 332, 340, 344, 359, 363, 364, 389, 400, 401, 403, 411, 426, 427, 432, 435, 440, 446, 447, 456, 458, 466, 473, 476, 488, 489, 491, 517, 519, 522, 528, 550, 552, 553, 562, 580, 581, 585, 590, 614, 618, 620, 622, 624, 627, 632, 636, 652, 655, 659, 667, 685, 717, 743, 750, 765, 776, 790, 800, 803, 806, 807, 818, 831, 833, 853, 864, 865, 877, 879, 888, 894, 897, 901, 904, 915, 924, 931, 937, 943, 965, 966, 968, 978, 984, 986, 988, 989, 992, 1002, 1005, 1021, 1023, ]
[29, 89, 95, 105, 108, 109, 117, 134, 148, 162, 163, 169, 191, 201, 202, 215, 216, 228, 229, 240, 245, 260, 265, 280, 292, 313, 324, 337, 342, 363, 374, 388, 422, 435, 456, 464, 476, 478, 492, 497, 498, 505, 518, 533, 535, 563, 564, 587, 591, 597, 616, 639, 646, 663, 677, 679, 696, 698, 739, 741, 744, 783, 784, 789, 827, 838, 839, 872, 873, 933, 958, 969, 1015, 1016, 1021, ]
[23, 28, 45, 60, 63, 73, 92, 93, 94, 95, 100, 127, 137, 229, 259, 273, 277, 290, 291, 297, 319, 321, 332, 341, 343, 356, 364, 368, 371, 374, 375, 392, 394, 399, 432, 450, 459, 468, 492, 508, 516, 520, 525, 527, 529, 530, 549, 562, 563, 565, 568, 588, 598, 600, 606, 624, 625, 627, 631, 634, 644, 653, 671, 685, 703, 710, 712, 715, 734, 735, 748, 773, 775, 784, 866, 873, 925, 936, 962, ]
[23, 31, 63, 71, 90, 92, 101, 130, 136, 150, 162, 165, 190, 201, 234, 245, 249, 264, 272, 294, 305, 312, 327, 330, 342, 343, 344, 370, 397, 399, 415, 425, 428, 431, 432, 433, 434, 437, 440, 441, 444, 447, 460, 465, 466, 467, 471, 472, 487, 499, 502, 516, 530, 532, 533, 535, 538, 569, 587, 624, 646, 658, 662, 663, 697, 710, 711, 722, 728, 739, 757, 773, 776, 791, 808, 840, 870, 885, 895, 900, 905, 969, 991, 999, 1012, 1023, ]
[19, 25, 29, 39, 42, 46, 93, 103, 123, 125, 127, 135, 137, 159, 161, 163, 186, 195, 201, 238, 243, 261, 291, 295, 313, 315, 355, 390, 406, 407, 412, 426, 432, 435, 436, 444, 455, 464, 469, 489, 496, 509, 510, 519, 521, 527, 531, 532, 534, 561, 571, 583, 587, 601, 655, 662, 677, 678, 680, 719, 732, 739, 804, 840, 895, 899, 936, 990, 992, 996, 997, 1006, 1020, ]
[2, 6, 24, 26, 27, 30, 31, 37, 49, 60, 64, 75, 105, 138, 150, 159, 169, 172, 187, 188, 197, 201, 203, 240, 262, 269, 272, 277, 282, 297, 304, 327, 328, 339, 341, 356, 357, 361, 369, 378, 386, 393, 398, 404, 423, 427, 431, 432, 456, 463, 467, 470, 475, 479, 489, 491, 500, 501, 504, 505, 516, 518, 526, 528, 532, 563, 589, 594, 621, 622, 625, 628, 669, 672, 693, 717, 730, 737, 741, 743, 744, 753, 775, 777, 825, 831, 841, 853, 875, 880, 889, 894, 895, 924, 925, 927, 928, 955, 959, 965, 969, 985, 1006, 1014, 1015, ]
[23, 26, 31, 41, 85, 124, 137, 149, 157, 161, 167, 188, 191, 201, 203, 211, 221, 223, 228, 260, 264, 281, 291, 296, 348, 374, 399, 402, 423, 455, 472, 476, 496, 499, 500, 502, 503, 507, 533, 541, 543, 591, 613, 646, 656, 674, 713, 745, 746, 748, 751, 767, 773, 776, 778, 827, 831, 842, 848, 861, 868, 871, 873, 880, 894, 901, 917, 956, 968, 1009, ]
[2, 27, 29, 33, 61, 64, 67, 91, 100, 101, 111, 117, 144, 159, 200, 210, 247, 254, 259, 269, 300, 313, 321, 325, 336, 340, 350, 353, 360, 374, 378, 384, 390, 398, 400, 402, 423, 432, 433, 435, 438, 444, 455, 465, 478, 491, 496, 523, 531, 558, 561, 586, 599, 623, 625, 652, 693, 718, 726, 740, 744, 767, 799, 840, 852, 871, 901, 959, 960, 969, 991, 1010, ]
[1, 8, 17, 29, 69, 95, 102, 126, 134, 140, 156, 162, 163, 174, 177, 197, 201, 233, 275, 278, 279, 287, 288, 292, 294, 299, 339, 344, 349, 354, 368, 370, 377, 379, 390, 403, 404, 410, 423, 424, 426, 430, 454, 455, 458, 465, 466, 475, 476, 484, 495, 518, 521, 528, 541, 554, 562, 565, 583, 624, 633, 658, 664, 669, 687, 694, 702, 707, 740, 749, 757, 767, 774, 806, 822, 831, 838, 839, 840, 841, 849, 870, 888, 897, 902, 909, 923, 927, 932, 935, 966, 967, 973, 990, 994, 1022, ]
[2, 6, 28, 29, 62, 101, 106, 169, 178, 193, 196, 199, 200, 207, 208, 212, 213, 232, 236, 240, 244, 245, 248, 268, 270, 287, 291, 304, 311, 344, 345, 367, 369, 376, 380, 394, 395, 406, 414, 432, 433, 442, 445, 456, 459, 473, 489, 492, 499, 500, 503, 533, 539, 551, 615, 620, 646, 655, 660, 664, 680, 682, 729, 743, 744, 780, 816, 848, 851, 856, 866, 873, 901, 910, 938, 958, 961, 969, 992, 1005, 1018, 1023, ]
[0, 7, 14, 30, 39, 40, 41, 42, 55, 69, 70, 101, 136, 168, 169, 190, 212, 222, 230, 234, 249, 260, 265, 270, 298, 329, 345, 357, 358, 384, 391, 400, 438, 493, 505, 533, 540, 552, 570, 573, 598, 611, 639, 657, 697, 712, 742, 751, 754, 786, 788, 811, 822, 842, 846, 858, 866, 868, 869, 901, 902, 903, 912, 923, 934, 957, 993, ]
[47, 129, 160, 191, 192, 224, 225, 244, 256, 257, 288, 289, 292, 301, 319, 321, 335, 341, 343, 346, 353, 354, 360, 367, 376, 417, 448, 480, 495, 556, 559, 600, 734, 773, 789, 814, 829, 834, 944, 969, 1019, ]
[9, 26, 33, 47, 52, 69, 126, 137, 140, 145, 162, 165, 166, 169, 171, 180, 200, 209, 216, 223, 227, 231, 247, 254, 264, 271, 272, 281, 282, 304, 305, 319, 326, 330, 336, 340, 366, 383, 385, 389, 394, 399, 412, 414, 428, 451, 456, 463, 485, 488, 489, 493, 497, 507, 518, 527, 530, 531, 552, 557, 563, 574, 582, 588, 593, 594, 605, 613, 616, 624, 654, 655, 679, 688, 695, 708, 712, 720, 739, 742, 746, 751, 752, 758, 760, 769, 781, 783, 784, 867, 896, 906, 910, 913, 924, 956, 966, 996, 1006, 1022, ]
[1, 25, 27, 64, 116, 126, 133, 143, 201, 260, 266, 291, 297, 307, 313, 326, 331, 368, 373, 393, 398, 402, 408, 426, 430, 436, 439, 455, 461, 490, 495, 515, 519, 524, 536, 560, 570, 650, 653, 663, 665, 711, 744, 746, 772, 805, 808, 831, 852, 896, 900, 905, 954, 966, 994, 1019, 1021, 1023, ]
[6, 16, 18, 26, 27, 28, 29, 101, 106, 156, 158, 177, 202, 229, 239, 243, 250, 253, 259, 299, 314, 341, 344, 360, 367, 371, 376, 377, 401, 425, 435, 442, 443, 445, 457, 462, 465, 466, 470, 483, 487, 494, 495, 496, 505, 527, 530, 533, 536, 555, 561, 571, 599, 603, 626, 655, 676, 678, 743, 772, 775, 785, 794, 862, 864, 868, 869, 872, 896, 902, 928, 929, 945, 961, 968, 986, 1000, 1008, 1011, ]
[4, 5, 17, 19, 24, 41, 63, 118, 119, 122, 150, 157, 159, 165, 181, 187, 195, 199, 201, 215, 222, 227, 237, 238, 246, 248, 265, 267, 279, 292, 311, 312, 313, 315, 323, 337, 345, 347, 348, 349, 359, 404, 412, 420, 423, 424, 435, 453, 466, 487, 494, 502, 503, 506, 520, 529, 532, 562, 566, 589, 595, 632, 645, 656, 710, 713, 740, 766, 774, 791, 793, 798, 829, 839, 856, 858, 867, 888, 894, 901, 913, 960, 979, 988, 991, 996, 1003, 1010, 1012, ]
[0, 3, 4, 18, 31, 42, 50, 59, 136, 139, 166, 169, 175, 192, 196, 200, 206, 210, 228, 229, 245, 252, 260, 264, 266, 284, 298, 299, 303, 307, 324, 341, 344, 358, 360, 369, 403, 409, 412, 420, 434, 467, 493, 496, 497, 500, 501, 508, 520, 528, 536, 552, 560, 566, 572, 587, 598, 612, 615, 627, 634, 636, 676, 708, 709, 718, 743, 757, 795, 807, 811, 816, 824, 834, 869, 871, 892, 925, 936, 949, 967, 969, 991, ]
[12, 15, 28, 57, 78, 84, 105, 129, 139, 154, 166, 169, 177, 202, 213, 223, 229, 235, 265, 269, 273, 277, 282, 284, 306, 311, 312, 358, 375, 378, 381, 389, 408, 434, 441, 446, 459, 462, 463, 464, 492, 499, 516, 518, 527, 534, 536, 537, 547, 554, 557, 561, 565, 581, 594, 596, 603, 631, 638, 671, 679, 681, 697, 731, 743, 744, 769, 802, 804, 808, 809, 825, 832, 835, 837, 843, 864, 865, 896, 897, 900, 910, 916, 926, 928, 929, 930, 938, 953, 969, 995, 1022, ]
[26, 28, 60, 72, 74, 81, 82, 92, 105, 108, 109, 116, 181, 191, 196, 202, 209, 216, 219, 231, 241, 254, 256, 261, 295, 296, 300, 309, 312, 346, 357, 372, 380, 381, 388, 401, 420, 434, 439, 442, 446, 495, 497, 532, 561, 565, 568, 573, 588, 598, 623, 631, 670, 677, 679, 768, 769, 808, 814, 835, 837, 899, 903, 911, 956, 967, 990, 1009, ]