[16, 19, 25, 29, 48, 52, 61, 65, 73, 83, 84, ]
[7, 9, 12, 20, 27, 28, 29, 31, 34, 45, 48, 51, 52, 63, 67, 78, 79, 81, 82, 83, 85, 89, ]
[3, 7, 10, 25, 27, 29, 31, 35, 38, 51, 53, 55, 66, 77, 79, 84, 85, ]
[0, 9, 23, 33, 35, 45, 50, 61, 83, ]
[1, 2, 7, 9, 13, 16, 17, 19, 22, 25, 33, 40, 47, 50, 60, 64, 75, 80, 87, 89, ]
[23, 38, 46, 49, 59, 61, 86, ]
[12, 14, 16, 19, 21, 29, 31, 38, 47, 53, 63, 71, 73, 79, 81, 84, 85, 86, 88, 89, ]
[2, 3, 15, 19, 21, 23, 24, 25, 27, 29, 30, 31, 40, 51, 68, 78, 81, 88, 89, ]
[6, 23, 25, 26, 28, 43, 50, 51, 65, 75, 80, 85, 87, ]
[5, 7, 8, 28, 29, 33, 37, 48, 50, 55, 64, 67, 69, 78, 85, 86, 89, ]
[2, 9, 17, 27, 31, 32, 46, 51, 61, 65, 69, 83, 88, 89, ]
[0, 6, 8, 11, 27, 29, 32, 35, 46, 51, 53, 55, 60, 62, 74, 77, 82, 86, 88, ]
[2, 3, 13, 23, 37, 38, 43, 49, 67, 68, 71, 74, 75, 85, 89, ]
[0, 1, 2, 4, 7, 17, 23, 24, 25, 27, 41, 47, 48, 53, 59, 63, 64, 69, 82, 83, ]
[7, 10, 11, 12, 14, 22, 25, 34, 39, 43, 49, 51, 52, 55, 59, 61, 64, 65, 71, 72, 75, 79, ]