[8, 28, 36, 39, 52, 71, 83, 84, 99, 106, 134, 135, 149, 152, 173, 177, 181, 183, 184, 186, 189, 194, 203, 214, 215, 228, 232, 237, 244, 245, 256, 297, 299, 300, 305, 309, 335, 336, 359, 360, 361, 375, 383, 394, 395, 404, 417, 421, 429, 431, 432, 433, 435, 436, 437, 452, 453, 475, 515, 521, 522, 553, 554, 581, 595, 598, 608, 611, ]
[1, 23, 48, 81, 101, 107, 140, 152, 154, 185, 198, 215, 254, 293, 304, 314, 331, 333, 343, 360, 362, 393, 395, 396, 422, 424, 425, 427, 429, 432, 452, 454, 455, 456, 457, 458, 471, 477, 479, 486, 489, 512, 519, 544, 545, 554, 555, 564, 582, 587, 603, ]
[21, 33, 139, 185, 330, 331, 377, 387, 389, 425, 448, 481, 495, 513, 525, 531, 539, 545, 555, 560, 576, 581, 583, ]
[7, 49, 168, 217, 244, 305, 331, 337, 352, 360, 363, 367, 393, 394, 396, 428, 435, 437, 446, 461, 462, 470, 471, 479, 499, 501, 523, 533, 559, 572, 579, 602, 615, ]
[13, 15, 27, 50, 108, 112, 124, 165, 171, 189, 200, 212, 215, 228, 240, 241, 253, 260, 265, 268, 271, 273, 274, 287, 294, 303, 316, 319, 328, 333, 338, 359, 360, 393, 395, 396, 415, 421, 424, 425, 432, 434, 447, 462, 463, 466, 467, 468, 469, 471, 479, 480, 492, 512, 561, 581, 583, 608, ]
[6, 16, 57, 77, 110, 131, 140, 142, 166, 169, 172, 173, 181, 192, 199, 202, 206, 218, 242, 336, 341, 367, 372, 378, 406, 408, 411, 414, 415, 423, 441, 445, 447, 473, 495, 520, 589, 603, 605, 607, 608, 610, 612, 614, ]
[37, 38, 81, 96, 166, 239, 248, 286, 313, 332, 333, 361, 362, 363, 394, 395, 413, 420, 425, 426, 433, 435, 447, 473, 474, 494, 495, 496, 512, 513, 522, 524, 527, 534, 559, 560, 562, 566, 568, 571, 582, ]
[73, 108, 118, 168, 172, 192, 201, 210, 224, 252, 277, 301, 344, 382, 383, 384, 385, 394, 409, 417, 418, 423, 439, 440, 443, 445, 449, 451, 471, 473, 490, 522, 581, 582, 584, 587, 589, 600, 601, 602, 604, 606, 609, 613, ]
[3, 8, 9, 10, 22, 36, 41, 43, 47, 62, 68, 75, 76, 99, 108, 179, 180, 192, 205, 213, 214, 215, 233, 234, 264, 266, 333, 337, 355, 373, 409, 429, 432, 434, 437, 443, 485, 500, 581, 582, 596, 610, ]
[3, 20, 39, 49, 66, 79, 92, 101, 114, 132, 135, 146, 147, 180, 192, 210, 213, 214, 237, 259, 292, 306, 331, 334, 335, 340, 362, 375, 395, 399, 416, 426, 427, 434, 437, 457, 480, 481, 482, 488, 494, 495, 500, 501, 512, 513, 517, 526, 527, 531, 537, 553, 559, 561, 577, 583, 606, ]
[49, 50, 72, 82, 83, 115, 127, 138, 147, 148, 182, 202, 214, 215, 252, 308, 334, 339, 393, 394, 395, 416, 424, 425, 429, 447, 458, 460, 461, 474, 475, 480, 488, 495, 500, 502, 525, 530, 543, 554, 555, 577, 583, 596, 609, ]
[15, 45, 46, 56, 72, 102, 104, 114, 133, 134, 135, 145, 149, 165, 167, 172, 177, 196, 210, 211, 214, 215, 217, 239, 258, 286, 336, 366, 374, 393, 407, 416, 428, 429, 433, 498, 552, 553, 582, 589, 590, 595, 606, ]
[24, 37, 71, 77, 78, 128, 145, 161, 162, 164, 166, 171, 212, 214, 236, 274, 275, 294, 298, 299, 310, 311, 328, 333, 345, 370, 371, 372, 373, 394, 415, 435, 436, 471, 492, 524, 553, 588, 591, 592, 607, ]
[51, 69, 79, 80, 81, 89, 157, 160, 161, 162, 165, 175, 189, 190, 196, 205, 208, 213, 243, 245, 248, 281, 295, 302, 303, 309, 333, 339, 346, 361, 367, 371, 372, 373, 394, 405, 417, 423, 426, 431, 435, 436, 473, 479, 492, 522, 556, 583, 591, 592, 593, ]
[9, 25, 41, 47, 68, 99, 100, 113, 131, 134, 163, 164, 166, 172, 180, 198, 212, 217, 227, 232, 233, 234, 258, 261, 265, 302, 305, 311, 335, 360, 372, 375, 398, 407, 408, 409, 411, 431, 433, 461, 475, 477, 496, 517, 549, 556, 582, 588, 590, ]
[13, 79, 81, 106, 133, 146, 153, 154, 165, 166, 182, 185, 189, 214, 224, 237, 241, 253, 257, 272, 279, 281, 295, 302, 304, 327, 328, 330, 343, 391, 394, 395, 426, 427, 429, 446, 448, 460, 470, 471, 474, 480, 488, 489, 490, 491, 492, 493, 500, 508, 510, 524, 530, 538, 542, 550, 560, 561, 563, 577, 581, 601, ]
[51, 78, 98, 99, 134, 150, 163, 182, 184, 185, 200, 215, 217, 219, 255, 262, 264, 313, 332, 339, 359, 361, 392, 394, 407, 408, 411, 423, 433, 444, 447, 477, 488, 499, 511, 513, 519, 526, 527, 529, 531, 532, 537, 558, 577, 581, 582, 583, 590, 591, 600, 605, ]
[2, 7, 8, 36, 49, 78, 87, 95, 98, 138, 171, 172, 173, 183, 205, 215, 232, 264, 309, 334, 337, 363, 375, 418, 422, 425, 435, 471, 555, 561, 565, 581, 592, 593, 603, 607, ]
[79, 119, 130, 166, 172, 179, 259, 341, 377, 408, 410, 412, 413, 414, 415, 434, 442, 447, 496, 597, 601, 605, ]
[59, 60, 133, 144, 216, 257, 272, 330, 331, 345, 354, 361, 394, 399, 424, 425, 426, 428, 432, 437, 469, 471, 474, 480, 486, 487, 492, 493, 494, 495, 496, 502, 505, 513, 527, 533, 534, 561, 565, 569, 576, 581, 612, ]
[8, 12, 15, 72, 83, 99, 130, 162, 167, 182, 184, 185, 199, 200, 214, 216, 218, 228, 249, 262, 286, 331, 332, 333, 336, 358, 371, 375, 391, 407, 408, 409, 410, 428, 437, 452, 456, 461, 477, 479, 480, 497, 512, 555, 576, ]
[7, 37, 51, 77, 90, 99, 152, 165, 169, 173, 186, 202, 209, 217, 233, 241, 250, 294, 337, 360, 361, 362, 388, 418, 425, 426, 435, 455, 461, 471, 474, 476, 479, 480, 481, 551, 552, 554, 567, 571, 576, 581, 590, 601, ]
[3, 9, 18, 49, 66, 67, 135, 172, 198, 202, 203, 214, 218, 227, 254, 259, 291, 323, 324, 325, 326, 333, 356, 357, 367, 368, 394, 399, 408, 409, 411, 414, 431, 432, 433, 434, 435, 475, 485, 499, 500, 501, 525, 545, 572, 582, 584, 585, 586, 590, 608, ]
[3, 16, 48, 130, 165, 166, 170, 207, 208, 209, 210, 213, 217, 234, 248, 303, 307, 336, 349, 361, 376, 407, 410, 418, 438, 439, 440, 441, 447, 448, 473, 479, 521, 551, 560, 581, 582, 584, 585, 598, 600, 602, 603, 611, ]
[3, 19, 20, 23, 31, 72, 99, 103, 112, 134, 140, 158, 162, 178, 213, 215, 227, 240, 245, 249, 255, 258, 277, 282, 336, 364, 369, 395, 396, 397, 416, 427, 428, 432, 461, 474, 475, 479, 512, 545, 562, 576, 596, ]
[17, 156, 224, 306, 322, 333, 346, 390, 416, 421, 422, 426, 427, 428, 433, 471, 479, 485, 489, 495, 496, 509, 516, 523, 526, 529, 531, 541, 547, 549, 554, 556, 559, 560, 564, 570, 571, 573, 576, 577, 578, 580, 602, ]