[7, 50, 82, 125, 132, 178, 210, 215, 254, 262, 323, 356, 358, 359, 417, 480, 516, 529, 530, 532, 539, 561, 575, 583, 607, 613, 667, 678, 707, 721, 739, 773, 776, 800, 806, 807, 822, 828, 850, 869, 901, 922, 949, 960, 996, 1011, ]
[3, 13, 62, 127, 190, 196, 202, 254, 285, 321, 326, 343, 405, 415, 420, 436, 476, 479, 484, 488, 501, 524, 525, 526, 533, 554, 579, 598, 612, 631, 642, 650, 662, 663, 674, 681, 709, 711, 726, 735, 743, 744, 774, 782, 790, 818, 832, 840, 895, 900, 905, 922, 965, 991, 995, 1015, 1023, ]
[7, 9, 33, 68, 108, 122, 147, 242, 264, 313, 355, 357, 495, 504, 519, 528, 533, 544, 549, 562, 601, 631, 646, 662, 691, 742, 776, 793, 824, 833, 834, 864, 890, 896, 922, 925, 926, 928, 960, 1002, ]
[34, 67, 92, 98, 126, 127, 131, 135, 151, 160, 162, 163, 192, 193, 194, 219, 228, 278, 290, 326, 338, 363, 454, 457, 471, 480, 487, 500, 505, 512, 519, 526, 527, 539, 551, 558, 566, 572, 588, 591, 603, 616, 624, 628, 633, 634, 642, 646, 676, 682, 687, 710, 723, 750, 762, 801, 807, 832, 876, 929, 930, 931, 959, 964, 965, 992, 1008, 1021, ]
[1, 2, 37, 39, 61, 68, 73, 85, 269, 287, 355, 361, 383, 426, 438, 461, 464, 489, 493, 501, 505, 522, 526, 532, 557, 558, 560, 565, 579, 585, 593, 603, 616, 623, 627, 631, 639, 644, 656, 661, 679, 712, 741, 742, 776, 784, 798, 810, 817, 824, 868, 960, 963, 967, 992, 993, 1001, 1014, 1015, ]
[8, 11, 24, 33, 42, 44, 50, 62, 196, 199, 255, 273, 296, 326, 335, 457, 466, 467, 471, 487, 499, 524, 531, 551, 567, 571, 573, 578, 590, 594, 595, 698, 705, 709, 739, 742, 779, 807, 843, 852, 925, 943, 959, 981, 1003, 1012, ]
[11, 30, 63, 64, 93, 105, 112, 143, 149, 157, 163, 216, 247, 309, 310, 311, 312, 328, 340, 383, 410, 442, 475, 487, 548, 558, 581, 605, 607, 615, 631, 633, 637, 690, 698, 699, 724, 726, 730, 741, 756, 760, 761, 762, 776, 792, 798, 855, 859, 885, 886, 896, 947, 979, 1019, ]
[16, 33, 36, 41, 64, 76, 93, 103, 164, 183, 235, 281, 355, 396, 456, 480, 486, 496, 515, 518, 520, 526, 529, 536, 537, 543, 551, 614, 660, 665, 694, 707, 739, 741, 803, 812, 901, 923, 950, 965, 987, 992, 1001, 1005, ]
[8, 40, 50, 63, 101, 161, 221, 263, 264, 301, 319, 326, 328, 339, 342, 351, 405, 442, 468, 484, 485, 488, 519, 531, 535, 538, 546, 551, 555, 563, 581, 597, 605, 627, 630, 655, 661, 676, 702, 720, 800, 801, 805, 849, 868, 881, 904, 957, 966, 994, ]
[0, 18, 33, 46, 79, 93, 94, 126, 157, 169, 187, 200, 234, 271, 306, 323, 356, 360, 390, 422, 434, 462, 469, 493, 504, 510, 533, 587, 591, 598, 605, 615, 621, 626, 634, 638, 647, 666, 698, 726, 736, 742, 769, 776, 794, 806, 810, 819, 846, 871, 927, 932, 934, 949, 962, 966, 998, 999, ]
[33, 184, 249, 377, 464, 469, 480, 481, 482, 498, 504, 511, 513, 514, 544, 546, 570, 576, 577, 578, 608, 609, 632, 642, 672, 679, 681, 686, 698, 770, 810, 832, 1003, 1010, ]
[0, 2, 31, 42, 68, 73, 76, 104, 105, 117, 123, 127, 128, 153, 158, 191, 285, 291, 296, 323, 330, 403, 405, 449, 469, 471, 488, 492, 494, 497, 508, 521, 540, 543, 553, 565, 595, 607, 616, 623, 640, 647, 650, 671, 674, 678, 703, 712, 725, 749, 771, 820, 872, 926, 928, 987, 1001, 1018, ]
[0, 10, 15, 68, 102, 127, 224, 244, 255, 299, 300, 313, 332, 346, 363, 384, 433, 455, 499, 531, 549, 562, 567, 568, 585, 594, 595, 602, 625, 626, 627, 644, 679, 712, 733, 737, 760, 778, 787, 807, 816, 835, 850, 864, 896, 928, 933, 1003, 1013, 1023, ]
[13, 33, 37, 63, 64, 66, 68, 69, 94, 95, 104, 136, 153, 205, 225, 230, 294, 322, 325, 327, 344, 352, 385, 386, 392, 423, 427, 437, 453, 456, 459, 488, 500, 524, 528, 530, 558, 563, 564, 571, 581, 583, 586, 588, 623, 624, 632, 637, 644, 645, 646, 647, 671, 676, 707, 735, 739, 740, 756, 768, 771, 779, 805, 808, 809, 867, 934, 940, 961, 969, 989, 990, 991, 1010, ]
[13, 60, 71, 81, 102, 126, 127, 159, 186, 187, 188, 208, 229, 234, 287, 295, 308, 326, 327, 328, 355, 357, 380, 410, 416, 439, 471, 499, 517, 529, 538, 549, 561, 616, 692, 712, 727, 752, 771, 778, 801, 850, 868, 882, 895, 989, 992, ]