[7, 50, 82, 125, 132, 178, 210, 215, 228, 294, 323, 358, 359, 480, 529, 530, 531, 539, 561, 575, 583, 597, 607, 613, 667, 678, 707, 739, 753, 773, 776, 800, 807, 822, 828, 869, 890, 901, 948, 952, 960, 996, 1011, ]
[3, 13, 62, 127, 190, 196, 202, 254, 285, 326, 343, 361, 405, 415, 420, 436, 449, 456, 476, 479, 484, 500, 501, 524, 525, 526, 533, 534, 579, 598, 612, 631, 642, 648, 650, 663, 709, 711, 726, 735, 743, 744, 774, 782, 790, 818, 832, 840, 891, 900, 905, 965, 983, 991, 995, 1023, ]
[7, 33, 50, 68, 147, 242, 313, 355, 357, 390, 461, 495, 504, 519, 528, 534, 549, 562, 601, 631, 646, 662, 679, 691, 742, 793, 824, 833, 834, 864, 890, 896, 922, 925, 926, 928, 960, 1002, ]
[34, 67, 114, 126, 131, 158, 160, 161, 162, 163, 192, 193, 194, 219, 228, 278, 326, 336, 439, 442, 452, 454, 459, 464, 480, 500, 505, 512, 519, 524, 527, 551, 559, 566, 572, 588, 603, 611, 616, 628, 633, 634, 638, 642, 678, 687, 710, 723, 750, 801, 804, 807, 832, 871, 901, 907, 929, 930, 931, 959, 964, 965, 979, 992, 1021, ]
[1, 2, 37, 39, 61, 68, 73, 187, 269, 319, 355, 361, 426, 438, 461, 489, 493, 501, 522, 525, 526, 532, 542, 557, 558, 560, 563, 568, 579, 585, 593, 597, 601, 603, 616, 623, 631, 639, 644, 659, 661, 679, 736, 741, 742, 767, 776, 784, 798, 817, 824, 837, 868, 960, 962, 967, 992, 993, 1001, 1014, 1015, ]
[8, 11, 14, 33, 42, 43, 44, 62, 100, 124, 199, 255, 287, 296, 304, 326, 335, 384, 390, 439, 466, 471, 499, 520, 531, 551, 567, 573, 578, 590, 594, 595, 616, 659, 673, 709, 739, 742, 747, 771, 779, 839, 843, 852, 868, 926, 943, 981, 1002, 1012, ]
[11, 30, 63, 64, 93, 105, 112, 142, 149, 182, 216, 247, 260, 309, 310, 311, 312, 328, 340, 355, 376, 383, 410, 442, 455, 475, 487, 548, 558, 581, 605, 607, 627, 631, 633, 637, 674, 690, 698, 699, 724, 726, 730, 731, 741, 756, 760, 761, 762, 792, 798, 827, 855, 859, 885, 886, 896, 947, 979, 1019, ]
[1, 12, 16, 26, 33, 36, 41, 42, 64, 76, 93, 103, 164, 289, 297, 341, 396, 427, 430, 456, 463, 480, 485, 486, 518, 520, 529, 534, 536, 537, 559, 560, 578, 614, 618, 660, 665, 694, 707, 739, 741, 745, 760, 780, 802, 803, 923, 961, 962, 965, 980, 987, 1001, 1005, ]
[8, 50, 63, 101, 125, 161, 176, 220, 262, 263, 264, 301, 308, 319, 326, 342, 351, 405, 410, 468, 484, 485, 488, 519, 528, 531, 535, 546, 548, 551, 555, 563, 570, 582, 591, 597, 627, 629, 630, 654, 676, 702, 753, 800, 801, 805, 868, 904, 912, 949, 957, 966, 994, ]
[7, 24, 33, 46, 93, 94, 149, 157, 169, 234, 306, 323, 355, 360, 384, 390, 422, 439, 462, 466, 493, 501, 504, 510, 518, 529, 587, 591, 598, 605, 615, 621, 626, 633, 638, 647, 665, 666, 726, 736, 746, 769, 794, 802, 806, 819, 871, 927, 933, 934, 962, 967, 998, 999, 1010, 1019, ]
[218, 249, 273, 377, 434, 464, 465, 469, 480, 481, 482, 498, 504, 507, 511, 513, 514, 544, 546, 570, 576, 577, 578, 608, 609, 632, 642, 672, 679, 681, 686, 698, 770, 810, 832, 934, 1003, 1010, ]
[0, 1, 31, 42, 68, 73, 76, 93, 98, 104, 105, 117, 153, 158, 191, 266, 285, 291, 296, 323, 403, 405, 449, 469, 471, 481, 488, 492, 508, 517, 521, 526, 543, 553, 563, 565, 607, 616, 623, 629, 650, 671, 674, 678, 693, 703, 712, 749, 771, 818, 820, 872, 896, 926, 987, 1018, ]
[0, 15, 68, 102, 125, 212, 224, 255, 267, 281, 299, 300, 332, 346, 363, 366, 374, 384, 455, 499, 516, 531, 549, 562, 563, 567, 568, 585, 594, 595, 602, 612, 625, 626, 627, 652, 733, 736, 737, 739, 760, 778, 787, 807, 816, 850, 864, 867, 928, 929, 933, 1003, 1013, 1023, ]
[13, 33, 37, 63, 64, 66, 69, 94, 95, 104, 135, 153, 205, 225, 230, 294, 318, 322, 327, 352, 385, 409, 423, 427, 437, 453, 456, 488, 497, 500, 519, 526, 530, 563, 564, 581, 583, 586, 588, 623, 624, 630, 632, 637, 643, 645, 646, 671, 676, 695, 709, 735, 739, 746, 752, 756, 768, 771, 772, 779, 803, 806, 808, 867, 901, 905, 934, 940, 961, 990, 991, ]
[13, 60, 71, 82, 126, 127, 135, 158, 187, 229, 263, 287, 326, 327, 328, 340, 355, 380, 410, 416, 439, 499, 517, 549, 561, 613, 616, 692, 712, 740, 771, 778, 801, 808, 850, 859, 868, 882, 895, 989, 992, ]