[14, 19, 25, 26, 27, 29, 39, 48, 50, 52, 53, 61, 62, 65, 73, 79, 83, 86, ]
[7, 12, 20, 27, 29, 30, 31, 34, 45, 48, 51, 52, 63, 67, 78, 79, 80, 81, 83, 85, 87, ]
[3, 7, 10, 25, 27, 29, 31, 35, 38, 49, 51, 55, 66, 77, 79, 88, 89, ]
[2, 23, 33, 35, 49, 52, 61, 87, ]
[2, 7, 9, 13, 16, 17, 19, 24, 25, 35, 40, 47, 50, 62, 64, 75, 80, 81, 89, ]
[23, 38, 48, 55, 59, 61, 84, ]
[14, 16, 19, 21, 23, 26, 31, 43, 46, 53, 63, 71, 76, 79, 81, 84, 86, 88, 89, ]
[0, 3, 15, 19, 21, 23, 24, 25, 27, 29, 31, 32, 40, 51, 78, 83, 89, ]
[6, 25, 26, 28, 31, 41, 48, 51, 65, 75, 80, 85, ]
[5, 8, 13, 15, 22, 29, 33, 37, 43, 46, 50, 51, 52, 67, 69, 78, 79, 86, 87, 88, 89, ]
[2, 6, 9, 15, 16, 19, 27, 29, 31, 38, 43, 47, 51, 61, 63, 65, 67, 79, 83, 88, 89, ]
[0, 3, 6, 8, 25, 27, 30, 32, 35, 46, 51, 53, 55, 60, 62, 77, 82, 84, 86, 88, ]
[2, 7, 13, 21, 23, 37, 40, 43, 49, 67, 68, 71, 73, 75, 85, 89, ]
[3, 4, 8, 13, 23, 24, 25, 27, 41, 46, 47, 53, 59, 63, 64, 69, 83, 84, ]
[5, 8, 11, 12, 14, 22, 23, 34, 39, 45, 50, 51, 55, 59, 61, 64, 65, 71, 72, 75, 89, ]