[36, 39, 52, 71, 83, 84, 99, 106, 115, 135, 152, 174, 181, 184, 186, 189, 203, 214, 215, 228, 236, 244, 245, 256, 299, 300, 309, 335, 360, 361, 375, 383, 395, 417, 421, 429, 431, 432, 433, 436, 437, 452, 454, 515, 522, 551, 553, 554, 581, 598, 604, 608, ]
[1, 23, 81, 101, 107, 111, 154, 183, 185, 215, 254, 263, 278, 293, 299, 304, 314, 317, 327, 331, 335, 343, 360, 362, 364, 384, 393, 395, 396, 422, 424, 425, 427, 429, 432, 452, 454, 455, 456, 457, 458, 470, 471, 479, 486, 488, 489, 512, 519, 520, 544, 545, 554, 555, 564, 565, 603, ]
[21, 131, 139, 185, 330, 331, 377, 387, 389, 425, 448, 481, 493, 496, 513, 531, 539, 545, 555, 559, 570, 576, 581, 583, ]
[49, 168, 217, 244, 305, 331, 335, 360, 367, 379, 393, 394, 396, 428, 430, 435, 458, 461, 462, 470, 471, 474, 479, 499, 501, 523, 533, 559, 572, 579, 602, 612, ]
[5, 15, 27, 108, 112, 124, 150, 165, 171, 189, 215, 217, 228, 240, 241, 253, 260, 267, 268, 271, 273, 274, 286, 303, 316, 328, 337, 360, 393, 395, 415, 421, 424, 425, 432, 434, 462, 463, 466, 467, 468, 469, 471, 479, 492, 512, 513, 581, 583, 603, 608, ]
[6, 16, 77, 110, 131, 140, 142, 166, 169, 172, 173, 184, 192, 199, 202, 206, 242, 248, 336, 341, 367, 372, 378, 406, 408, 411, 414, 415, 423, 441, 445, 447, 473, 495, 520, 589, 602, 604, 607, 608, 609, 610, 612, 614, ]
[37, 38, 166, 177, 185, 239, 248, 286, 333, 361, 362, 363, 394, 395, 413, 420, 424, 425, 426, 433, 435, 447, 473, 474, 494, 495, 496, 501, 512, 513, 522, 524, 527, 559, 560, 562, 566, 568, 582, ]
[53, 75, 108, 118, 168, 175, 192, 197, 200, 210, 224, 252, 261, 277, 301, 344, 380, 383, 384, 385, 394, 410, 417, 418, 423, 439, 440, 445, 446, 449, 451, 471, 473, 490, 522, 581, 582, 584, 588, 589, 600, 601, 602, 604, 606, 609, 614, ]
[3, 8, 9, 22, 41, 43, 47, 62, 66, 68, 75, 108, 121, 179, 180, 205, 213, 215, 233, 234, 266, 333, 339, 347, 355, 373, 409, 429, 432, 434, 437, 443, 500, 581, 596, 610, ]
[3, 19, 39, 49, 66, 69, 79, 101, 113, 114, 135, 146, 147, 180, 192, 204, 213, 214, 237, 259, 282, 292, 306, 331, 334, 335, 339, 362, 370, 375, 394, 395, 416, 426, 427, 434, 436, 457, 480, 481, 488, 494, 495, 500, 501, 510, 512, 513, 516, 517, 526, 527, 530, 531, 537, 553, 559, 561, 579, ]
[20, 49, 50, 72, 82, 83, 115, 116, 147, 148, 151, 171, 182, 197, 205, 214, 215, 252, 308, 334, 339, 364, 393, 394, 395, 396, 423, 424, 425, 426, 429, 447, 458, 460, 461, 474, 475, 488, 495, 498, 500, 502, 524, 525, 532, 545, 554, 555, 577, 581, 583, 586, 596, 599, 609, ]
[14, 15, 45, 46, 56, 72, 102, 104, 133, 134, 135, 143, 145, 148, 165, 166, 167, 174, 177, 181, 196, 210, 211, 214, 215, 217, 239, 258, 336, 366, 374, 407, 408, 416, 423, 428, 429, 433, 545, 552, 553, 562, 582, 589, 590, 594, 606, ]
[24, 37, 48, 71, 78, 128, 145, 161, 162, 164, 166, 171, 214, 236, 275, 294, 296, 298, 299, 309, 310, 328, 346, 370, 371, 372, 373, 394, 415, 431, 435, 436, 471, 473, 492, 522, 524, 553, 561, 588, 590, 591, 592, 607, ]
[22, 51, 69, 80, 81, 157, 160, 161, 162, 165, 174, 175, 181, 189, 190, 196, 205, 209, 213, 235, 248, 281, 295, 302, 303, 309, 333, 339, 346, 361, 371, 372, 373, 394, 417, 423, 426, 431, 432, 435, 436, 479, 522, 554, 556, 583, 591, 592, 593, ]
[9, 25, 41, 68, 81, 99, 100, 131, 135, 163, 164, 166, 172, 175, 180, 198, 217, 227, 232, 233, 234, 258, 261, 265, 302, 307, 311, 319, 335, 360, 366, 372, 375, 398, 407, 408, 409, 411, 431, 433, 435, 461, 475, 477, 496, 517, 549, 556, 588, 590, ]
[13, 70, 79, 81, 107, 126, 133, 143, 151, 153, 154, 165, 166, 185, 189, 214, 237, 241, 257, 272, 279, 281, 295, 302, 304, 327, 328, 330, 343, 394, 395, 397, 426, 427, 429, 446, 448, 460, 471, 474, 480, 481, 488, 489, 490, 491, 492, 493, 510, 524, 529, 530, 532, 538, 540, 542, 549, 550, 560, 561, 567, 577, 581, 600, ]
[6, 51, 78, 89, 98, 99, 101, 150, 163, 182, 184, 185, 197, 200, 202, 215, 216, 217, 219, 264, 282, 287, 332, 339, 361, 392, 393, 394, 407, 408, 411, 423, 434, 444, 447, 477, 481, 488, 499, 511, 513, 519, 526, 527, 528, 531, 532, 537, 539, 558, 577, 581, 582, 583, 590, 591, 600, ]
[2, 7, 8, 36, 49, 87, 95, 98, 106, 171, 172, 173, 183, 205, 215, 232, 264, 309, 336, 363, 375, 418, 422, 425, 435, 471, 555, 561, 564, 581, 592, 606, ]
[27, 79, 130, 166, 172, 179, 184, 334, 340, 377, 408, 410, 412, 413, 414, 432, 434, 442, 447, 491, 580, 597, 601, 605, ]
[59, 60, 133, 144, 216, 225, 272, 330, 331, 345, 354, 360, 361, 394, 399, 424, 425, 426, 428, 432, 469, 471, 474, 480, 486, 487, 488, 492, 493, 494, 495, 496, 502, 505, 513, 527, 533, 534, 561, 565, 569, 576, 581, 612, ]
[8, 12, 15, 72, 83, 99, 130, 162, 182, 184, 199, 200, 214, 216, 218, 228, 262, 278, 286, 303, 331, 332, 333, 336, 358, 371, 375, 391, 407, 408, 409, 410, 428, 430, 436, 452, 456, 461, 477, 479, 480, 497, 512, 546, 576, 589, 595, ]
[5, 37, 51, 109, 113, 154, 165, 169, 173, 182, 186, 209, 216, 233, 249, 250, 294, 337, 360, 361, 362, 388, 418, 425, 459, 461, 471, 474, 479, 480, 481, 532, 551, 552, 553, 567, 571, 576, 581, 590, 601, ]
[3, 50, 53, 66, 67, 133, 172, 201, 202, 218, 219, 227, 259, 291, 314, 323, 324, 325, 326, 333, 356, 357, 367, 393, 394, 399, 408, 411, 414, 431, 432, 433, 434, 435, 475, 499, 500, 501, 541, 545, 554, 582, 584, 585, 586, 590, 608, ]
[48, 113, 130, 165, 166, 170, 207, 208, 209, 210, 213, 217, 234, 248, 303, 336, 349, 361, 376, 407, 410, 418, 436, 439, 440, 441, 447, 448, 473, 479, 520, 560, 581, 582, 584, 585, 598, 600, 611, ]
[3, 15, 18, 19, 20, 21, 23, 31, 71, 72, 103, 112, 134, 140, 162, 178, 192, 212, 213, 215, 227, 245, 249, 255, 258, 259, 277, 282, 336, 363, 364, 369, 395, 396, 397, 416, 427, 428, 432, 460, 461, 474, 475, 477, 479, 512, 544, 545, 562, 576, 596, ]
[17, 156, 224, 306, 322, 346, 392, 416, 421, 422, 427, 428, 433, 471, 479, 485, 489, 495, 496, 516, 523, 526, 529, 531, 541, 547, 549, 554, 556, 559, 560, 570, 571, 573, 576, 577, 578, 580, 600, 608, ]