[2, 8, 28, 36, 39, 52, 71, 83, 84, 99, 106, 115, 134, 135, 149, 152, 154, 173, 177, 181, 183, 184, 186, 203, 214, 215, 228, 237, 244, 245, 256, 297, 300, 309, 335, 336, 360, 361, 375, 394, 395, 417, 421, 429, 431, 432, 433, 436, 437, 452, 453, 515, 521, 522, 551, 553, 554, 581, 587, 595, 598, 608, 611, ]
[1, 23, 48, 70, 82, 107, 111, 134, 140, 154, 183, 185, 198, 215, 245, 254, 293, 304, 314, 317, 327, 331, 343, 360, 362, 364, 367, 384, 393, 395, 396, 422, 424, 425, 427, 429, 432, 452, 453, 454, 455, 456, 457, 458, 470, 471, 477, 479, 486, 487, 489, 512, 519, 520, 544, 545, 554, 555, 564, 565, 582, 583, 598, ]
[53, 131, 139, 185, 285, 330, 331, 367, 377, 387, 389, 425, 448, 481, 495, 513, 525, 531, 539, 545, 555, 560, 570, 576, 581, 583, ]
[7, 49, 123, 168, 217, 244, 305, 331, 337, 352, 360, 363, 367, 393, 394, 396, 425, 427, 428, 430, 432, 435, 446, 461, 462, 470, 471, 479, 499, 501, 523, 533, 548, 559, 572, 579, 602, 615, ]
[15, 71, 108, 112, 124, 150, 165, 171, 189, 217, 219, 228, 240, 241, 253, 260, 267, 268, 271, 273, 274, 287, 303, 316, 328, 337, 360, 393, 395, 396, 415, 421, 424, 425, 432, 434, 447, 462, 463, 466, 467, 468, 469, 471, 479, 480, 492, 512, 561, 581, 583, 608, ]
[16, 57, 77, 110, 131, 140, 166, 169, 172, 173, 178, 184, 192, 206, 242, 336, 341, 372, 378, 406, 408, 411, 414, 415, 423, 441, 445, 452, 473, 498, 520, 589, 602, 604, 607, 608, 610, 612, 614, ]
[37, 38, 166, 177, 184, 239, 248, 286, 333, 361, 362, 363, 394, 395, 413, 420, 425, 426, 433, 435, 447, 473, 474, 494, 495, 496, 501, 512, 513, 522, 524, 527, 559, 560, 562, 566, 568, 582, ]
[73, 108, 118, 168, 172, 192, 201, 210, 224, 261, 277, 301, 344, 382, 383, 384, 385, 394, 410, 417, 418, 423, 439, 440, 445, 446, 449, 450, 451, 471, 473, 490, 522, 581, 582, 584, 588, 589, 600, 601, 602, 604, 606, 609, ]
[3, 8, 9, 10, 22, 36, 41, 43, 47, 62, 66, 68, 75, 108, 121, 179, 180, 205, 213, 214, 215, 233, 234, 266, 333, 338, 346, 355, 373, 409, 429, 432, 434, 437, 443, 448, 485, 500, 581, 596, ]
[3, 19, 39, 47, 49, 66, 101, 114, 132, 135, 146, 147, 180, 192, 210, 213, 214, 220, 237, 259, 292, 306, 331, 334, 335, 340, 362, 375, 394, 395, 399, 416, 426, 427, 434, 436, 457, 461, 480, 481, 488, 494, 495, 500, 501, 512, 513, 516, 517, 526, 527, 530, 531, 537, 553, 559, 561, 569, 579, 583, 601, 612, ]
[43, 49, 50, 72, 82, 83, 115, 127, 138, 147, 148, 171, 182, 199, 205, 214, 215, 252, 308, 334, 341, 393, 394, 395, 396, 424, 425, 429, 447, 460, 461, 474, 475, 488, 495, 498, 500, 502, 524, 525, 554, 563, 577, 583, 596, 599, 609, ]
[14, 15, 45, 46, 56, 72, 102, 104, 114, 130, 133, 134, 135, 142, 145, 165, 166, 167, 172, 177, 181, 183, 196, 210, 211, 214, 215, 217, 239, 258, 305, 336, 366, 407, 408, 414, 423, 428, 429, 433, 545, 552, 553, 582, 589, 590, 594, 607, ]
[22, 24, 37, 71, 77, 78, 128, 145, 161, 162, 164, 166, 171, 204, 213, 214, 236, 274, 296, 298, 299, 310, 311, 328, 333, 370, 371, 372, 373, 394, 415, 431, 432, 435, 436, 471, 473, 492, 522, 524, 553, 561, 588, 591, 592, 607, ]
[51, 69, 79, 80, 82, 159, 160, 161, 162, 165, 174, 175, 181, 189, 190, 196, 205, 207, 213, 235, 243, 245, 248, 258, 281, 295, 302, 303, 309, 333, 346, 361, 370, 371, 372, 373, 394, 405, 417, 423, 426, 431, 432, 435, 436, 473, 479, 492, 522, 556, 583, 591, 592, 593, 605, ]
[9, 24, 48, 68, 99, 100, 131, 134, 163, 164, 166, 172, 177, 184, 198, 217, 227, 232, 233, 234, 258, 261, 265, 276, 305, 307, 311, 336, 372, 375, 398, 407, 408, 409, 411, 422, 427, 431, 433, 435, 461, 475, 496, 517, 549, 556, 588, 607, ]
[13, 37, 79, 106, 133, 146, 151, 153, 154, 165, 166, 185, 214, 237, 241, 253, 257, 279, 281, 295, 302, 304, 327, 328, 330, 343, 391, 394, 395, 397, 426, 427, 429, 446, 448, 460, 471, 480, 488, 489, 490, 491, 492, 508, 524, 530, 532, 538, 542, 550, 560, 561, 577, 581, 601, ]
[51, 72, 80, 98, 99, 108, 122, 150, 163, 182, 184, 185, 200, 202, 214, 215, 217, 219, 264, 286, 313, 332, 339, 359, 361, 392, 393, 394, 407, 408, 411, 423, 434, 444, 447, 458, 477, 481, 488, 499, 511, 515, 520, 526, 527, 529, 531, 532, 537, 539, 558, 560, 576, 577, 581, 582, 583, 590, 591, ]
[2, 7, 8, 49, 78, 87, 95, 98, 138, 171, 172, 173, 183, 205, 215, 232, 264, 309, 335, 363, 375, 418, 422, 425, 432, 435, 437, 471, 561, 564, 581, 592, 607, ]
[79, 119, 130, 166, 172, 207, 211, 259, 334, 340, 374, 377, 408, 410, 412, 413, 414, 415, 434, 442, 447, 496, 597, 601, 605, ]
[59, 60, 81, 133, 165, 216, 257, 272, 330, 331, 345, 354, 361, 394, 399, 424, 425, 426, 428, 433, 437, 469, 471, 474, 480, 486, 487, 488, 492, 493, 494, 495, 496, 502, 503, 505, 513, 527, 533, 534, 561, 565, 569, 576, 581, 612, ]
[7, 8, 12, 13, 15, 30, 72, 83, 99, 130, 162, 163, 167, 182, 184, 185, 199, 200, 214, 215, 216, 218, 228, 249, 262, 286, 326, 331, 332, 333, 336, 358, 371, 375, 391, 407, 408, 409, 411, 428, 430, 437, 456, 458, 461, 477, 478, 479, 480, 497, 512, 536, 546, 576, 577, 590, ]
[7, 37, 51, 99, 109, 113, 152, 165, 169, 173, 186, 198, 209, 216, 218, 233, 249, 250, 294, 319, 360, 361, 362, 388, 418, 425, 426, 435, 455, 459, 461, 471, 474, 479, 480, 481, 532, 551, 552, 553, 554, 567, 571, 576, 581, 601, ]
[3, 8, 49, 53, 66, 67, 101, 135, 172, 202, 203, 214, 219, 227, 259, 291, 314, 323, 324, 325, 327, 356, 357, 367, 369, 393, 394, 399, 408, 411, 414, 431, 432, 433, 434, 435, 475, 499, 500, 501, 525, 545, 582, 584, 585, 586, 590, 608, ]
[3, 16, 48, 130, 165, 166, 170, 192, 207, 208, 209, 210, 213, 217, 234, 303, 306, 336, 349, 361, 376, 407, 410, 418, 438, 439, 440, 441, 447, 448, 473, 479, 521, 551, 560, 581, 582, 584, 585, 598, 600, 602, 603, 611, ]
[3, 18, 19, 20, 22, 23, 31, 38, 72, 103, 112, 130, 135, 140, 178, 211, 213, 215, 227, 240, 245, 249, 255, 258, 259, 276, 277, 282, 336, 363, 364, 369, 395, 396, 397, 416, 423, 427, 428, 432, 457, 461, 473, 474, 475, 477, 479, 501, 512, 544, 545, 562, 576, 596, ]
[7, 17, 156, 224, 306, 322, 333, 346, 416, 421, 422, 426, 427, 428, 433, 471, 479, 485, 489, 493, 495, 516, 523, 529, 531, 541, 547, 549, 554, 556, 559, 560, 564, 570, 571, 573, 577, 578, 580, 602, 608, ]