1.670000000000000000e+03
6.566000000000000000e+03
5.399000000000000000e+03
8.322000000000000000e+03
3.652000000000000000e+03
6.427000000000000000e+03
1.288000000000000000e+03
5.004000000000000000e+03
9.214000000000000000e+03
1.054000000000000000e+03
4.054000000000000000e+03
8.326000000000000000e+03
2.190000000000000000e+02
1.045000000000000000e+03
9.275000000000000000e+03
5.650000000000000000e+02
6.522000000000000000e+03
6.439000000000000000e+03
2.850000000000000000e+03
4.152000000000000000e+03
7.318000000000000000e+03
1.247000000000000000e+03
6.210000000000000000e+02
3.205000000000000000e+03
6.927000000000000000e+03
8.289000000000000000e+03
8.377000000000000000e+03
1.831000000000000000e+03
5.389000000000000000e+03
2.880000000000000000e+02
2.784000000000000000e+03
3.150000000000000000e+02
3.028000000000000000e+03
8.238000000000000000e+03
4.812000000000000000e+03
7.219000000000000000e+03
2.550000000000000000e+02
4.197000000000000000e+03
7.271000000000000000e+03
8.441000000000000000e+03
2.430000000000000000e+02
6.163000000000000000e+03
1.488000000000000000e+03
5.780000000000000000e+02
2.255000000000000000e+03
7.259000000000000000e+03
2.037000000000000000e+03
1.857000000000000000e+03
1.535000000000000000e+03
6.620000000000000000e+02
