2.430000000000000000e+02
6.487000000000000000e+03
1.288000000000000000e+03
7.259000000000000000e+03
9.305000000000000000e+03
3.652000000000000000e+03
4.350000000000000000e+02
9.275000000000000000e+03
1.054000000000000000e+03
4.197000000000000000e+03
2.782000000000000000e+03
5.004000000000000000e+03
4.054000000000000000e+03
1.333000000000000000e+03
6.522000000000000000e+03
1.350000000000000000e+03
2.636000000000000000e+03
5.780000000000000000e+02
3.322000000000000000e+03
3.150000000000000000e+02
3.205000000000000000e+03
1.857000000000000000e+03
4.152000000000000000e+03
1.247000000000000000e+03
6.427000000000000000e+03
2.290000000000000000e+03
6.566000000000000000e+03
8.322000000000000000e+03
5.186000000000000000e+03
2.390000000000000000e+03
2.880000000000000000e+02
3.982000000000000000e+03
3.660000000000000000e+03
5.399000000000000000e+03
5.046000000000000000e+03
9.650000000000000000e+02
6.210000000000000000e+02
7.271000000000000000e+03
2.074000000000000000e+03
6.320000000000000000e+02
2.255000000000000000e+03
7.630000000000000000e+02
3.507000000000000000e+03
3.256000000000000000e+03
7.860000000000000000e+03
7.747000000000000000e+03
2.910000000000000000e+03
8.238000000000000000e+03
6.509000000000000000e+03
2.882000000000000000e+03
