2.046000000000000000e+03
1.009100000000000000e+04
8.082000000000000000e+03
9.153000000000000000e+03
7.768000000000000000e+03
4.469000000000000000e+03
6.500000000000000000e+01
6.911000000000000000e+03
9.356000000000000000e+03
8.010000000000000000e+03
7.335000000000000000e+03
4.580000000000000000e+02
1.009200000000000000e+04
1.061200000000000000e+04
8.880000000000000000e+03
1.016800000000000000e+04
1.114300000000000000e+04
3.610000000000000000e+02
6.649000000000000000e+03
5.535000000000000000e+03
6.772000000000000000e+03
9.142000000000000000e+03
1.088700000000000000e+04
3.445000000000000000e+03
6.022000000000000000e+03
9.076000000000000000e+03
4.368000000000000000e+03
4.329000000000000000e+03
9.743000000000000000e+03
5.093000000000000000e+03
8.962000000000000000e+03
2.125000000000000000e+03
7.597000000000000000e+03
9.613000000000000000e+03
4.103000000000000000e+03
5.022000000000000000e+03
3.742000000000000000e+03
5.255000000000000000e+03
8.486000000000000000e+03
4.051000000000000000e+03
1.030500000000000000e+04
6.324000000000000000e+03
1.945000000000000000e+03
6.078000000000000000e+03
1.351000000000000000e+03
9.448000000000000000e+03
7.393000000000000000e+03
8.046000000000000000e+03
3.834000000000000000e+03
7.757000000000000000e+03
