1.870000000000000000e+03
3.817000000000000000e+03
4.345000000000000000e+03
5.000000000000000000e+00
4.240000000000000000e+03
2.766000000000000000e+03
1.709000000000000000e+03
1.503000000000000000e+03
5.540000000000000000e+02
2.410000000000000000e+03
7.380000000000000000e+02
1.014000000000000000e+03
4.419000000000000000e+03
4.020000000000000000e+03
3.386000000000000000e+03
8.840000000000000000e+02
2.794000000000000000e+03
1.194000000000000000e+03
4.279000000000000000e+03
2.617000000000000000e+03
3.954000000000000000e+03
3.790000000000000000e+02
4.030000000000000000e+03
2.770000000000000000e+02
2.870000000000000000e+03
3.299000000000000000e+03
3.337000000000000000e+03
4.389000000000000000e+03
7.290000000000000000e+02
8.500000000000000000e+01
3.020000000000000000e+03
8.030000000000000000e+02
2.534000000000000000e+03
1.597000000000000000e+03
2.292000000000000000e+03
2.680000000000000000e+02
1.626000000000000000e+03
3.320000000000000000e+03
9.750000000000000000e+02
4.369000000000000000e+03
6.190000000000000000e+02
2.471000000000000000e+03
1.329000000000000000e+03
3.992000000000000000e+03
2.913000000000000000e+03
2.021000000000000000e+03
2.878000000000000000e+03
2.584000000000000000e+03
4.423000000000000000e+03
3.748000000000000000e+03
