1.870000000000000000e+03
3.817000000000000000e+03
3.020000000000000000e+03
1.503000000000000000e+03
5.540000000000000000e+02
6.190000000000000000e+02
4.240000000000000000e+03
4.279000000000000000e+03
8.900000000000000000e+01
1.597000000000000000e+03
2.472000000000000000e+03
3.237000000000000000e+03
2.410000000000000000e+03
2.878000000000000000e+03
2.858000000000000000e+03
1.755000000000000000e+03
8.840000000000000000e+02
2.794000000000000000e+03
4.020000000000000000e+03
4.419000000000000000e+03
3.158000000000000000e+03
2.770000000000000000e+02
4.159000000000000000e+03
6.000000000000000000e+02
7.380000000000000000e+02
4.156000000000000000e+03
3.466000000000000000e+03
1.194000000000000000e+03
4.369000000000000000e+03
5.000000000000000000e+00
4.096000000000000000e+03
4.030000000000000000e+03
1.676000000000000000e+03
2.059000000000000000e+03
4.182000000000000000e+03
2.499000000000000000e+03
1.515000000000000000e+03
3.769000000000000000e+03
1.438000000000000000e+03
2.617000000000000000e+03
8.640000000000000000e+02
7.290000000000000000e+02
3.672000000000000000e+03
2.632000000000000000e+03
1.180000000000000000e+02
3.299000000000000000e+03
3.753000000000000000e+03
3.693000000000000000e+03
4.280000000000000000e+03
2.534000000000000000e+03
