6.966000000000000000e+03
1.000000000000000000e+02
6.501000000000000000e+03
8.854000000000000000e+03
8.950000000000000000e+02
5.063000000000000000e+03
9.277000000000000000e+03
4.000000000000000000e+00
2.805000000000000000e+03
7.077000000000000000e+03
6.660000000000000000e+02
7.281000000000000000e+03
6.967000000000000000e+03
9.521000000000000000e+03
7.512000000000000000e+03
4.703000000000000000e+03
5.845000000000000000e+03
3.150000000000000000e+02
6.389000000000000000e+03
7.076000000000000000e+03
6.670000000000000000e+02
9.864000000000000000e+03
9.568000000000000000e+03
6.051000000000000000e+03
9.857000000000000000e+03
6.853000000000000000e+03
5.580000000000000000e+02
7.190000000000000000e+03
3.240000000000000000e+02
6.613000000000000000e+03
5.000000000000000000e+00
6.404000000000000000e+03
6.710000000000000000e+02
8.517000000000000000e+03
3.475000000000000000e+03
9.751000000000000000e+03
7.625000000000000000e+03
5.530000000000000000e+02
6.965000000000000000e+03
4.350000000000000000e+02
9.278000000000000000e+03
5.172000000000000000e+03
1.019400000000000000e+04
8.415000000000000000e+03
7.810000000000000000e+02
8.936000000000000000e+03
6.294000000000000000e+03
6.950000000000000000e+03
5.450000000000000000e+02
6.964000000000000000e+03
