6.966000000000000000e+03
9.600000000000000000e+01
6.501000000000000000e+03
8.854000000000000000e+03
8.950000000000000000e+02
9.277000000000000000e+03
9.864000000000000000e+03
7.077000000000000000e+03
2.805000000000000000e+03
6.710000000000000000e+02
9.857000000000000000e+03
7.281000000000000000e+03
5.845000000000000000e+03
8.400000000000000000e+01
5.939000000000000000e+03
6.965000000000000000e+03
9.507000000000000000e+03
6.670000000000000000e+02
8.966000000000000000e+03
6.613000000000000000e+03
1.019400000000000000e+04
7.076000000000000000e+03
3.150000000000000000e+02
6.967000000000000000e+03
7.512000000000000000e+03
9.751000000000000000e+03
6.164000000000000000e+03
5.470000000000000000e+02
7.190000000000000000e+03
9.281000000000000000e+03
1.010400000000000000e+04
5.396000000000000000e+03
9.521000000000000000e+03
6.660000000000000000e+02
8.871000000000000000e+03
6.854000000000000000e+03
6.276000000000000000e+03
3.160000000000000000e+02
9.633000000000000000e+03
9.567000000000000000e+03
6.404000000000000000e+03
9.609000000000000000e+03
8.517000000000000000e+03
6.051000000000000000e+03
5.560000000000000000e+02
5.063000000000000000e+03
9.975000000000000000e+03
2.804000000000000000e+03
6.964000000000000000e+03
4.270000000000000000e+02
