6.966000000000000000e+03
9.507000000000000000e+03
8.950000000000000000e+02
8.854000000000000000e+03
6.501000000000000000e+03
3.390000000000000000e+02
7.190000000000000000e+03
6.670000000000000000e+02
7.512000000000000000e+03
9.387000000000000000e+03
6.000000000000000000e+00
6.967000000000000000e+03
5.939000000000000000e+03
3.240000000000000000e+02
3.135000000000000000e+03
6.965000000000000000e+03
6.660000000000000000e+02
9.972000000000000000e+03
7.287000000000000000e+03
1.010200000000000000e+04
9.568000000000000000e+03
6.853000000000000000e+03
3.160000000000000000e+02
8.517000000000000000e+03
6.710000000000000000e+02
9.277000000000000000e+03
7.077000000000000000e+03
9.864000000000000000e+03
7.625000000000000000e+03
5.845000000000000000e+03
5.450000000000000000e+02
1.010700000000000000e+04
2.250000000000000000e+02
1.006000000000000000e+04
7.076000000000000000e+03
6.613000000000000000e+03
9.857000000000000000e+03
3.150000000000000000e+02
6.294000000000000000e+03
7.281000000000000000e+03
8.936000000000000000e+03
8.966000000000000000e+03
8.930000000000000000e+02
7.856000000000000000e+03
9.957000000000000000e+03
7.399000000000000000e+03
1.019400000000000000e+04
6.404000000000000000e+03
6.700000000000000000e+02
2.805000000000000000e+03
