7.076000000000000000e+03
9.281000000000000000e+03
6.670000000000000000e+02
9.857000000000000000e+03
6.501000000000000000e+03
6.966000000000000000e+03
4.370000000000000000e+02
8.854000000000000000e+03
7.077000000000000000e+03
3.150000000000000000e+02
7.512000000000000000e+03
9.864000000000000000e+03
8.950000000000000000e+02
5.845000000000000000e+03
9.568000000000000000e+03
8.758000000000000000e+03
9.387000000000000000e+03
7.189000000000000000e+03
1.019400000000000000e+04
9.651000000000000000e+03
6.500000000000000000e+03
5.000000000000000000e+00
6.710000000000000000e+02
7.190000000000000000e+03
9.506000000000000000e+03
1.010200000000000000e+04
9.751000000000000000e+03
6.967000000000000000e+03
5.470000000000000000e+02
6.388000000000000000e+03
8.517000000000000000e+03
9.202000000000000000e+03
4.350000000000000000e+02
6.964000000000000000e+03
9.609000000000000000e+03
6.700000000000000000e+02
3.390000000000000000e+02
6.726000000000000000e+03
6.404000000000000000e+03
2.750000000000000000e+02
5.580000000000000000e+02
9.970000000000000000e+03
6.965000000000000000e+03
9.992000000000000000e+03
3.240000000000000000e+02
6.950000000000000000e+03
9.507000000000000000e+03
9.092000000000000000e+03
7.301000000000000000e+03
2.250000000000000000e+02
