6.966000000000000000e+03
9.600000000000000000e+01
8.854000000000000000e+03
6.501000000000000000e+03
8.950000000000000000e+02
9.166000000000000000e+03
7.190000000000000000e+03
9.864000000000000000e+03
7.512000000000000000e+03
5.845000000000000000e+03
7.281000000000000000e+03
6.670000000000000000e+02
9.857000000000000000e+03
3.698000000000000000e+03
7.077000000000000000e+03
9.568000000000000000e+03
1.010200000000000000e+04
3.160000000000000000e+02
6.967000000000000000e+03
6.690000000000000000e+02
9.755000000000000000e+03
9.507000000000000000e+03
6.404000000000000000e+03
3.700000000000000000e+03
9.521000000000000000e+03
6.710000000000000000e+02
7.170000000000000000e+03
6.965000000000000000e+03
3.240000000000000000e+02
1.019400000000000000e+04
9.319000000000000000e+03
1.006000000000000000e+04
6.516000000000000000e+03
6.660000000000000000e+02
5.000000000000000000e+00
6.613000000000000000e+03
3.586000000000000000e+03
9.970000000000000000e+03
7.076000000000000000e+03
2.750000000000000000e+02
5.063000000000000000e+03
6.700000000000000000e+02
7.900000000000000000e+02
7.399000000000000000e+03
3.150000000000000000e+02
6.853000000000000000e+03
9.278000000000000000e+03
9.995000000000000000e+03
9.184000000000000000e+03
7.189000000000000000e+03
