3.270000000000000000e+02
2.140000000000000000e+02
3.260000000000000000e+02
3.040000000000000000e+02
3.280000000000000000e+02
3.290000000000000000e+02
5.200000000000000000e+01
3.380000000000000000e+02
3.250000000000000000e+02
3.300000000000000000e+02
4.900000000000000000e+01
1.850000000000000000e+02
5.400000000000000000e+01
2.330000000000000000e+02
3.330000000000000000e+02
4.390000000000000000e+02
2.050000000000000000e+02
6.900000000000000000e+01
3.230000000000000000e+02
2.100000000000000000e+01
3.400000000000000000e+02
3.540000000000000000e+02
8.900000000000000000e+01
4.700000000000000000e+01
3.410000000000000000e+02
2.770000000000000000e+02
1.640000000000000000e+02
1.960000000000000000e+02
3.070000000000000000e+02
3.340000000000000000e+02
4.800000000000000000e+01
3.310000000000000000e+02
2.480000000000000000e+02
2.740000000000000000e+02
1.470000000000000000e+02
2.940000000000000000e+02
4.410000000000000000e+02
6.000000000000000000e+01
1.550000000000000000e+02
3.370000000000000000e+02
3.240000000000000000e+02
9.500000000000000000e+01
2.420000000000000000e+02
2.510000000000000000e+02
3.820000000000000000e+02
1.630000000000000000e+02
7.000000000000000000e+01
2.910000000000000000e+02
7.300000000000000000e+01
1.690000000000000000e+02
