4.652000000000000000e+03
1.470000000000000000e+03
5.380000000000000000e+03
2.717000000000000000e+03
5.234000000000000000e+03
2.665000000000000000e+03
2.013000000000000000e+03
2.138000000000000000e+03
4.305000000000000000e+03
4.517000000000000000e+03
4.348000000000000000e+03
3.803000000000000000e+03
3.745000000000000000e+03
4.736000000000000000e+03
4.306000000000000000e+03
2.653000000000000000e+03
2.756000000000000000e+03
2.643000000000000000e+03
3.570000000000000000e+03
2.384000000000000000e+03
2.710000000000000000e+03
1.264000000000000000e+03
3.937000000000000000e+03
1.870000000000000000e+02
2.543000000000000000e+03
1.771000000000000000e+03
4.293000000000000000e+03
3.760000000000000000e+02
9.000000000000000000e+01
8.170000000000000000e+02
2.664000000000000000e+03
1.490000000000000000e+02
5.256000000000000000e+03
4.944000000000000000e+03
3.689000000000000000e+03
3.598000000000000000e+03
3.335000000000000000e+03
8.480000000000000000e+02
1.758000000000000000e+03
3.592000000000000000e+03
1.554000000000000000e+03
2.722000000000000000e+03
5.400000000000000000e+01
1.480000000000000000e+02
2.068000000000000000e+03
2.163000000000000000e+03
3.500000000000000000e+01
2.861000000000000000e+03
4.264000000000000000e+03
1.138000000000000000e+03
