9.020000000000000000e+02
1.927000000000000000e+03
2.337000000000000000e+03
1.084000000000000000e+03
1.260000000000000000e+03
3.670000000000000000e+02
1.805000000000000000e+03
1.329000000000000000e+03
1.081000000000000000e+03
2.171000000000000000e+03
1.082000000000000000e+03
1.924000000000000000e+03
6.610000000000000000e+02
1.024000000000000000e+03
6.570000000000000000e+02
9.000000000000000000e+02
1.388000000000000000e+03
1.926000000000000000e+03
1.323000000000000000e+03
3.080000000000000000e+02
9.010000000000000000e+02
2.166000000000000000e+03
1.016000000000000000e+03
9.640000000000000000e+02
1.865000000000000000e+03
1.142000000000000000e+03
2.172000000000000000e+03
1.267000000000000000e+03
9.610000000000000000e+02
2.107000000000000000e+03
4.260000000000000000e+02
1.022000000000000000e+03
1.450000000000000000e+03
1.866000000000000000e+03
1.202000000000000000e+03
1.446000000000000000e+03
7.810000000000000000e+02
1.136000000000000000e+03
3.090000000000000000e+02
1.863000000000000000e+03
1.389000000000000000e+03
8.420000000000000000e+02
2.169000000000000000e+03
1.266000000000000000e+03
1.020000000000000000e+03
1.686000000000000000e+03
1.203000000000000000e+03
1.019000000000000000e+03
7.800000000000000000e+02
2.338000000000000000e+03
