[71, 144, 186, 225, 473, 504, 515, ]
[16, 38, 179, 396, 471, 520, 576, ]
[3, 389, 576, 580, ]
[16, 188, 394, 428, 470, 513, 523, 538, ]
[10, 48, 66, 111, 395, 462, 519, 568, ]
[12, 94, 175, 226, 415, 613, ]
[4, 177, 363, 425, 461, 513, 527, ]
[0, 1, 168, 417, 584, ]
[3, 9, 169, 215, ]
[17, 101, 314, 361, 426, 516, 547, ]
[0, 39, 178, 186, 393, 395, ]
[10, 15, 104, 144, 155, 435, ]
[0, 129, 156, 196, 203, 298, ]
[1, 74, 166, 189, 206, 303, ]
[20, 78, 144, 186, 549, ]
[101, 395, 401, 459, 488, 552, ]
[0, 175, 184, 392, 393, ]
[8, 23, 205, 216, ]
[76, 106, 413, 415, 445, 491, ]
[0, 134, 211, 361, 396, 452, 527, ]
[1, 186, 332, 456, 576, ]
[36, 148, 471, 479, 480, 523, 540, ]
[0, 79, 217, 326, 432, 433, ]
[5, 170, 411, 473, 584, ]
[21, 179, 227, 477, ]
[21, 387, 394, 495, 524, 573, ]