[7, 82, 125, 132, 178, 196, 210, 215, 255, 291, 359, 417, 480, 486, 529, 530, 532, 539, 543, 553, 559, 561, 575, 597, 613, 614, 694, 707, 710, 739, 743, 753, 773, 806, 822, 824, 828, 890, 901, 948, 952, 960, 996, 1011, ]
[3, 13, 62, 127, 196, 202, 229, 253, 321, 343, 405, 415, 420, 436, 479, 484, 488, 501, 524, 526, 533, 534, 579, 612, 631, 650, 674, 681, 709, 711, 726, 743, 744, 750, 758, 774, 790, 818, 832, 838, 840, 900, 905, 922, 967, 991, 995, 1014, ]
[7, 9, 33, 68, 109, 121, 147, 242, 281, 313, 355, 357, 423, 496, 499, 504, 519, 544, 549, 562, 601, 631, 646, 662, 664, 742, 776, 793, 824, 833, 834, 864, 890, 896, 922, 924, 925, 926, 928, 960, 999, ]
[34, 67, 114, 126, 131, 135, 158, 160, 161, 162, 163, 192, 193, 194, 219, 228, 278, 326, 336, 439, 452, 454, 459, 464, 471, 500, 505, 512, 519, 524, 527, 551, 566, 572, 588, 603, 611, 616, 624, 628, 633, 634, 638, 642, 678, 710, 711, 717, 723, 776, 801, 807, 832, 907, 929, 930, 931, 959, 964, 965, 992, 1008, 1013, ]
[0, 1, 2, 33, 37, 38, 61, 85, 100, 256, 269, 296, 355, 361, 383, 438, 459, 461, 464, 493, 501, 522, 525, 526, 532, 541, 557, 558, 560, 565, 579, 585, 593, 602, 616, 623, 627, 631, 639, 644, 656, 661, 679, 741, 742, 776, 784, 798, 810, 817, 824, 837, 868, 960, 963, 967, 993, 1001, 1014, 1015, ]
[8, 10, 11, 16, 24, 33, 44, 62, 124, 196, 199, 287, 296, 304, 326, 335, 384, 453, 466, 471, 499, 503, 504, 520, 524, 531, 567, 573, 578, 590, 594, 595, 659, 709, 710, 739, 779, 803, 843, 852, 926, 943, 969, 981, 999, 1012, 1021, ]
[11, 31, 63, 64, 93, 105, 112, 142, 149, 182, 216, 247, 309, 310, 311, 312, 317, 328, 340, 355, 376, 410, 442, 455, 475, 487, 548, 558, 599, 605, 607, 615, 627, 633, 637, 674, 690, 698, 699, 724, 726, 730, 741, 756, 760, 761, 762, 792, 798, 827, 855, 859, 885, 886, 947, 963, 979, 1019, ]
[0, 16, 26, 33, 36, 41, 42, 64, 76, 93, 103, 106, 164, 235, 289, 297, 341, 396, 430, 456, 480, 486, 490, 496, 518, 520, 529, 536, 537, 543, 550, 559, 578, 585, 614, 616, 634, 660, 665, 694, 707, 739, 748, 760, 782, 803, 894, 923, 962, 965, 979, 995, 1001, 1005, ]
[8, 40, 50, 63, 101, 161, 220, 263, 264, 301, 308, 319, 326, 342, 351, 405, 442, 468, 484, 485, 488, 519, 528, 531, 535, 538, 546, 551, 555, 563, 581, 597, 605, 627, 630, 655, 661, 676, 702, 720, 800, 801, 805, 849, 881, 904, 933, 949, 957, 966, 994, ]
[0, 7, 33, 46, 54, 93, 94, 126, 149, 157, 169, 234, 271, 306, 323, 355, 358, 360, 422, 434, 439, 462, 469, 493, 527, 587, 598, 605, 615, 621, 626, 634, 638, 647, 665, 666, 698, 726, 736, 742, 746, 769, 776, 794, 802, 806, 819, 871, 927, 932, 934, 948, 962, 966, 982, 998, 999, ]
[184, 249, 273, 377, 426, 464, 465, 469, 480, 481, 482, 498, 504, 507, 511, 513, 514, 544, 546, 570, 576, 577, 578, 608, 609, 632, 642, 672, 679, 686, 698, 770, 810, 832, 934, 1003, 1010, ]
[0, 1, 31, 42, 48, 68, 73, 76, 91, 104, 105, 127, 128, 144, 153, 167, 191, 196, 221, 285, 291, 296, 323, 330, 379, 403, 405, 449, 469, 471, 472, 488, 492, 521, 526, 540, 543, 550, 553, 563, 565, 607, 616, 623, 629, 640, 650, 664, 671, 674, 678, 693, 703, 712, 749, 771, 818, 820, 836, 872, 895, 928, 987, 1017, 1018, 1019, ]
[10, 15, 68, 102, 126, 210, 224, 243, 255, 267, 299, 300, 308, 332, 346, 363, 407, 455, 486, 499, 531, 541, 549, 562, 563, 567, 568, 585, 594, 595, 602, 625, 626, 627, 640, 644, 712, 733, 736, 760, 778, 787, 807, 835, 846, 850, 865, 928, 929, 961, 999, 1003, 1013, 1023, ]
[13, 33, 37, 63, 64, 66, 68, 94, 95, 104, 136, 153, 205, 225, 230, 294, 318, 322, 327, 352, 354, 385, 409, 423, 427, 437, 438, 453, 456, 488, 497, 500, 519, 526, 530, 563, 564, 572, 581, 583, 586, 588, 623, 624, 630, 644, 645, 646, 671, 676, 695, 709, 735, 739, 740, 745, 746, 752, 756, 768, 771, 779, 803, 805, 839, 867, 901, 934, 940, 961, 969, 990, 991, 1010, ]
[8, 60, 71, 126, 127, 187, 188, 229, 234, 308, 319, 326, 327, 355, 380, 410, 416, 439, 471, 499, 517, 549, 561, 616, 692, 697, 706, 709, 712, 733, 778, 850, 868, 882, 895, 989, 992, 1002, ]