[73, 452, 471, 395, 473, 610, 536]
[73, 518, 475, 331, 565, 593, 0]
[73, 583, 570, 230, 400, 601, 8]
[73, 396, 583, 338, 439, 452, 0]
[73, 394, 551, 452, 576, 403, 485]
[73, 415, 504, 533, 180, 195]
[73, 514, 411, 474, 576, 147, 2]
[73, 473, 362, 211, 219, 546, 4]
[73, 417, 184, 501, 505, 438, 1]
[73, 213, 514, 197, 369, 193, 1]
[73, 395, 145, 337, 576, 477, 0]
[73, 395, 393, 261, 219, 337]
[73, 176, 552, 200, 539, 7]
[73, 165, 107, 266, 536, 0]
[73, 160, 206, 169, 158, 0]
[73, 111, 14, 183, 539, 585]
[73, 174, 537, 486, 576, 602, 93]
[73, 395, 199, 226, 602, 192, 1]
[73, 184, 583, 17, 158, 194, 5]
[73, 172, 218, 271, 302, 85]
[73, 412, 600, 470, 182]
[73, 487, 527, 583, 431, 161, 4]
[73, 455, 201, 511, 604, 100]
[73, 479, 480, 612, 317, 228, 1]
[73, 432, 519, 479, 203, 257, 0]
[73, 171, 473, 227, 596, 48]