[73, 515, 471, 473, 475, 370, 4]
[73, 518, 475, 371, 565, 306]
[73, 583, 570, 518, 440, 219, 0]
[73, 396, 583, 603, 222, 371, 13]
[73, 583, 552, 223, 476, 592, 29]
[73, 415, 504, 220, 288, 575, 225]
[73, 415, 516, 193, 339, 222, 100]
[73, 362, 440, 211, 165, 219, 445]
[73, 417, 174, 537, 339, 513]
[73, 213, 554, 467, 440, 78]
[73, 395, 69, 576, 362, 1]
[73, 395, 393, 223, 431, 10]
[73, 176, 549, 468, 614, 94, 0]
[73, 107, 142, 369, 303, 183]
[73, 371, 204, 182, 139, 10]
[73, 107, 181, 470, 589, 183]
[73, 68, 549, 274, 537, 290, 592]
[73, 395, 146, 226, 196, 228]
[73, 184, 583, 17, 300]
[73, 172, 214, 480, 18]
[73, 412, 601, 215, 573, 0]
[73, 487, 527, 583, 588, 252, 17]
[73, 455, 201, 362, 190, 594]
[73, 479, 480, 552, 571, 164]
[73, 432, 519, 219, 479, 241, 10]
[73, 171, 473, 227, 596, 48]