[14, 25, 27, 28, 29, 43, 48, 52, 53, 61, 62, 65, 73, 83, 86, ]
[7, 9, 12, 20, 27, 29, 30, 31, 34, 45, 48, 51, 52, 63, 67, 71, 80, 81, 82, 83, 84, 85, 87, 89, ]
[3, 5, 9, 10, 25, 27, 29, 31, 33, 38, 51, 53, 55, 66, 77, 79, 88, 89, ]
[16, 23, 33, 35, 36, 53, 54, 83, ]
[2, 7, 9, 13, 16, 17, 19, 22, 25, 35, 40, 43, 50, 60, 64, 75, 80, 87, 89, ]
[23, 27, 32, 38, 48, 55, 59, 61, 82, ]
[12, 14, 16, 19, 21, 31, 37, 38, 43, 48, 53, 63, 71, 76, 79, 81, 84, 86, 88, 89, ]
[0, 3, 15, 19, 21, 23, 24, 25, 27, 29, 30, 31, 39, 40, 68, 78, 83, 88, 89, ]
[8, 17, 25, 26, 28, 31, 42, 43, 51, 56, 65, 67, 75, 80, 83, 87, ]
[5, 8, 13, 22, 29, 33, 37, 48, 50, 53, 67, 79, 86, 87, 88, ]
[2, 9, 15, 27, 31, 40, 43, 51, 60, 61, 65, 69, 83, 88, 89, ]
[0, 1, 6, 8, 27, 29, 30, 32, 35, 46, 51, 53, 55, 60, 62, 77, 82, 84, 86, 88, ]
[2, 3, 13, 21, 37, 40, 41, 55, 67, 68, 71, 73, 74, 85, 89, ]
[2, 4, 7, 13, 19, 24, 25, 26, 27, 41, 47, 50, 53, 59, 63, 64, 69, 82, ]
[8, 11, 12, 13, 14, 22, 25, 34, 39, 49, 51, 55, 59, 61, 64, 65, 71, 72, 75, 79, ]