[28, 36, 39, 52, 71, 83, 84, 99, 106, 115, 134, 135, 149, 152, 154, 177, 181, 183, 184, 186, 203, 204, 214, 215, 228, 236, 244, 245, 256, 276, 297, 299, 300, 309, 335, 336, 359, 360, 361, 364, 375, 395, 404, 414, 417, 421, 429, 431, 432, 433, 434, 436, 437, 448, 452, 453, 454, 515, 522, 537, 551, 553, 554, 581, 595, 598, 608, ]
[1, 19, 23, 70, 81, 111, 154, 185, 198, 215, 217, 254, 293, 299, 304, 314, 317, 331, 336, 343, 360, 362, 393, 395, 396, 422, 424, 425, 427, 429, 432, 445, 452, 454, 455, 456, 457, 458, 470, 471, 477, 479, 486, 489, 512, 519, 520, 544, 545, 554, 555, 564, 565, 603, ]
[21, 131, 139, 185, 330, 377, 387, 389, 425, 448, 481, 493, 496, 513, 531, 539, 545, 555, 559, 576, 581, 583, ]
[7, 49, 168, 217, 244, 305, 331, 335, 339, 352, 360, 363, 367, 393, 394, 396, 428, 432, 435, 446, 461, 462, 470, 471, 479, 499, 501, 523, 533, 559, 572, 579, 615, ]
[5, 15, 108, 112, 124, 150, 165, 171, 189, 215, 217, 228, 240, 241, 253, 260, 268, 271, 273, 274, 285, 287, 303, 316, 328, 337, 341, 360, 393, 395, 397, 415, 421, 424, 425, 432, 434, 462, 463, 466, 467, 468, 469, 471, 479, 492, 504, 512, 561, 581, 583, 603, 608, ]
[16, 77, 110, 131, 140, 166, 169, 172, 173, 184, 202, 206, 242, 248, 283, 336, 341, 367, 372, 378, 406, 408, 411, 414, 415, 423, 441, 445, 452, 473, 488, 528, 589, 602, 604, 607, 608, 610, 612, 614, ]
[37, 38, 81, 166, 174, 184, 239, 248, 286, 332, 333, 361, 362, 363, 394, 395, 420, 424, 425, 426, 433, 435, 443, 447, 473, 474, 494, 495, 496, 512, 513, 522, 524, 527, 534, 559, 560, 562, 566, 568, 582, 606, ]
[108, 118, 168, 172, 192, 201, 210, 277, 301, 306, 344, 383, 384, 385, 394, 417, 418, 423, 439, 440, 443, 445, 446, 449, 451, 455, 471, 473, 490, 522, 581, 582, 584, 588, 600, 601, 602, 604, 606, 609, ]
[8, 9, 10, 22, 36, 41, 43, 47, 61, 68, 75, 76, 99, 108, 155, 179, 180, 204, 213, 214, 215, 233, 234, 259, 264, 266, 333, 337, 347, 355, 371, 429, 432, 434, 437, 443, 485, 500, 581, 596, 610, ]
[3, 20, 39, 49, 66, 79, 92, 101, 114, 132, 135, 146, 147, 180, 192, 210, 213, 214, 237, 259, 292, 306, 331, 335, 339, 362, 375, 395, 416, 426, 427, 434, 436, 457, 480, 481, 482, 488, 494, 495, 500, 501, 512, 513, 517, 526, 527, 531, 537, 553, 559, 561, 576, 583, 606, ]
[20, 44, 49, 50, 72, 82, 83, 115, 127, 138, 147, 148, 171, 182, 197, 202, 214, 215, 252, 308, 334, 341, 364, 393, 394, 395, 396, 416, 424, 425, 426, 429, 447, 460, 461, 474, 475, 488, 495, 498, 500, 502, 524, 525, 539, 543, 554, 577, 581, 583, 596, 599, ]
[15, 45, 46, 56, 72, 102, 104, 114, 130, 133, 134, 135, 145, 165, 166, 167, 172, 177, 181, 196, 210, 211, 214, 215, 217, 239, 258, 336, 366, 374, 393, 407, 408, 416, 428, 429, 433, 552, 553, 582, 589, 590, 594, 606, ]
[22, 25, 37, 48, 69, 71, 77, 128, 161, 162, 164, 165, 171, 193, 214, 236, 275, 296, 298, 299, 309, 310, 328, 333, 370, 371, 372, 373, 394, 415, 435, 436, 471, 492, 522, 524, 553, 561, 588, 590, 591, 592, 602, ]
[69, 80, 81, 82, 158, 160, 161, 162, 165, 175, 189, 190, 205, 208, 213, 224, 243, 248, 281, 295, 302, 303, 309, 333, 346, 361, 367, 371, 372, 373, 394, 417, 423, 426, 431, 435, 436, 479, 522, 556, 591, 592, 593, 605, ]
[9, 25, 41, 47, 68, 99, 100, 131, 135, 163, 164, 166, 171, 175, 180, 198, 210, 217, 227, 229, 232, 233, 234, 258, 261, 265, 305, 307, 311, 335, 360, 372, 375, 398, 407, 408, 409, 411, 414, 427, 431, 433, 461, 475, 477, 496, 517, 549, 582, 588, 590, ]
[13, 70, 79, 81, 106, 133, 151, 153, 154, 165, 166, 189, 214, 237, 241, 253, 257, 272, 279, 281, 295, 302, 304, 327, 328, 330, 343, 394, 395, 397, 426, 427, 429, 446, 448, 460, 471, 474, 480, 481, 488, 489, 490, 491, 492, 493, 508, 510, 524, 530, 538, 542, 550, 560, 561, 563, 567, 577, 581, 597, ]
[51, 80, 98, 99, 122, 134, 150, 163, 182, 184, 185, 200, 202, 215, 217, 219, 227, 262, 332, 339, 361, 392, 393, 394, 407, 408, 411, 423, 434, 444, 447, 457, 477, 486, 488, 499, 511, 513, 520, 526, 527, 529, 531, 532, 537, 539, 558, 560, 576, 581, 582, 583, 590, 591, ]
[2, 7, 8, 36, 48, 87, 95, 98, 115, 139, 172, 173, 183, 205, 215, 232, 264, 298, 309, 330, 337, 375, 411, 422, 425, 433, 435, 437, 444, 447, 471, 555, 561, 565, 581, 592, 606, ]
[27, 79, 130, 166, 172, 211, 333, 340, 377, 408, 410, 412, 413, 414, 415, 434, 442, 447, 496, 597, 601, 605, ]
[59, 60, 81, 165, 216, 257, 272, 330, 331, 345, 354, 361, 394, 424, 425, 426, 428, 432, 437, 469, 470, 471, 474, 480, 486, 487, 488, 492, 493, 494, 495, 496, 502, 503, 505, 513, 527, 533, 534, 561, 565, 569, 576, 581, 612, ]
[8, 12, 15, 72, 83, 99, 107, 130, 162, 182, 183, 199, 200, 214, 216, 217, 218, 228, 249, 262, 278, 286, 331, 332, 333, 336, 358, 371, 375, 391, 407, 408, 409, 410, 428, 430, 452, 458, 461, 471, 477, 479, 480, 512, 546, 576, 589, ]
[37, 51, 109, 113, 154, 169, 173, 182, 186, 198, 233, 250, 294, 337, 351, 360, 361, 362, 408, 425, 454, 459, 461, 471, 474, 479, 480, 544, 551, 552, 553, 567, 571, 576, 581, 590, 601, ]
[49, 53, 66, 67, 118, 133, 172, 202, 203, 218, 227, 254, 258, 259, 260, 291, 314, 323, 324, 325, 326, 333, 356, 357, 367, 394, 408, 411, 414, 431, 432, 433, 434, 435, 485, 499, 500, 509, 525, 545, 582, 584, 585, 586, 590, 608, ]
[16, 48, 73, 113, 130, 165, 166, 170, 174, 207, 208, 210, 213, 217, 248, 336, 349, 361, 376, 407, 410, 418, 439, 441, 447, 448, 473, 479, 506, 521, 551, 581, 582, 584, 585, 598, 600, 602, 603, 611, ]
[3, 18, 19, 20, 21, 23, 31, 38, 72, 103, 104, 112, 130, 134, 140, 178, 192, 212, 213, 215, 227, 240, 245, 247, 250, 255, 258, 259, 277, 278, 282, 336, 363, 364, 369, 395, 396, 397, 416, 423, 427, 428, 432, 461, 473, 474, 475, 477, 479, 498, 512, 544, 545, 562, 576, 596, ]
[17, 156, 224, 322, 329, 333, 346, 392, 416, 421, 422, 426, 428, 433, 471, 479, 485, 489, 495, 496, 516, 523, 526, 529, 531, 541, 547, 549, 556, 559, 560, 564, 570, 571, 573, 576, 577, 578, 580, 600, ]