[7, 50, 82, 125, 132, 178, 196, 210, 215, 294, 323, 359, 480, 516, 529, 532, 543, 561, 575, 613, 614, 667, 694, 707, 710, 721, 739, 773, 776, 800, 806, 822, 828, 850, 901, 949, 952, 996, ]
[3, 13, 62, 127, 190, 196, 202, 255, 261, 262, 285, 343, 354, 405, 415, 420, 436, 449, 476, 479, 484, 488, 501, 524, 525, 526, 533, 534, 535, 553, 579, 590, 612, 631, 648, 650, 662, 674, 709, 711, 726, 743, 744, 758, 774, 782, 790, 808, 818, 900, 905, 922, 965, 991, 995, 1023, ]
[7, 9, 33, 68, 109, 121, 147, 242, 281, 313, 355, 358, 504, 519, 528, 533, 534, 544, 549, 562, 601, 615, 631, 662, 664, 793, 824, 833, 834, 864, 890, 896, 922, 925, 926, 928, 960, 999, 1011, ]
[34, 67, 92, 126, 127, 131, 136, 150, 160, 162, 163, 192, 193, 194, 228, 278, 322, 326, 338, 363, 439, 454, 457, 480, 487, 500, 512, 519, 524, 527, 551, 566, 572, 588, 591, 603, 616, 624, 628, 633, 634, 638, 642, 687, 710, 723, 750, 776, 807, 832, 901, 907, 929, 931, 959, 964, 965, 984, 992, 1008, 1021, ]
[1, 2, 37, 39, 54, 61, 68, 187, 256, 269, 287, 293, 355, 361, 383, 426, 438, 461, 489, 493, 501, 519, 522, 526, 531, 532, 557, 558, 560, 565, 579, 585, 593, 602, 604, 616, 623, 627, 631, 639, 644, 656, 661, 679, 712, 742, 776, 784, 798, 810, 817, 824, 837, 868, 960, 963, 967, 993, 1001, 1014, 1015, ]
[8, 10, 11, 33, 44, 50, 62, 124, 199, 273, 287, 296, 326, 335, 439, 457, 466, 467, 499, 503, 520, 524, 531, 551, 567, 573, 590, 594, 595, 616, 689, 705, 739, 742, 747, 771, 773, 779, 839, 843, 852, 926, 934, 943, 981, 1003, ]
[11, 30, 63, 64, 93, 105, 112, 142, 143, 149, 157, 182, 216, 247, 309, 310, 311, 312, 314, 317, 328, 340, 355, 410, 442, 455, 460, 475, 548, 558, 605, 607, 615, 627, 631, 633, 637, 674, 690, 698, 699, 724, 726, 730, 741, 756, 760, 761, 762, 763, 792, 798, 827, 855, 859, 885, 896, 917, 947, 966, 979, 1019, ]
[16, 33, 36, 41, 42, 64, 76, 93, 103, 106, 164, 219, 235, 341, 355, 426, 430, 480, 485, 486, 518, 520, 529, 536, 537, 543, 559, 560, 614, 630, 660, 665, 707, 739, 741, 745, 760, 803, 812, 897, 923, 950, 965, 987, 992, 1001, 1005, ]
[14, 50, 62, 95, 101, 161, 220, 262, 263, 264, 301, 308, 319, 342, 351, 405, 442, 456, 484, 488, 521, 528, 531, 535, 538, 546, 551, 555, 556, 563, 582, 591, 597, 605, 627, 629, 630, 657, 676, 702, 720, 776, 800, 801, 805, 849, 850, 949, 966, 994, ]
[0, 21, 33, 46, 65, 93, 94, 126, 149, 156, 169, 200, 234, 271, 323, 355, 360, 390, 422, 434, 469, 477, 493, 510, 518, 530, 555, 587, 591, 598, 605, 615, 621, 626, 633, 638, 647, 665, 666, 698, 726, 736, 746, 769, 776, 794, 802, 806, 819, 871, 927, 932, 934, 948, 962, 966, 998, 999, 1019, ]
[184, 249, 273, 377, 389, 480, 481, 482, 498, 504, 507, 511, 513, 514, 544, 546, 570, 576, 577, 578, 608, 609, 628, 632, 642, 672, 679, 682, 686, 698, 770, 810, 832, 934, 1003, 1010, ]
[0, 1, 42, 61, 68, 73, 76, 93, 104, 105, 128, 144, 153, 158, 167, 191, 285, 291, 323, 361, 403, 405, 419, 449, 463, 471, 488, 492, 521, 540, 543, 553, 563, 565, 607, 616, 623, 629, 640, 650, 674, 678, 693, 712, 735, 749, 771, 818, 820, 872, 894, 928, 987, 1018, ]
[10, 15, 43, 68, 102, 126, 210, 224, 254, 267, 281, 299, 300, 309, 313, 327, 332, 346, 356, 366, 455, 486, 499, 520, 531, 544, 549, 562, 563, 567, 568, 585, 594, 595, 602, 612, 625, 626, 627, 652, 712, 733, 736, 737, 739, 760, 778, 786, 787, 807, 816, 867, 896, 899, 928, 961, 999, 1002, 1013, 1021, 1023, ]
[33, 37, 64, 66, 68, 69, 94, 95, 104, 118, 127, 136, 205, 225, 230, 294, 308, 322, 325, 327, 351, 352, 354, 385, 409, 427, 453, 456, 476, 488, 500, 519, 526, 530, 550, 557, 563, 564, 581, 583, 588, 623, 624, 632, 644, 645, 646, 647, 676, 707, 709, 735, 739, 740, 745, 752, 756, 767, 768, 771, 779, 803, 806, 867, 901, 934, 940, 961, 969, 989, 990, 991, 1009, 1010, ]
[13, 60, 102, 126, 127, 159, 187, 208, 229, 234, 249, 295, 326, 327, 340, 355, 357, 380, 416, 439, 471, 499, 517, 529, 538, 549, 561, 613, 616, 692, 712, 727, 771, 804, 850, 868, 882, 895, 992, ]