[7, 50, 82, 125, 132, 178, 210, 215, 228, 262, 323, 359, 480, 516, 529, 530, 532, 543, 551, 561, 575, 581, 613, 667, 694, 707, 710, 739, 753, 773, 776, 800, 807, 822, 828, 869, 901, 949, 952, 996, ]
[3, 13, 62, 69, 127, 190, 196, 202, 229, 253, 326, 343, 386, 405, 415, 436, 449, 476, 479, 484, 501, 524, 526, 534, 579, 612, 631, 650, 662, 674, 709, 711, 726, 735, 743, 744, 758, 774, 782, 790, 818, 832, 840, 900, 905, 922, 967, 991, 997, ]
[7, 9, 33, 50, 68, 147, 242, 264, 313, 355, 390, 461, 495, 504, 528, 534, 544, 549, 562, 601, 631, 646, 662, 691, 776, 793, 824, 833, 834, 864, 890, 896, 922, 925, 926, 928, 960, 999, ]
[34, 49, 67, 114, 126, 131, 135, 158, 160, 161, 162, 163, 167, 192, 193, 194, 219, 228, 278, 326, 338, 439, 480, 486, 487, 500, 512, 519, 526, 527, 551, 566, 572, 579, 588, 591, 603, 616, 624, 628, 633, 634, 638, 678, 687, 710, 723, 728, 750, 801, 804, 806, 807, 832, 901, 907, 929, 930, 931, 959, 964, 965, 992, 1013, 1021, ]
[1, 2, 37, 61, 68, 85, 191, 269, 319, 355, 361, 426, 438, 461, 489, 493, 501, 522, 525, 532, 542, 557, 558, 560, 563, 568, 579, 584, 593, 597, 602, 616, 623, 631, 639, 644, 659, 661, 679, 736, 741, 742, 776, 784, 798, 817, 824, 829, 837, 868, 960, 963, 967, 992, 993, 1001, 1014, 1015, ]
[8, 14, 24, 29, 33, 42, 43, 44, 92, 168, 196, 287, 296, 304, 326, 335, 384, 439, 466, 499, 503, 520, 524, 531, 551, 567, 571, 573, 578, 590, 594, 595, 654, 659, 710, 739, 747, 773, 835, 843, 852, 943, 959, 981, 1012, ]
[11, 30, 63, 64, 93, 105, 112, 143, 149, 182, 216, 247, 260, 309, 310, 311, 312, 328, 340, 355, 383, 410, 442, 455, 475, 487, 548, 558, 581, 593, 605, 607, 615, 631, 633, 637, 690, 698, 699, 724, 726, 730, 741, 756, 760, 761, 762, 763, 792, 798, 855, 859, 885, 896, 917, 947, 979, 1019, ]
[16, 26, 33, 34, 36, 41, 42, 64, 76, 93, 103, 106, 164, 219, 235, 297, 341, 426, 430, 463, 486, 490, 518, 529, 534, 536, 537, 543, 550, 559, 560, 578, 585, 614, 616, 652, 660, 665, 694, 707, 739, 741, 743, 760, 780, 803, 894, 901, 923, 961, 965, 980, 987, 992, 994, 1001, 1005, ]
[8, 40, 50, 63, 101, 161, 176, 220, 263, 264, 301, 319, 326, 339, 342, 405, 410, 468, 484, 488, 521, 531, 535, 538, 546, 551, 555, 563, 581, 597, 605, 627, 630, 655, 661, 676, 702, 720, 800, 801, 805, 849, 850, 868, 895, 904, 949, 966, 994, ]
[4, 24, 33, 93, 94, 102, 126, 149, 169, 187, 190, 200, 234, 306, 323, 355, 360, 407, 422, 469, 493, 504, 510, 514, 530, 555, 587, 591, 598, 605, 615, 621, 626, 633, 638, 647, 665, 666, 726, 769, 776, 794, 802, 804, 806, 810, 819, 846, 871, 927, 934, 962, 966, 998, 999, ]
[249, 273, 287, 377, 464, 469, 480, 481, 482, 498, 504, 507, 511, 513, 514, 544, 546, 570, 576, 577, 578, 608, 609, 632, 642, 672, 679, 681, 686, 698, 770, 810, 832, 934, 1003, 1010, ]
[0, 1, 42, 48, 68, 74, 76, 93, 104, 105, 128, 133, 144, 153, 158, 190, 191, 266, 291, 323, 376, 379, 403, 405, 449, 463, 469, 471, 488, 492, 501, 521, 540, 543, 553, 563, 565, 607, 616, 623, 640, 650, 671, 674, 678, 703, 712, 749, 771, 818, 820, 872, 926, 994, 1018, 1019, 1023, ]
[15, 69, 97, 102, 126, 210, 224, 255, 267, 299, 300, 308, 332, 346, 363, 366, 384, 407, 499, 531, 549, 562, 563, 567, 568, 585, 594, 595, 602, 612, 625, 626, 627, 644, 652, 733, 736, 760, 778, 807, 816, 818, 819, 835, 846, 864, 865, 867, 928, 929, 1003, 1013, 1023, ]
[33, 37, 45, 61, 64, 66, 69, 95, 104, 118, 127, 135, 199, 205, 225, 230, 262, 294, 318, 322, 352, 354, 384, 385, 423, 427, 437, 442, 453, 456, 476, 488, 500, 519, 526, 528, 530, 550, 563, 566, 581, 583, 586, 588, 623, 624, 632, 644, 645, 646, 671, 695, 707, 708, 709, 735, 739, 745, 746, 752, 756, 768, 771, 772, 779, 803, 806, 833, 867, 901, 935, 940, 961, 990, 991, 1009, 1010, ]
[8, 60, 71, 102, 126, 127, 159, 168, 187, 188, 211, 229, 287, 295, 308, 326, 328, 355, 380, 410, 416, 439, 471, 499, 517, 529, 538, 549, 561, 598, 613, 616, 692, 712, 727, 752, 771, 778, 801, 850, 868, 882, 895, 989, 992, ]