2.430000000000000000e+02
8.471000000000000000e+03
3.381000000000000000e+03
8.652000000000000000e+03
4.591000000000000000e+03
7.650000000000000000e+02
4.490000000000000000e+03
9.995000000000000000e+03
9.511000000000000000e+03
9.981000000000000000e+03
5.000000000000000000e+00
8.000000000000000000e+02
6.294000000000000000e+03
3.590000000000000000e+03
7.643000000000000000e+03
2.955000000000000000e+03
9.487000000000000000e+03
2.529000000000000000e+03
2.603000000000000000e+03
6.600000000000000000e+02
9.087000000000000000e+03
6.139000000000000000e+03
4.030000000000000000e+02
8.735000000000000000e+03
5.244000000000000000e+03
5.630000000000000000e+03
1.060000000000000000e+02
9.923000000000000000e+03
2.708000000000000000e+03
6.630000000000000000e+03
5.023000000000000000e+03
5.192000000000000000e+03
6.096000000000000000e+03
4.322000000000000000e+03
3.297000000000000000e+03
1.912000000000000000e+03
8.550000000000000000e+03
7.800000000000000000e+03
7.520000000000000000e+03
9.719000000000000000e+03
6.501000000000000000e+03
2.567000000000000000e+03
4.868000000000000000e+03
6.125000000000000000e+03
8.486000000000000000e+03
9.179000000000000000e+03
4.967000000000000000e+03
6.000000000000000000e+00
4.560000000000000000e+02
7.792000000000000000e+03
