7.768000000000000000e+03
1.012400000000000000e+04
3.610000000000000000e+02
7.165000000000000000e+03
3.113000000000000000e+03
2.465000000000000000e+03
4.249000000000000000e+03
1.002100000000000000e+04
7.335000000000000000e+03
1.073300000000000000e+04
9.882000000000000000e+03
2.507000000000000000e+03
6.009000000000000000e+03
8.199000000000000000e+03
6.749000000000000000e+03
1.009100000000000000e+04
1.597000000000000000e+03
1.345000000000000000e+03
6.336000000000000000e+03
2.547000000000000000e+03
5.212000000000000000e+03
2.775000000000000000e+03
5.967000000000000000e+03
9.250000000000000000e+03
9.138000000000000000e+03
9.153000000000000000e+03
6.496000000000000000e+03
4.920000000000000000e+02
2.763000000000000000e+03
8.950000000000000000e+03
6.766000000000000000e+03
2.934000000000000000e+03
6.107000000000000000e+03
1.066100000000000000e+04
4.709000000000000000e+03
7.144000000000000000e+03
1.065100000000000000e+04
8.021000000000000000e+03
1.642000000000000000e+03
7.420000000000000000e+03
9.363000000000000000e+03
5.154000000000000000e+03
2.467000000000000000e+03
2.199000000000000000e+03
4.188000000000000000e+03
4.051000000000000000e+03
1.019500000000000000e+04
5.104000000000000000e+03
3.849000000000000000e+03
1.936000000000000000e+03
