6.966000000000000000e+03
9.600000000000000000e+01
9.872000000000000000e+03
9.166000000000000000e+03
1.152000000000000000e+03
8.234000000000000000e+03
8.950000000000000000e+02
4.717000000000000000e+03
8.532000000000000000e+03
1.017900000000000000e+04
4.198000000000000000e+03
6.347000000000000000e+03
2.790000000000000000e+03
1.158000000000000000e+03
1.960000000000000000e+03
4.370000000000000000e+02
4.157000000000000000e+03
8.458000000000000000e+03
1.009800000000000000e+04
9.354000000000000000e+03
9.167000000000000000e+03
8.290000000000000000e+02
1.805000000000000000e+03
3.995000000000000000e+03
4.528000000000000000e+03
7.612000000000000000e+03
1.396000000000000000e+03
3.013000000000000000e+03
2.311000000000000000e+03
1.157000000000000000e+03
8.776000000000000000e+03
2.593000000000000000e+03
3.160000000000000000e+02
1.162000000000000000e+03
5.465000000000000000e+03
9.394000000000000000e+03
7.673000000000000000e+03
8.646000000000000000e+03
3.074000000000000000e+03
6.332000000000000000e+03
2.536000000000000000e+03
1.400000000000000000e+03
4.529000000000000000e+03
9.619000000000000000e+03
1.042000000000000000e+03
2.928000000000000000e+03
9.700000000000000000e+02
7.684000000000000000e+03
8.380000000000000000e+03
9.400000000000000000e+02
