2.585000000000000000e+03
4.532000000000000000e+03
4.155000000000000000e+03
3.620000000000000000e+03
4.237000000000000000e+03
4.087000000000000000e+03
2.188000000000000000e+03
5.073000000000000000e+03
4.107000000000000000e+03
2.690000000000000000e+03
3.648000000000000000e+03
2.710000000000000000e+03
9.700000000000000000e+02
3.397000000000000000e+03
1.815000000000000000e+03
3.993000000000000000e+03
5.385000000000000000e+03
3.903000000000000000e+03
2.762000000000000000e+03
2.798000000000000000e+03
3.919000000000000000e+03
4.203000000000000000e+03
4.842000000000000000e+03
3.077000000000000000e+03
9.100000000000000000e+02
3.474000000000000000e+03
3.724000000000000000e+03
3.845000000000000000e+03
4.832000000000000000e+03
2.697000000000000000e+03
2.816000000000000000e+03
5.840000000000000000e+02
4.646000000000000000e+03
2.084000000000000000e+03
2.365000000000000000e+03
4.685000000000000000e+03
3.114000000000000000e+03
2.400000000000000000e+03
5.666000000000000000e+03
3.660000000000000000e+03
3.715000000000000000e+03
2.496000000000000000e+03
4.959000000000000000e+03
4.852000000000000000e+03
4.085000000000000000e+03
3.668000000000000000e+03
5.679000000000000000e+03
1.879000000000000000e+03
5.192000000000000000e+03
3.762000000000000000e+03
