1.815000000000000000e+03
5.138000000000000000e+03
2.585000000000000000e+03
1.506000000000000000e+03
4.237000000000000000e+03
5.387000000000000000e+03
4.842000000000000000e+03
5.628000000000000000e+03
2.188000000000000000e+03
4.107000000000000000e+03
4.024000000000000000e+03
2.400000000000000000e+03
3.724000000000000000e+03
3.474000000000000000e+03
5.703000000000000000e+03
3.648000000000000000e+03
2.710000000000000000e+03
2.690000000000000000e+03
3.845000000000000000e+03
3.800000000000000000e+02
4.959000000000000000e+03
2.133000000000000000e+03
3.397000000000000000e+03
3.886000000000000000e+03
2.816000000000000000e+03
5.666000000000000000e+03
2.372000000000000000e+03
9.100000000000000000e+02
5.840000000000000000e+02
4.155000000000000000e+03
4.203000000000000000e+03
2.365000000000000000e+03
3.077000000000000000e+03
2.084000000000000000e+03
4.852000000000000000e+03
4.646000000000000000e+03
1.948000000000000000e+03
3.903000000000000000e+03
3.947000000000000000e+03
4.168000000000000000e+03
3.762000000000000000e+03
3.993000000000000000e+03
2.677000000000000000e+03
4.520000000000000000e+02
2.496000000000000000e+03
2.679000000000000000e+03
4.522000000000000000e+03
1.774000000000000000e+03
3.919000000000000000e+03
4.685000000000000000e+03
