2.419000000000000000e+03
1.261000000000000000e+03
1.020000000000000000e+02
2.199000000000000000e+03
1.090000000000000000e+02
4.880000000000000000e+02
1.299000000000000000e+03
2.160000000000000000e+02
1.000000000000000000e+02
1.689000000000000000e+03
9.330000000000000000e+02
1.080000000000000000e+02
2.198000000000000000e+03
4.500000000000000000e+01
2.110000000000000000e+02
1.060000000000000000e+02
1.369000000000000000e+03
4.870000000000000000e+02
5.700000000000000000e+02
8.690000000000000000e+02
7.830000000000000000e+02
9.200000000000000000e+02
5.560000000000000000e+02
4.890000000000000000e+02
1.805000000000000000e+03
1.050000000000000000e+02
1.745000000000000000e+03
8.120000000000000000e+02
2.309000000000000000e+03
2.180000000000000000e+02
1.070000000000000000e+02
7.660000000000000000e+02
1.408000000000000000e+03
6.100000000000000000e+02
3.090000000000000000e+02
1.806000000000000000e+03
4.910000000000000000e+02
1.030000000000000000e+02
2.190000000000000000e+02
1.355000000000000000e+03
2.254000000000000000e+03
7.120000000000000000e+02
9.240000000000000000e+02
5.570000000000000000e+02
5.380000000000000000e+02
1.600000000000000000e+02
4.560000000000000000e+02
1.797000000000000000e+03
4.580000000000000000e+02
6.060000000000000000e+02
