2.419000000000000000e+03
1.261000000000000000e+03
1.000000000000000000e+02
1.090000000000000000e+02
2.199000000000000000e+03
3.180000000000000000e+02
1.020000000000000000e+02
1.299000000000000000e+03
2.160000000000000000e+02
1.805000000000000000e+03
4.880000000000000000e+02
5.700000000000000000e+02
5.560000000000000000e+02
8.690000000000000000e+02
7.120000000000000000e+02
1.050000000000000000e+02
2.198000000000000000e+03
7.830000000000000000e+02
1.689000000000000000e+03
9.330000000000000000e+02
1.080000000000000000e+02
4.500000000000000000e+01
7.720000000000000000e+02
9.740000000000000000e+02
9.240000000000000000e+02
4.560000000000000000e+02
8.120000000000000000e+02
1.369000000000000000e+03
9.200000000000000000e+02
8.380000000000000000e+02
5.880000000000000000e+02
7.180000000000000000e+02
1.034000000000000000e+03
9.210000000000000000e+02
6.100000000000000000e+02
1.080000000000000000e+03
1.179000000000000000e+03
1.070000000000000000e+02
4.910000000000000000e+02
5.570000000000000000e+02
8.090000000000000000e+02
1.640000000000000000e+02
4.400000000000000000e+01
5.680000000000000000e+02
1.745000000000000000e+03
1.043000000000000000e+03
6.060000000000000000e+02
8.950000000000000000e+02
9.340000000000000000e+02
5.020000000000000000e+02
