5.000000000000000000e+01
2.680000000000000000e+02
3.980000000000000000e+02
2.110000000000000000e+02
8.000000000000000000e+00
4.290000000000000000e+02
3.400000000000000000e+01
2.400000000000000000e+01
3.600000000000000000e+01
2.600000000000000000e+01
2.800000000000000000e+01
5.300000000000000000e+01
8.900000000000000000e+01
2.570000000000000000e+02
3.770000000000000000e+02
4.160000000000000000e+02
3.210000000000000000e+02
3.180000000000000000e+02
1.400000000000000000e+01
4.110000000000000000e+02
3.890000000000000000e+02
4.010000000000000000e+02
4.000000000000000000e+01
2.200000000000000000e+01
2.810000000000000000e+02
6.100000000000000000e+01
1.930000000000000000e+02
2.260000000000000000e+02
3.680000000000000000e+02
2.300000000000000000e+01
1.200000000000000000e+01
3.500000000000000000e+02
3.000000000000000000e+01
1.220000000000000000e+02
2.510000000000000000e+02
3.900000000000000000e+02
1.850000000000000000e+02
4.180000000000000000e+02
3.640000000000000000e+02
1.050000000000000000e+02
1.600000000000000000e+02
2.620000000000000000e+02
2.500000000000000000e+01
1.800000000000000000e+01
6.300000000000000000e+01
1.500000000000000000e+01
6.200000000000000000e+01
3.410000000000000000e+02
1.540000000000000000e+02
1.300000000000000000e+01
