[199, 256, 661, 462, 27]
[199, 711, 3]
[199, 135, 17, 306, 6]
[199, 29, 464, 897, 1]
[199, 294, 603, 28]
[199, 31, 474, 0]
[199, 899, 685]
[768, 507, 138]
[199, 677, 203, 29]
[199, 201, 650, 82]
[199, 197, 198]
[199, 540, 31, 164]
[199, 38, 380, 474, 0]
[199, 522, 459]
[199, 505, 329, 192, 0]
[199, 676, 200, 52, 0]
[199, 49, 678, 20]
[199, 286, 703, 91]
[199, 389, 431]
[199, 327, 421, 128]
[199, 402, 162, 236]
[199, 865, 2]
[199, 165, 113, 134, 12]
[171, 332, 184]
[199, 7, 306, 21, 9]
[199, 732, 408, 5]
[199, 585, 1, 22]
[199, 227, 280, 0]
[199, 353, 0]
[199, 91, 398, 165, 2]
[199, 170, 204, 0, 9]
[199, 869, 0]
[192]
[336]
[199, 276, 468, 2]
[199, 961, 399]
[199, 700, 18]
[199, 469, 197, 439]
[199, 832]
[199, 135, 110, 14, 343]