1.600000000000000000e+02
2.600000000000000000e+01
2.700000000000000000e+01
9.940000000000000000e+02
2.400000000000000000e+01
2.800000000000000000e+01
9.920000000000000000e+02
6.000000000000000000e+01
9.930000000000000000e+02
3.000000000000000000e+00
2.900000000000000000e+01
5.700000000000000000e+01
9.960000000000000000e+02
5.900000000000000000e+01
1.017000000000000000e+03
3.300000000000000000e+01
2.500000000000000000e+01
5.800000000000000000e+01
6.470000000000000000e+02
3.000000000000000000e+01
2.300000000000000000e+01
3.900000000000000000e+02
6.100000000000000000e+01
7.430000000000000000e+02
1.021000000000000000e+03
3.100000000000000000e+01
3.200000000000000000e+01
2.200000000000000000e+01
1.019000000000000000e+03
6.790000000000000000e+02
1.900000000000000000e+01
6.300000000000000000e+01
9.860000000000000000e+02
9.000000000000000000e+01
4.000000000000000000e+00
6.200000000000000000e+01
2.000000000000000000e+00
1.018000000000000000e+03
8.050000000000000000e+02
5.600000000000000000e+01
2.950000000000000000e+02
9.970000000000000000e+02
2.000000000000000000e+01
9.300000000000000000e+01
6.800000000000000000e+02
3.270000000000000000e+02
5.500000000000000000e+01
9.980000000000000000e+02
9.100000000000000000e+01
3.280000000000000000e+02
