9.020000000000000000e+02
8.860000000000000000e+02
9.780000000000000000e+02
1.760000000000000000e+03
4.860000000000000000e+02
1.258000000000000000e+03
2.056000000000000000e+03
7.430000000000000000e+02
1.383000000000000000e+03
1.522000000000000000e+03
7.970000000000000000e+02
8.630000000000000000e+02
5.360000000000000000e+02
2.364000000000000000e+03
1.314000000000000000e+03
1.927000000000000000e+03
1.458000000000000000e+03
2.339000000000000000e+03
1.644000000000000000e+03
1.245000000000000000e+03
6.840000000000000000e+02
6.640000000000000000e+02
1.517000000000000000e+03
8.020000000000000000e+02
1.422000000000000000e+03
1.263000000000000000e+03
1.761000000000000000e+03
1.672000000000000000e+03
2.379000000000000000e+03
1.867000000000000000e+03
1.189000000000000000e+03
4.960000000000000000e+02
1.582000000000000000e+03
8.420000000000000000e+02
1.876000000000000000e+03
1.640000000000000000e+03
7.740000000000000000e+02
2.366000000000000000e+03
2.217000000000000000e+03
3.060000000000000000e+02
1.127000000000000000e+03
1.878000000000000000e+03
2.057000000000000000e+03
1.443000000000000000e+03
1.523000000000000000e+03
1.979000000000000000e+03
1.928000000000000000e+03
2.265000000000000000e+03
7.440000000000000000e+02
5.370000000000000000e+02
