7.650000000000000000e+02
1.404000000000000000e+03
2.176000000000000000e+03
9.676000000000000000e+03
9.611000000000000000e+03
5.004000000000000000e+03
9.706000000000000000e+03
6.427000000000000000e+03
2.914000000000000000e+03
7.556000000000000000e+03
3.982000000000000000e+03
9.789000000000000000e+03
8.322000000000000000e+03
5.782000000000000000e+03
7.335000000000000000e+03
6.600000000000000000e+02
9.274000000000000000e+03
5.426000000000000000e+03
4.537000000000000000e+03
8.377000000000000000e+03
3.352000000000000000e+03
8.200000000000000000e+03
3.190000000000000000e+02
8.006000000000000000e+03
3.968000000000000000e+03
9.097000000000000000e+03
9.275000000000000000e+03
3.854000000000000000e+03
2.941000000000000000e+03
5.045000000000000000e+03
2.142000000000000000e+03
1.288000000000000000e+03
1.049000000000000000e+03
8.492000000000000000e+03
2.709000000000000000e+03
5.110000000000000000e+02
3.780000000000000000e+03
1.163000000000000000e+03
3.647000000000000000e+03
6.147000000000000000e+03
4.670000000000000000e+02
7.704000000000000000e+03
3.789000000000000000e+03
6.347000000000000000e+03
1.982000000000000000e+03
1.003000000000000000e+03
7.570000000000000000e+02
1.687000000000000000e+03
6.970000000000000000e+02
3.033000000000000000e+03
