1.870000000000000000e+03
4.050000000000000000e+02
2.847000000000000000e+03
1.290000000000000000e+02
3.990000000000000000e+02
4.400000000000000000e+02
3.454000000000000000e+03
1.318000000000000000e+03
3.859000000000000000e+03
2.554000000000000000e+03
6.700000000000000000e+02
1.014000000000000000e+03
9.560000000000000000e+02
3.251000000000000000e+03
2.172000000000000000e+03
3.912000000000000000e+03
3.975000000000000000e+03
2.801000000000000000e+03
3.770000000000000000e+02
1.857000000000000000e+03
3.304000000000000000e+03
3.786000000000000000e+03
9.620000000000000000e+02
3.077000000000000000e+03
3.033000000000000000e+03
1.710000000000000000e+03
3.111000000000000000e+03
8.240000000000000000e+02
6.360000000000000000e+02
5.080000000000000000e+02
1.650000000000000000e+03
1.075000000000000000e+03
3.624000000000000000e+03
5.190000000000000000e+02
1.154000000000000000e+03
4.432000000000000000e+03
3.862000000000000000e+03
2.941000000000000000e+03
3.768000000000000000e+03
1.000000000000000000e+01
3.126000000000000000e+03
1.767000000000000000e+03
3.775000000000000000e+03
3.158000000000000000e+03
2.242000000000000000e+03
2.502000000000000000e+03
1.100000000000000000e+02
4.252000000000000000e+03
3.640000000000000000e+02
3.291000000000000000e+03
