1.870000000000000000e+03
2.847000000000000000e+03
3.859000000000000000e+03
3.111000000000000000e+03
2.554000000000000000e+03
3.759000000000000000e+03
3.786000000000000000e+03
4.262000000000000000e+03
2.800000000000000000e+01
1.464000000000000000e+03
3.912000000000000000e+03
9.620000000000000000e+02
1.053000000000000000e+03
1.451000000000000000e+03
4.414000000000000000e+03
3.770000000000000000e+02
3.729000000000000000e+03
2.910000000000000000e+02
5.190000000000000000e+02
3.862000000000000000e+03
1.290000000000000000e+02
4.432000000000000000e+03
4.368000000000000000e+03
3.600000000000000000e+02
3.454000000000000000e+03
3.975000000000000000e+03
2.933000000000000000e+03
2.748000000000000000e+03
3.476000000000000000e+03
1.749000000000000000e+03
4.011000000000000000e+03
2.172000000000000000e+03
1.857000000000000000e+03
1.199000000000000000e+03
1.567000000000000000e+03
3.404000000000000000e+03
2.801000000000000000e+03
2.240000000000000000e+03
3.180000000000000000e+02
2.941000000000000000e+03
2.797000000000000000e+03
4.200000000000000000e+01
4.560000000000000000e+02
2.517000000000000000e+03
3.000000000000000000e+03
1.606000000000000000e+03
3.077000000000000000e+03
8.140000000000000000e+02
1.009000000000000000e+03
2.030000000000000000e+02
