6.966000000000000000e+03
1.217000000000000000e+03
5.456000000000000000e+03
8.276000000000000000e+03
9.125000000000000000e+03
3.074000000000000000e+03
4.939000000000000000e+03
2.052000000000000000e+03
2.407000000000000000e+03
5.465000000000000000e+03
4.870000000000000000e+03
3.968000000000000000e+03
7.878000000000000000e+03
3.145000000000000000e+03
1.163000000000000000e+03
3.013000000000000000e+03
2.911000000000000000e+03
4.528000000000000000e+03
5.120000000000000000e+02
8.974000000000000000e+03
4.236000000000000000e+03
8.279000000000000000e+03
7.531000000000000000e+03
4.888000000000000000e+03
5.210000000000000000e+03
8.380000000000000000e+03
7.560000000000000000e+03
5.787000000000000000e+03
7.685000000000000000e+03
2.928000000000000000e+03
3.400000000000000000e+01
6.210000000000000000e+02
8.887000000000000000e+03
2.790000000000000000e+03
4.531000000000000000e+03
1.512000000000000000e+03
9.391000000000000000e+03
5.121000000000000000e+03
5.093000000000000000e+03
1.150000000000000000e+03
3.079000000000000000e+03
1.867000000000000000e+03
2.567000000000000000e+03
7.815000000000000000e+03
4.304000000000000000e+03
3.151000000000000000e+03
8.894000000000000000e+03
5.791000000000000000e+03
5.887000000000000000e+03
5.426000000000000000e+03
