6.966000000000000000e+03
1.216000000000000000e+03
6.347000000000000000e+03
6.910000000000000000e+02
8.175000000000000000e+03
9.115000000000000000e+03
2.396000000000000000e+03
5.209000000000000000e+03
4.528000000000000000e+03
9.687000000000000000e+03
5.120000000000000000e+02
3.599000000000000000e+03
4.218000000000000000e+03
1.867000000000000000e+03
3.079000000000000000e+03
4.459000000000000000e+03
1.050000000000000000e+03
2.911000000000000000e+03
2.790000000000000000e+03
7.815000000000000000e+03
3.631000000000000000e+03
8.055000000000000000e+03
2.593000000000000000e+03
7.764000000000000000e+03
8.605000000000000000e+03
5.205000000000000000e+03
3.500000000000000000e+01
4.640000000000000000e+03
4.268000000000000000e+03
8.776000000000000000e+03
4.085000000000000000e+03
5.900000000000000000e+03
2.567000000000000000e+03
5.426000000000000000e+03
3.013000000000000000e+03
1.512000000000000000e+03
8.388000000000000000e+03
1.817000000000000000e+03
5.577000000000000000e+03
2.062000000000000000e+03
3.825000000000000000e+03
1.157000000000000000e+03
7.878000000000000000e+03
4.529000000000000000e+03
1.029100000000000000e+04
3.074000000000000000e+03
2.294000000000000000e+03
8.894000000000000000e+03
8.193000000000000000e+03
8.164000000000000000e+03
