6.966000000000000000e+03
1.208000000000000000e+03
9.125000000000000000e+03
5.687000000000000000e+03
7.815000000000000000e+03
9.619000000000000000e+03
7.668000000000000000e+03
1.044000000000000000e+03
8.580000000000000000e+02
5.577000000000000000e+03
3.374000000000000000e+03
3.073000000000000000e+03
3.127000000000000000e+03
7.673000000000000000e+03
6.210000000000000000e+02
3.600000000000000000e+01
8.888000000000000000e+03
5.093000000000000000e+03
5.787000000000000000e+03
1.900000000000000000e+01
1.867000000000000000e+03
2.485000000000000000e+03
6.332000000000000000e+03
1.162000000000000000e+03
4.236000000000000000e+03
8.277000000000000000e+03
2.455000000000000000e+03
4.528000000000000000e+03
1.400000000000000000e+03
9.390000000000000000e+03
2.928000000000000000e+03
8.050000000000000000e+03
5.090000000000000000e+02
7.612000000000000000e+03
2.790000000000000000e+03
4.197000000000000000e+03
5.871000000000000000e+03
8.777000000000000000e+03
5.210000000000000000e+03
3.013000000000000000e+03
3.148000000000000000e+03
2.536000000000000000e+03
1.163000000000000000e+03
3.223000000000000000e+03
3.079000000000000000e+03
4.304000000000000000e+03
3.995000000000000000e+03
7.380000000000000000e+02
1.805000000000000000e+03
3.074000000000000000e+03
