2.585000000000000000e+03
2.691000000000000000e+03
4.970000000000000000e+02
1.921000000000000000e+03
3.762000000000000000e+03
1.774000000000000000e+03
1.815000000000000000e+03
3.083000000000000000e+03
2.684000000000000000e+03
1.672000000000000000e+03
2.400000000000000000e+03
1.869000000000000000e+03
3.114000000000000000e+03
3.044000000000000000e+03
3.660000000000000000e+03
4.685000000000000000e+03
2.908000000000000000e+03
5.901000000000000000e+03
5.171000000000000000e+03
3.433000000000000000e+03
3.383000000000000000e+03
3.474000000000000000e+03
5.603000000000000000e+03
4.842000000000000000e+03
1.146000000000000000e+03
4.043000000000000000e+03
5.679000000000000000e+03
3.876000000000000000e+03
3.495000000000000000e+03
1.879000000000000000e+03
3.648000000000000000e+03
5.054000000000000000e+03
2.882000000000000000e+03
3.219000000000000000e+03
2.496000000000000000e+03
2.697000000000000000e+03
4.283000000000000000e+03
1.276000000000000000e+03
2.739000000000000000e+03
5.331000000000000000e+03
2.710000000000000000e+03
5.795000000000000000e+03
2.655000000000000000e+03
2.230000000000000000e+03
3.299000000000000000e+03
4.399000000000000000e+03
2.709000000000000000e+03
4.592000000000000000e+03
5.081000000000000000e+03
5.744000000000000000e+03
