4.652000000000000000e+03
1.561000000000000000e+03
3.734000000000000000e+03
3.885000000000000000e+03
3.249000000000000000e+03
4.158000000000000000e+03
7.900000000000000000e+01
3.606000000000000000e+03
1.222000000000000000e+03
4.249000000000000000e+03
1.478000000000000000e+03
2.348000000000000000e+03
1.304000000000000000e+03
2.127000000000000000e+03
2.717000000000000000e+03
2.738000000000000000e+03
4.989000000000000000e+03
2.433000000000000000e+03
2.384000000000000000e+03
8.810000000000000000e+02
1.020000000000000000e+03
4.229000000000000000e+03
3.547000000000000000e+03
1.467000000000000000e+03
4.460000000000000000e+02
5.503000000000000000e+03
4.400000000000000000e+01
8.030000000000000000e+02
4.069000000000000000e+03
3.473000000000000000e+03
3.745000000000000000e+03
3.108000000000000000e+03
4.631000000000000000e+03
2.092000000000000000e+03
2.967000000000000000e+03
2.248000000000000000e+03
2.108000000000000000e+03
1.732000000000000000e+03
9.920000000000000000e+02
3.749000000000000000e+03
3.191000000000000000e+03
4.623000000000000000e+03
2.497000000000000000e+03
1.625000000000000000e+03
4.061000000000000000e+03
2.570000000000000000e+03
4.290000000000000000e+03
5.324000000000000000e+03
5.313000000000000000e+03
7.710000000000000000e+02
