3.527000000000000000e+03
5.246000000000000000e+03
3.456000000000000000e+03
4.600000000000000000e+01
2.040000000000000000e+02
2.861000000000000000e+03
1.355000000000000000e+03
1.983000000000000000e+03
4.360000000000000000e+02
4.860000000000000000e+02
1.947000000000000000e+03
3.758000000000000000e+03
3.283000000000000000e+03
1.586000000000000000e+03
5.165000000000000000e+03
1.260000000000000000e+02
9.990000000000000000e+02
1.663000000000000000e+03
1.612000000000000000e+03
2.982000000000000000e+03
4.867000000000000000e+03
3.977000000000000000e+03
2.075000000000000000e+03
3.411000000000000000e+03
5.371000000000000000e+03
5.341000000000000000e+03
1.120000000000000000e+02
2.410000000000000000e+03
4.073000000000000000e+03
1.276000000000000000e+03
3.119000000000000000e+03
4.429000000000000000e+03
1.987000000000000000e+03
3.601000000000000000e+03
9.500000000000000000e+02
3.650000000000000000e+02
4.569000000000000000e+03
3.916000000000000000e+03
1.302000000000000000e+03
5.475000000000000000e+03
2.944000000000000000e+03
8.800000000000000000e+02
4.780000000000000000e+02
4.048000000000000000e+03
5.542000000000000000e+03
3.318000000000000000e+03
4.858000000000000000e+03
6.630000000000000000e+02
4.113000000000000000e+03
3.321000000000000000e+03
