6.000000000000000000e+01
4.290000000000000000e+02
2.570000000000000000e+02
3.210000000000000000e+02
1.200000000000000000e+01
2.400000000000000000e+01
2.680000000000000000e+02
6.200000000000000000e+01
1.500000000000000000e+01
1.400000000000000000e+01
1.130000000000000000e+02
4.110000000000000000e+02
4.150000000000000000e+02
3.890000000000000000e+02
2.620000000000000000e+02
8.900000000000000000e+01
3.600000000000000000e+01
2.300000000000000000e+01
8.100000000000000000e+01
3.980000000000000000e+02
6.400000000000000000e+01
1.800000000000000000e+01
4.180000000000000000e+02
3.300000000000000000e+01
1.790000000000000000e+02
2.600000000000000000e+01
3.400000000000000000e+01
4.090000000000000000e+02
3.770000000000000000e+02
2.800000000000000000e+01
2.170000000000000000e+02
4.010000000000000000e+02
3.490000000000000000e+02
2.310000000000000000e+02
4.440000000000000000e+02
2.010000000000000000e+02
1.600000000000000000e+02
2.500000000000000000e+01
2.200000000000000000e+01
1.060000000000000000e+02
1.920000000000000000e+02
3.100000000000000000e+02
3.850000000000000000e+02
1.050000000000000000e+02
8.000000000000000000e+00
8.600000000000000000e+01
2.110000000000000000e+02
4.230000000000000000e+02
4.540000000000000000e+02
2.510000000000000000e+02
