9.020000000000000000e+02
6.580000000000000000e+02
1.866000000000000000e+03
1.996000000000000000e+03
2.337000000000000000e+03
1.263000000000000000e+03
4.260000000000000000e+02
1.136000000000000000e+03
1.992000000000000000e+03
8.020000000000000000e+02
2.171000000000000000e+03
9.030000000000000000e+02
2.038000000000000000e+03
1.517000000000000000e+03
1.865000000000000000e+03
1.878000000000000000e+03
1.082000000000000000e+03
1.127000000000000000e+03
3.670000000000000000e+02
1.584000000000000000e+03
1.081000000000000000e+03
1.686000000000000000e+03
5.370000000000000000e+02
7.970000000000000000e+02
7.230000000000000000e+02
1.927000000000000000e+03
2.338000000000000000e+03
1.016000000000000000e+03
4.860000000000000000e+02
2.037000000000000000e+03
1.022000000000000000e+03
2.172000000000000000e+03
1.581000000000000000e+03
1.682000000000000000e+03
1.756000000000000000e+03
1.324000000000000000e+03
1.019000000000000000e+03
1.926000000000000000e+03
6.830000000000000000e+02
9.620000000000000000e+02
1.253000000000000000e+03
1.805000000000000000e+03
1.639000000000000000e+03
1.979000000000000000e+03
4.240000000000000000e+02
1.202000000000000000e+03
2.232000000000000000e+03
4.190000000000000000e+02
7.360000000000000000e+02
8.430000000000000000e+02
