2.046000000000000000e+03
6.324000000000000000e+03
6.034000000000000000e+03
9.495000000000000000e+03
8.920000000000000000e+02
2.031000000000000000e+03
7.999000000000000000e+03
6.089000000000000000e+03
9.261000000000000000e+03
9.856000000000000000e+03
7.718000000000000000e+03
5.967000000000000000e+03
4.127000000000000000e+03
7.106000000000000000e+03
2.934000000000000000e+03
8.958000000000000000e+03
8.865000000000000000e+03
1.116500000000000000e+04
1.055700000000000000e+04
3.044000000000000000e+03
3.417000000000000000e+03
2.159000000000000000e+03
6.407000000000000000e+03
1.057700000000000000e+04
2.775000000000000000e+03
1.065900000000000000e+04
3.546000000000000000e+03
9.720000000000000000e+02
3.979000000000000000e+03
3.981000000000000000e+03
8.550000000000000000e+02
3.291000000000000000e+03
6.590000000000000000e+02
5.673000000000000000e+03
4.682000000000000000e+03
7.950000000000000000e+03
6.926000000000000000e+03
5.578000000000000000e+03
8.295000000000000000e+03
8.950000000000000000e+03
3.247000000000000000e+03
3.330000000000000000e+02
5.777000000000000000e+03
1.642000000000000000e+03
8.463000000000000000e+03
4.706000000000000000e+03
1.051700000000000000e+04
5.224000000000000000e+03
6.962000000000000000e+03
1.127200000000000000e+04
