7.768000000000000000e+03
3.113000000000000000e+03
3.791000000000000000e+03
1.929000000000000000e+03
9.059000000000000000e+03
1.115800000000000000e+04
9.276000000000000000e+03
2.630000000000000000e+02
1.057700000000000000e+04
6.822000000000000000e+03
3.291000000000000000e+03
4.127000000000000000e+03
6.590000000000000000e+02
8.367000000000000000e+03
4.494000000000000000e+03
9.840000000000000000e+02
8.463000000000000000e+03
1.051700000000000000e+04
7.838000000000000000e+03
7.717000000000000000e+03
2.939000000000000000e+03
6.755000000000000000e+03
3.580000000000000000e+03
9.580000000000000000e+02
8.550000000000000000e+02
2.772000000000000000e+03
6.034000000000000000e+03
2.934000000000000000e+03
4.706000000000000000e+03
9.004000000000000000e+03
1.181000000000000000e+03
1.780000000000000000e+03
5.966000000000000000e+03
6.926000000000000000e+03
6.107000000000000000e+03
1.012600000000000000e+04
1.127200000000000000e+04
2.176000000000000000e+03
9.261000000000000000e+03
6.702000000000000000e+03
1.073900000000000000e+04
3.864000000000000000e+03
4.542000000000000000e+03
2.245000000000000000e+03
8.920000000000000000e+02
1.638000000000000000e+03
2.366000000000000000e+03
9.241000000000000000e+03
9.067000000000000000e+03
3.590000000000000000e+03
