7.768000000000000000e+03
1.012400000000000000e+04
4.498000000000000000e+03
4.408000000000000000e+03
6.217000000000000000e+03
3.580000000000000000e+03
7.670000000000000000e+02
3.697000000000000000e+03
9.513000000000000000e+03
5.374000000000000000e+03
8.256000000000000000e+03
5.966000000000000000e+03
8.950000000000000000e+03
4.420000000000000000e+03
9.720000000000000000e+02
1.115800000000000000e+04
8.048000000000000000e+03
8.389000000000000000e+03
9.409000000000000000e+03
7.375000000000000000e+03
1.560000000000000000e+03
1.780000000000000000e+03
8.456000000000000000e+03
7.145000000000000000e+03
5.727000000000000000e+03
1.119000000000000000e+03
8.920000000000000000e+02
2.567000000000000000e+03
6.590000000000000000e+02
8.367000000000000000e+03
7.943000000000000000e+03
1.127200000000000000e+04
4.801000000000000000e+03
2.228000000000000000e+03
7.087000000000000000e+03
6.322000000000000000e+03
1.277000000000000000e+03
5.140000000000000000e+03
1.074800000000000000e+04
7.940000000000000000e+02
1.095400000000000000e+04
9.016000000000000000e+03
3.055000000000000000e+03
5.420000000000000000e+03
1.063500000000000000e+04
1.058800000000000000e+04
7.950000000000000000e+03
4.685000000000000000e+03
1.642000000000000000e+03
1.064000000000000000e+03
