1.800000000000000000e+02
1.800000000000000000e+01
9.300000000000000000e+01
7.100000000000000000e+01
4.100000000000000000e+01
8.700000000000000000e+01
1.510000000000000000e+02
7.900000000000000000e+01
1.740000000000000000e+02
3.100000000000000000e+01
5.500000000000000000e+01
1.630000000000000000e+02
2.600000000000000000e+01
7.500000000000000000e+01
2.050000000000000000e+02
1.270000000000000000e+02
1.750000000000000000e+02
8.600000000000000000e+01
2.400000000000000000e+01
4.500000000000000000e+01
1.260000000000000000e+02
1.620000000000000000e+02
2.700000000000000000e+01
9.900000000000000000e+01
6.700000000000000000e+01
1.210000000000000000e+02
1.610000000000000000e+02
1.900000000000000000e+01
1.060000000000000000e+02
4.300000000000000000e+01
1.150000000000000000e+02
1.700000000000000000e+02
8.400000000000000000e+01
1.360000000000000000e+02
1.020000000000000000e+02
1.200000000000000000e+02
2.130000000000000000e+02
9.100000000000000000e+01
1.300000000000000000e+01
1.300000000000000000e+02
1.770000000000000000e+02
1.590000000000000000e+02
1.250000000000000000e+02
2.090000000000000000e+02
1.160000000000000000e+02
7.800000000000000000e+01
1.810000000000000000e+02
2.080000000000000000e+02
8.800000000000000000e+01
1.860000000000000000e+02
