1.870000000000000000e+03
3.386000000000000000e+03
5.360000000000000000e+02
3.775000000000000000e+03
3.521000000000000000e+03
6.360000000000000000e+02
1.100000000000000000e+02
1.290000000000000000e+02
9.620000000000000000e+02
3.640000000000000000e+02
2.797000000000000000e+03
3.213000000000000000e+03
1.488000000000000000e+03
1.053000000000000000e+03
3.902000000000000000e+03
1.857000000000000000e+03
3.975000000000000000e+03
5.190000000000000000e+02
3.759000000000000000e+03
9.950000000000000000e+02
2.236000000000000000e+03
1.199000000000000000e+03
3.512000000000000000e+03
2.847000000000000000e+03
1.650000000000000000e+03
9.560000000000000000e+02
3.298000000000000000e+03
2.502000000000000000e+03
3.770000000000000000e+02
1.318000000000000000e+03
4.230000000000000000e+03
2.554000000000000000e+03
3.111000000000000000e+03
2.155000000000000000e+03
2.026000000000000000e+03
1.075000000000000000e+03
2.747000000000000000e+03
4.368000000000000000e+03
4.432000000000000000e+03
1.958000000000000000e+03
1.000000000000000000e+01
2.316000000000000000e+03
2.240000000000000000e+03
4.560000000000000000e+02
3.786000000000000000e+03
1.396000000000000000e+03
2.761000000000000000e+03
3.454000000000000000e+03
2.100000000000000000e+01
2.828000000000000000e+03
