1.870000000000000000e+03
3.884000000000000000e+03
2.172000000000000000e+03
6.360000000000000000e+02
2.569000000000000000e+03
2.155000000000000000e+03
3.521000000000000000e+03
5.810000000000000000e+02
3.902000000000000000e+03
2.165000000000000000e+03
9.950000000000000000e+02
3.298000000000000000e+03
2.847000000000000000e+03
3.454000000000000000e+03
4.368000000000000000e+03
3.975000000000000000e+03
3.759000000000000000e+03
1.318000000000000000e+03
3.476000000000000000e+03
3.770000000000000000e+02
2.801000000000000000e+03
4.046000000000000000e+03
2.800000000000000000e+01
1.464000000000000000e+03
4.187000000000000000e+03
1.290000000000000000e+02
2.797000000000000000e+03
1.053000000000000000e+03
4.011000000000000000e+03
3.166000000000000000e+03
3.333000000000000000e+03
1.650000000000000000e+03
4.199000000000000000e+03
1.024000000000000000e+03
4.560000000000000000e+02
2.026000000000000000e+03
3.455000000000000000e+03
1.488000000000000000e+03
4.432000000000000000e+03
5.190000000000000000e+02
3.512000000000000000e+03
2.236000000000000000e+03
4.394000000000000000e+03
2.320000000000000000e+02
4.414000000000000000e+03
1.043000000000000000e+03
3.962000000000000000e+03
4.230000000000000000e+03
2.963000000000000000e+03
1.767000000000000000e+03
