1.870000000000000000e+03
3.386000000000000000e+03
2.846000000000000000e+03
3.111000000000000000e+03
4.011000000000000000e+03
2.554000000000000000e+03
3.033000000000000000e+03
3.213000000000000000e+03
1.053000000000000000e+03
3.759000000000000000e+03
4.560000000000000000e+02
2.801000000000000000e+03
4.046000000000000000e+03
3.602000000000000000e+03
1.290000000000000000e+02
3.975000000000000000e+03
3.476000000000000000e+03
9.620000000000000000e+02
2.800000000000000000e+01
4.230000000000000000e+03
4.368000000000000000e+03
4.432000000000000000e+03
1.464000000000000000e+03
3.770000000000000000e+02
5.190000000000000000e+02
1.199000000000000000e+03
1.857000000000000000e+03
3.768000000000000000e+03
3.862000000000000000e+03
1.007000000000000000e+03
4.010000000000000000e+03
3.962000000000000000e+03
3.512000000000000000e+03
2.236000000000000000e+03
9.950000000000000000e+02
9.560000000000000000e+02
4.300000000000000000e+03
2.780000000000000000e+03
1.650000000000000000e+03
2.796000000000000000e+03
4.414000000000000000e+03
2.475000000000000000e+03
1.396000000000000000e+03
3.521000000000000000e+03
4.199000000000000000e+03
3.640000000000000000e+02
4.153000000000000000e+03
1.318000000000000000e+03
2.797000000000000000e+03
2.453000000000000000e+03
