1.870000000000000000e+03
9.750000000000000000e+02
3.729000000000000000e+03
3.759000000000000000e+03
2.100000000000000000e+01
2.165000000000000000e+03
4.230000000000000000e+03
3.786000000000000000e+03
9.620000000000000000e+02
1.100000000000000000e+02
6.360000000000000000e+02
1.290000000000000000e+02
3.775000000000000000e+03
3.454000000000000000e+03
2.554000000000000000e+03
4.432000000000000000e+03
1.488000000000000000e+03
9.950000000000000000e+02
3.902000000000000000e+03
3.033000000000000000e+03
3.975000000000000000e+03
5.190000000000000000e+02
1.650000000000000000e+03
1.075000000000000000e+03
4.420000000000000000e+03
3.512000000000000000e+03
3.962000000000000000e+03
4.560000000000000000e+02
2.026000000000000000e+03
2.312000000000000000e+03
4.187000000000000000e+03
3.521000000000000000e+03
7.970000000000000000e+02
4.368000000000000000e+03
2.030000000000000000e+02
3.517000000000000000e+03
3.768000000000000000e+03
1.199000000000000000e+03
3.166000000000000000e+03
1.053000000000000000e+03
3.213000000000000000e+03
4.394000000000000000e+03
1.767000000000000000e+03
7.530000000000000000e+02
2.240000000000000000e+03
4.010000000000000000e+03
3.862000000000000000e+03
2.172000000000000000e+03
2.569000000000000000e+03
2.502000000000000000e+03
