1.870000000000000000e+03
3.817000000000000000e+03
3.912000000000000000e+03
2.172000000000000000e+03
6.360000000000000000e+02
3.975000000000000000e+03
3.759000000000000000e+03
3.770000000000000000e+02
4.300000000000000000e+03
9.950000000000000000e+02
1.650000000000000000e+03
2.761000000000000000e+03
5.190000000000000000e+02
3.333000000000000000e+03
1.053000000000000000e+03
4.394000000000000000e+03
4.368000000000000000e+03
4.432000000000000000e+03
1.199000000000000000e+03
4.039000000000000000e+03
2.030000000000000000e+02
1.290000000000000000e+02
3.521000000000000000e+03
2.797000000000000000e+03
3.768000000000000000e+03
3.786000000000000000e+03
1.958000000000000000e+03
1.318000000000000000e+03
3.454000000000000000e+03
1.396000000000000000e+03
2.828000000000000000e+03
4.011000000000000000e+03
2.312000000000000000e+03
7.530000000000000000e+02
1.488000000000000000e+03
2.847000000000000000e+03
1.075000000000000000e+03
4.199000000000000000e+03
1.061000000000000000e+03
1.857000000000000000e+03
3.512000000000000000e+03
2.479000000000000000e+03
2.155000000000000000e+03
9.560000000000000000e+02
3.962000000000000000e+03
4.560000000000000000e+02
2.026000000000000000e+03
3.862000000000000000e+03
4.036000000000000000e+03
1.100000000000000000e+02
