1.870000000000000000e+03
2.618000000000000000e+03
2.339000000000000000e+03
2.502000000000000000e+03
2.801000000000000000e+03
3.333000000000000000e+03
1.488000000000000000e+03
6.360000000000000000e+02
9.950000000000000000e+02
1.053000000000000000e+03
3.454000000000000000e+03
3.521000000000000000e+03
2.554000000000000000e+03
3.213000000000000000e+03
4.368000000000000000e+03
1.746000000000000000e+03
3.902000000000000000e+03
1.318000000000000000e+03
1.650000000000000000e+03
4.560000000000000000e+02
4.432000000000000000e+03
3.759000000000000000e+03
4.230000000000000000e+03
3.975000000000000000e+03
2.312000000000000000e+03
3.512000000000000000e+03
1.000000000000000000e+01
1.958000000000000000e+03
7.530000000000000000e+02
2.826000000000000000e+03
3.602000000000000000e+03
2.800000000000000000e+01
3.111000000000000000e+03
3.298000000000000000e+03
9.620000000000000000e+02
3.770000000000000000e+02
1.857000000000000000e+03
2.240000000000000000e+03
2.797000000000000000e+03
2.172000000000000000e+03
3.630000000000000000e+02
2.492000000000000000e+03
5.850000000000000000e+02
4.414000000000000000e+03
2.796000000000000000e+03
3.033000000000000000e+03
5.360000000000000000e+02
2.274000000000000000e+03
3.775000000000000000e+03
1.290000000000000000e+02
