6.966000000000000000e+03
4.370000000000000000e+02
5.689000000000000000e+03
7.444000000000000000e+03
7.481000000000000000e+03
5.687000000000000000e+03
5.900000000000000000e+03
8.793000000000000000e+03
7.878000000000000000e+03
5.210000000000000000e+03
4.529000000000000000e+03
8.051000000000000000e+03
7.668000000000000000e+03
8.001000000000000000e+03
5.099000000000000000e+03
5.662000000000000000e+03
3.352000000000000000e+03
8.164000000000000000e+03
4.640000000000000000e+03
4.124000000000000000e+03
8.110000000000000000e+03
5.348000000000000000e+03
4.114000000000000000e+03
7.986000000000000000e+03
8.055000000000000000e+03
8.673000000000000000e+03
5.209000000000000000e+03
7.815000000000000000e+03
5.550000000000000000e+03
3.633000000000000000e+03
4.236000000000000000e+03
7.220000000000000000e+03
4.452000000000000000e+03
1.163000000000000000e+03
2.849000000000000000e+03
7.884000000000000000e+03
5.438000000000000000e+03
5.098000000000000000e+03
6.358000000000000000e+03
8.894000000000000000e+03
7.446000000000000000e+03
5.577000000000000000e+03
8.130000000000000000e+03
7.999000000000000000e+03
5.237000000000000000e+03
8.276000000000000000e+03
5.899000000000000000e+03
7.556000000000000000e+03
4.228000000000000000e+03
7.876000000000000000e+03
