2.585000000000000000e+03
3.999000000000000000e+03
3.947000000000000000e+03
1.562000000000000000e+03
1.921000000000000000e+03
1.620000000000000000e+03
3.299000000000000000e+03
2.495000000000000000e+03
2.871000000000000000e+03
2.078000000000000000e+03
1.907000000000000000e+03
3.648000000000000000e+03
3.083000000000000000e+03
3.820000000000000000e+03
5.261000000000000000e+03
3.023000000000000000e+03
1.088000000000000000e+03
3.090000000000000000e+03
3.124000000000000000e+03
3.909000000000000000e+03
4.464000000000000000e+03
4.095000000000000000e+03
5.679000000000000000e+03
5.840000000000000000e+02
3.605000000000000000e+03
3.114000000000000000e+03
3.818000000000000000e+03
1.984000000000000000e+03
2.906000000000000000e+03
2.447000000000000000e+03
4.520000000000000000e+02
4.111000000000000000e+03
3.951000000000000000e+03
5.921000000000000000e+03
2.084000000000000000e+03
3.797000000000000000e+03
4.948000000000000000e+03
3.522000000000000000e+03
2.211000000000000000e+03
4.861000000000000000e+03
1.894000000000000000e+03
2.239000000000000000e+03
5.850000000000000000e+02
1.293000000000000000e+03
4.203000000000000000e+03
3.724000000000000000e+03
9.100000000000000000e+02
5.128000000000000000e+03
1.827000000000000000e+03
5.052000000000000000e+03
