2.585000000000000000e+03
4.532000000000000000e+03
5.240000000000000000e+02
3.358000000000000000e+03
2.364000000000000000e+03
1.050000000000000000e+02
4.085000000000000000e+03
1.602000000000000000e+03
9.490000000000000000e+02
3.825000000000000000e+03
5.471000000000000000e+03
2.882000000000000000e+03
4.203000000000000000e+03
3.233000000000000000e+03
2.590000000000000000e+02
5.848000000000000000e+03
5.128000000000000000e+03
4.827000000000000000e+03
2.084000000000000000e+03
3.199000000000000000e+03
4.391000000000000000e+03
3.648000000000000000e+03
4.937000000000000000e+03
3.023000000000000000e+03
5.650000000000000000e+03
2.690000000000000000e+03
3.227000000000000000e+03
1.492000000000000000e+03
5.649000000000000000e+03
2.447000000000000000e+03
4.066000000000000000e+03
9.100000000000000000e+02
8.140000000000000000e+02
3.187000000000000000e+03
4.111000000000000000e+03
2.657000000000000000e+03
3.909000000000000000e+03
3.397000000000000000e+03
8.640000000000000000e+02
5.679000000000000000e+03
4.948000000000000000e+03
4.678000000000000000e+03
2.884000000000000000e+03
4.800000000000000000e+01
3.951000000000000000e+03
5.163000000000000000e+03
3.605000000000000000e+03
3.083000000000000000e+03
5.850000000000000000e+02
4.926000000000000000e+03
