2.585000000000000000e+03
4.932000000000000000e+03
3.648000000000000000e+03
1.646000000000000000e+03
4.877000000000000000e+03
2.111000000000000000e+03
3.474000000000000000e+03
4.460000000000000000e+02
2.231000000000000000e+03
4.037000000000000000e+03
3.397000000000000000e+03
8.640000000000000000e+02
2.697000000000000000e+03
2.725000000000000000e+03
7.140000000000000000e+02
5.921000000000000000e+03
2.084000000000000000e+03
2.526000000000000000e+03
4.203000000000000000e+03
5.128000000000000000e+03
3.853000000000000000e+03
5.775000000000000000e+03
5.650000000000000000e+03
2.031000000000000000e+03
3.023000000000000000e+03
1.088000000000000000e+03
4.155000000000000000e+03
2.690000000000000000e+03
3.114000000000000000e+03
3.951000000000000000e+03
2.447000000000000000e+03
4.463000000000000000e+03
4.948000000000000000e+03
2.239000000000000000e+03
3.083000000000000000e+03
3.070000000000000000e+02
1.998000000000000000e+03
1.870000000000000000e+03
2.188000000000000000e+03
5.095000000000000000e+03
1.823000000000000000e+03
4.391000000000000000e+03
4.085000000000000000e+03
3.818000000000000000e+03
2.860000000000000000e+03
3.113000000000000000e+03
2.762000000000000000e+03
5.382000000000000000e+03
5.140000000000000000e+02
2.575000000000000000e+03
