2.585000000000000000e+03
4.532000000000000000e+03
3.107000000000000000e+03
1.921000000000000000e+03
3.715000000000000000e+03
3.044000000000000000e+03
3.085000000000000000e+03
4.292000000000000000e+03
2.798000000000000000e+03
3.693000000000000000e+03
5.836000000000000000e+03
4.985000000000000000e+03
3.845000000000000000e+03
1.823000000000000000e+03
2.231000000000000000e+03
4.391000000000000000e+03
3.083000000000000000e+03
1.620000000000000000e+03
5.490000000000000000e+02
2.499000000000000000e+03
3.782000000000000000e+03
7.530000000000000000e+02
8.140000000000000000e+02
5.616000000000000000e+03
5.679000000000000000e+03
4.364000000000000000e+03
2.807000000000000000e+03
2.877000000000000000e+03
3.853000000000000000e+03
5.128000000000000000e+03
4.037000000000000000e+03
2.690000000000000000e+03
5.052000000000000000e+03
5.140000000000000000e+02
4.111000000000000000e+03
2.084000000000000000e+03
3.015000000000000000e+03
4.951000000000000000e+03
8.640000000000000000e+02
3.199000000000000000e+03
4.085000000000000000e+03
1.063000000000000000e+03
2.884000000000000000e+03
1.492000000000000000e+03
5.820000000000000000e+02
3.522000000000000000e+03
3.648000000000000000e+03
5.850000000000000000e+02
2.906000000000000000e+03
3.227000000000000000e+03
