2.585000000000000000e+03
5.161000000000000000e+03
3.685000000000000000e+03
6.120000000000000000e+02
2.895000000000000000e+03
2.084000000000000000e+03
3.715000000000000000e+03
5.128000000000000000e+03
4.163000000000000000e+03
3.605000000000000000e+03
1.957000000000000000e+03
2.940000000000000000e+03
4.463000000000000000e+03
2.188000000000000000e+03
3.955000000000000000e+03
4.300000000000000000e+01
1.998000000000000000e+03
3.083000000000000000e+03
5.956000000000000000e+03
2.447000000000000000e+03
3.951000000000000000e+03
5.836000000000000000e+03
2.877000000000000000e+03
1.050000000000000000e+02
3.440000000000000000e+03
6.930000000000000000e+02
5.921000000000000000e+03
4.085000000000000000e+03
1.088000000000000000e+03
4.203000000000000000e+03
2.231000000000000000e+03
3.199000000000000000e+03
2.134000000000000000e+03
2.898000000000000000e+03
4.111000000000000000e+03
4.548000000000000000e+03
1.714000000000000000e+03
3.114000000000000000e+03
3.961000000000000000e+03
2.526000000000000000e+03
4.391000000000000000e+03
3.818000000000000000e+03
3.355000000000000000e+03
2.762000000000000000e+03
5.771000000000000000e+03
2.850000000000000000e+02
3.023000000000000000e+03
1.672000000000000000e+03
2.239000000000000000e+03
2.690000000000000000e+03
