4.652000000000000000e+03
3.086000000000000000e+03
2.600000000000000000e+01
2.517000000000000000e+03
3.160000000000000000e+02
2.112000000000000000e+03
2.996000000000000000e+03
2.518000000000000000e+03
1.116000000000000000e+03
2.497000000000000000e+03
4.061000000000000000e+03
4.084000000000000000e+03
2.433000000000000000e+03
3.108000000000000000e+03
1.311000000000000000e+03
2.909000000000000000e+03
3.056000000000000000e+03
5.535000000000000000e+03
3.484000000000000000e+03
3.627000000000000000e+03
1.387000000000000000e+03
3.994000000000000000e+03
4.460000000000000000e+02
1.310000000000000000e+03
7.410000000000000000e+02
2.998000000000000000e+03
3.972000000000000000e+03
4.743000000000000000e+03
3.767000000000000000e+03
3.031000000000000000e+03
4.799000000000000000e+03
4.867000000000000000e+03
2.314000000000000000e+03
3.302000000000000000e+03
3.175000000000000000e+03
2.966000000000000000e+03
2.106000000000000000e+03
1.344000000000000000e+03
2.526000000000000000e+03
3.606000000000000000e+03
1.075000000000000000e+03
2.876000000000000000e+03
1.732000000000000000e+03
4.350000000000000000e+02
2.000000000000000000e+00
3.783000000000000000e+03
5.460000000000000000e+03
5.211000000000000000e+03
5.421000000000000000e+03
1.722000000000000000e+03
