4.652000000000000000e+03
3.086000000000000000e+03
4.743000000000000000e+03
2.517000000000000000e+03
3.302000000000000000e+03
2.014000000000000000e+03
2.497000000000000000e+03
3.160000000000000000e+02
3.108000000000000000e+03
2.518000000000000000e+03
2.433000000000000000e+03
4.084000000000000000e+03
2.909000000000000000e+03
4.061000000000000000e+03
3.056000000000000000e+03
1.116000000000000000e+03
3.167000000000000000e+03
1.311000000000000000e+03
3.484000000000000000e+03
1.387000000000000000e+03
3.627000000000000000e+03
3.593000000000000000e+03
4.867000000000000000e+03
5.535000000000000000e+03
1.075000000000000000e+03
3.606000000000000000e+03
5.960000000000000000e+02
2.526000000000000000e+03
2.092000000000000000e+03
2.314000000000000000e+03
2.966000000000000000e+03
2.998000000000000000e+03
2.106000000000000000e+03
4.460000000000000000e+02
7.410000000000000000e+02
1.310000000000000000e+03
3.483000000000000000e+03
2.507000000000000000e+03
5.341000000000000000e+03
2.578000000000000000e+03
3.520000000000000000e+03
3.994000000000000000e+03
5.220000000000000000e+02
2.000000000000000000e+00
3.921000000000000000e+03
1.344000000000000000e+03
3.420000000000000000e+02
5.660000000000000000e+02
1.440000000000000000e+03
1.609000000000000000e+03
