3.527000000000000000e+03
2.865000000000000000e+03
4.869000000000000000e+03
3.459000000000000000e+03
3.916000000000000000e+03
2.857000000000000000e+03
5.542000000000000000e+03
1.695000000000000000e+03
1.830000000000000000e+02
1.344000000000000000e+03
2.773000000000000000e+03
3.408000000000000000e+03
5.618000000000000000e+03
1.428000000000000000e+03
4.845000000000000000e+03
5.656000000000000000e+03
3.463000000000000000e+03
2.772000000000000000e+03
2.858000000000000000e+03
3.119000000000000000e+03
2.075000000000000000e+03
3.372000000000000000e+03
2.208000000000000000e+03
4.957000000000000000e+03
4.786000000000000000e+03
2.896000000000000000e+03
3.196000000000000000e+03
1.355000000000000000e+03
4.230000000000000000e+02
4.707000000000000000e+03
3.800000000000000000e+03
2.501000000000000000e+03
5.704000000000000000e+03
2.982000000000000000e+03
5.570000000000000000e+02
9.500000000000000000e+02
1.767000000000000000e+03
2.170000000000000000e+02
2.115000000000000000e+03
1.189000000000000000e+03
4.546000000000000000e+03
3.695000000000000000e+03
4.335000000000000000e+03
4.819000000000000000e+03
3.544000000000000000e+03
3.651000000000000000e+03
2.487000000000000000e+03
4.057000000000000000e+03
5.383000000000000000e+03
7.900000000000000000e+02
