3.527000000000000000e+03
2.865000000000000000e+03
1.612000000000000000e+03
5.704000000000000000e+03
4.816000000000000000e+03
3.189000000000000000e+03
3.585000000000000000e+03
4.132000000000000000e+03
5.542000000000000000e+03
2.773000000000000000e+03
1.695000000000000000e+03
1.344000000000000000e+03
1.355000000000000000e+03
3.196000000000000000e+03
4.546000000000000000e+03
2.772000000000000000e+03
3.415000000000000000e+03
3.408000000000000000e+03
3.651000000000000000e+03
2.896000000000000000e+03
3.842000000000000000e+03
4.845000000000000000e+03
3.965000000000000000e+03
1.189000000000000000e+03
2.600000000000000000e+02
9.710000000000000000e+02
1.580000000000000000e+03
5.656000000000000000e+03
5.618000000000000000e+03
1.598000000000000000e+03
2.858000000000000000e+03
1.428000000000000000e+03
1.767000000000000000e+03
4.786000000000000000e+03
2.976000000000000000e+03
3.119000000000000000e+03
2.208000000000000000e+03
6.480000000000000000e+02
5.272000000000000000e+03
1.151000000000000000e+03
8.730000000000000000e+02
5.570000000000000000e+02
2.982000000000000000e+03
2.115000000000000000e+03
3.695000000000000000e+03
4.274000000000000000e+03
4.727000000000000000e+03
4.860000000000000000e+02
2.487000000000000000e+03
4.057000000000000000e+03
