2.419000000000000000e+03
1.101000000000000000e+03
1.260000000000000000e+03
1.050000000000000000e+02
8.010000000000000000e+02
1.237000000000000000e+03
5.040000000000000000e+02
1.683000000000000000e+03
5.880000000000000000e+02
1.411000000000000000e+03
7.200000000000000000e+02
9.060000000000000000e+02
1.233000000000000000e+03
8.540000000000000000e+02
1.901000000000000000e+03
7.250000000000000000e+02
1.235000000000000000e+03
1.655000000000000000e+03
4.490000000000000000e+02
1.231000000000000000e+03
4.110000000000000000e+02
1.788000000000000000e+03
8.280000000000000000e+02
1.140000000000000000e+03
9.040000000000000000e+02
6.110000000000000000e+02
1.738000000000000000e+03
7.760000000000000000e+02
8.550000000000000000e+02
1.790000000000000000e+03
1.380000000000000000e+03
6.950000000000000000e+02
1.175000000000000000e+03
7.800000000000000000e+02
1.625000000000000000e+03
6.670000000000000000e+02
1.236000000000000000e+03
5.220000000000000000e+02
8.580000000000000000e+02
5.550000000000000000e+02
1.791000000000000000e+03
6.980000000000000000e+02
1.234000000000000000e+03
2.970000000000000000e+02
1.682000000000000000e+03
5.200000000000000000e+02
5.080000000000000000e+02
5.580000000000000000e+02
1.845000000000000000e+03
8.270000000000000000e+02
