2.419000000000000000e+03
1.666000000000000000e+03
1.553000000000000000e+03
1.476000000000000000e+03
1.655000000000000000e+03
1.612000000000000000e+03
1.607000000000000000e+03
1.791000000000000000e+03
7.200000000000000000e+02
2.970000000000000000e+02
1.233000000000000000e+03
7.250000000000000000e+02
1.683000000000000000e+03
5.880000000000000000e+02
5.040000000000000000e+02
1.237000000000000000e+03
8.280000000000000000e+02
8.010000000000000000e+02
1.901000000000000000e+03
1.235000000000000000e+03
9.040000000000000000e+02
9.100000000000000000e+02
1.231000000000000000e+03
6.110000000000000000e+02
8.640000000000000000e+02
1.736000000000000000e+03
5.580000000000000000e+02
1.380000000000000000e+03
6.300000000000000000e+02
7.730000000000000000e+02
9.240000000000000000e+02
1.792000000000000000e+03
1.011000000000000000e+03
7.760000000000000000e+02
1.291000000000000000e+03
9.060000000000000000e+02
5.020000000000000000e+02
1.175000000000000000e+03
1.682000000000000000e+03
9.200000000000000000e+02
1.236000000000000000e+03
7.800000000000000000e+02
6.950000000000000000e+02
2.430000000000000000e+02
1.956000000000000000e+03
6.670000000000000000e+02
1.234000000000000000e+03
8.270000000000000000e+02
1.627000000000000000e+03
3.950000000000000000e+02
