2.419000000000000000e+03
1.090000000000000000e+02
8.630000000000000000e+02
1.689000000000000000e+03
7.720000000000000000e+02
8.010000000000000000e+02
1.682000000000000000e+03
1.237000000000000000e+03
5.040000000000000000e+02
9.200000000000000000e+02
9.060000000000000000e+02
1.683000000000000000e+03
7.200000000000000000e+02
1.175000000000000000e+03
1.655000000000000000e+03
6.110000000000000000e+02
5.250000000000000000e+02
1.235000000000000000e+03
9.240000000000000000e+02
1.625000000000000000e+03
4.700000000000000000e+02
5.020000000000000000e+02
7.760000000000000000e+02
1.233000000000000000e+03
1.788000000000000000e+03
6.980000000000000000e+02
8.550000000000000000e+02
3.950000000000000000e+02
8.580000000000000000e+02
1.231000000000000000e+03
9.620000000000000000e+02
1.292000000000000000e+03
5.550000000000000000e+02
5.240000000000000000e+02
1.901000000000000000e+03
8.280000000000000000e+02
6.950000000000000000e+02
1.236000000000000000e+03
1.034000000000000000e+03
2.970000000000000000e+02
1.805000000000000000e+03
6.620000000000000000e+02
1.738000000000000000e+03
7.250000000000000000e+02
6.300000000000000000e+02
1.845000000000000000e+03
6.670000000000000000e+02
6.430000000000000000e+02
6.100000000000000000e+02
9.170000000000000000e+02
