2.419000000000000000e+03
1.261000000000000000e+03
1.321000000000000000e+03
7.870000000000000000e+02
1.389000000000000000e+03
2.970000000000000000e+02
1.369000000000000000e+03
1.360000000000000000e+03
6.110000000000000000e+02
1.791000000000000000e+03
9.150000000000000000e+02
1.231000000000000000e+03
1.655000000000000000e+03
1.683000000000000000e+03
1.011000000000000000e+03
1.237000000000000000e+03
5.040000000000000000e+02
7.200000000000000000e+02
6.300000000000000000e+02
8.280000000000000000e+02
1.233000000000000000e+03
1.788000000000000000e+03
4.110000000000000000e+02
7.250000000000000000e+02
1.235000000000000000e+03
9.040000000000000000e+02
5.580000000000000000e+02
1.140000000000000000e+03
1.682000000000000000e+03
7.760000000000000000e+02
9.060000000000000000e+02
1.291000000000000000e+03
4.490000000000000000e+02
8.550000000000000000e+02
6.950000000000000000e+02
6.620000000000000000e+02
1.627000000000000000e+03
8.270000000000000000e+02
1.236000000000000000e+03
1.175000000000000000e+03
1.034000000000000000e+03
8.540000000000000000e+02
1.279000000000000000e+03
1.234000000000000000e+03
5.880000000000000000e+02
1.845000000000000000e+03
5.020000000000000000e+02
8.010000000000000000e+02
1.229000000000000000e+03
4.710000000000000000e+02
