1.120100000000000000e+04
6.030000000000000000e+03
5.610000000000000000e+02
5.871000000000000000e+03
1.187600000000000000e+04
1.097900000000000000e+04
7.994000000000000000e+03
1.072600000000000000e+04
1.025800000000000000e+04
5.643000000000000000e+03
1.225900000000000000e+04
1.026100000000000000e+04
4.086000000000000000e+03
3.662000000000000000e+03
7.111000000000000000e+03
1.133600000000000000e+04
3.633000000000000000e+03
7.170000000000000000e+03
1.017800000000000000e+04
2.010000000000000000e+03
4.644000000000000000e+03
1.251000000000000000e+04
1.191800000000000000e+04
9.480000000000000000e+02
6.016000000000000000e+03
2.085000000000000000e+03
1.999000000000000000e+03
1.700000000000000000e+03
6.289000000000000000e+03
1.014700000000000000e+04
1.225000000000000000e+03
5.604000000000000000e+03
8.091000000000000000e+03
1.193000000000000000e+03
2.600000000000000000e+03
2.663000000000000000e+03
9.781000000000000000e+03
8.210000000000000000e+02
5.278000000000000000e+03
3.308000000000000000e+03
1.003700000000000000e+04
6.018000000000000000e+03
9.322000000000000000e+03
8.890000000000000000e+03
1.800000000000000000e+02
8.525000000000000000e+03
5.826000000000000000e+03
1.365000000000000000e+03
4.288000000000000000e+03
4.105000000000000000e+03
