2.430000000000000000e+02
9.992000000000000000e+03
7.150000000000000000e+03
3.160000000000000000e+03
8.322000000000000000e+03
8.006000000000000000e+03
5.005000000000000000e+03
5.004000000000000000e+03
9.981000000000000000e+03
3.982000000000000000e+03
1.003000000000000000e+03
2.142000000000000000e+03
9.134000000000000000e+03
4.603000000000000000e+03
8.377000000000000000e+03
4.198000000000000000e+03
5.633000000000000000e+03
1.687000000000000000e+03
4.289000000000000000e+03
1.288000000000000000e+03
7.074000000000000000e+03
8.492000000000000000e+03
5.872000000000000000e+03
2.240000000000000000e+02
5.579000000000000000e+03
8.727000000000000000e+03
9.610000000000000000e+03
1.722000000000000000e+03
3.033000000000000000e+03
4.322000000000000000e+03
2.914000000000000000e+03
3.381000000000000000e+03
7.556000000000000000e+03
3.854000000000000000e+03
8.206000000000000000e+03
3.986000000000000000e+03
5.045000000000000000e+03
6.104000000000000000e+03
5.391000000000000000e+03
8.970000000000000000e+03
7.219000000000000000e+03
5.566000000000000000e+03
4.068000000000000000e+03
7.635000000000000000e+03
9.587000000000000000e+03
2.655000000000000000e+03
8.603000000000000000e+03
2.709000000000000000e+03
1.086000000000000000e+03
2.357000000000000000e+03
