2.046000000000000000e+03
1.112400000000000000e+04
3.113000000000000000e+03
8.583000000000000000e+03
7.943000000000000000e+03
2.159000000000000000e+03
9.214000000000000000e+03
8.895000000000000000e+03
4.976000000000000000e+03
2.775000000000000000e+03
7.335000000000000000e+03
1.115600000000000000e+04
1.066100000000000000e+04
5.967000000000000000e+03
6.238000000000000000e+03
2.547000000000000000e+03
6.038000000000000000e+03
7.037000000000000000e+03
2.199000000000000000e+03
4.920000000000000000e+02
1.080500000000000000e+04
8.663000000000000000e+03
8.884000000000000000e+03
2.630000000000000000e+02
1.520000000000000000e+02
8.950000000000000000e+03
4.188000000000000000e+03
3.330000000000000000e+02
5.379000000000000000e+03
2.694000000000000000e+03
2.880000000000000000e+02
6.089000000000000000e+03
1.072900000000000000e+04
9.250000000000000000e+03
3.590000000000000000e+03
5.399000000000000000e+03
1.052800000000000000e+04
1.880000000000000000e+03
9.930000000000000000e+03
5.286000000000000000e+03
7.950000000000000000e+03
5.433000000000000000e+03
2.157000000000000000e+03
7.212000000000000000e+03
8.963000000000000000e+03
7.420000000000000000e+03
4.051000000000000000e+03
5.104000000000000000e+03
1.642000000000000000e+03
1.019500000000000000e+04
