2.046000000000000000e+03
7.399000000000000000e+03
1.619000000000000000e+03
3.697000000000000000e+03
5.255000000000000000e+03
7.197000000000000000e+03
6.478000000000000000e+03
1.009100000000000000e+04
6.125000000000000000e+03
5.433000000000000000e+03
1.187000000000000000e+03
3.113000000000000000e+03
3.881000000000000000e+03
1.597000000000000000e+03
8.849000000000000000e+03
7.212000000000000000e+03
7.335000000000000000e+03
4.338000000000000000e+03
8.220000000000000000e+03
4.920000000000000000e+02
5.684000000000000000e+03
8.950000000000000000e+03
7.943000000000000000e+03
6.590000000000000000e+02
2.775000000000000000e+03
9.000000000000000000e+02
6.089000000000000000e+03
2.630000000000000000e+02
1.345000000000000000e+03
2.028000000000000000e+03
2.202000000000000000e+03
1.066100000000000000e+04
2.547000000000000000e+03
2.157000000000000000e+03
4.601000000000000000e+03
3.410000000000000000e+02
7.037000000000000000e+03
4.337000000000000000e+03
1.248000000000000000e+03
1.072900000000000000e+04
8.884000000000000000e+03
7.580000000000000000e+02
7.420000000000000000e+03
6.755000000000000000e+03
8.963000000000000000e+03
5.286000000000000000e+03
6.009000000000000000e+03
8.759000000000000000e+03
4.249000000000000000e+03
5.558000000000000000e+03
