1.870000000000000000e+03
2.761000000000000000e+03
9.110000000000000000e+02
5.310000000000000000e+02
3.521000000000000000e+03
2.010000000000000000e+03
8.580000000000000000e+02
1.758000000000000000e+03
2.863000000000000000e+03
1.711000000000000000e+03
9.620000000000000000e+02
3.912000000000000000e+03
1.100000000000000000e+02
1.290000000000000000e+02
2.260000000000000000e+03
3.454000000000000000e+03
3.786000000000000000e+03
1.650000000000000000e+03
2.847000000000000000e+03
1.053000000000000000e+03
4.153000000000000000e+03
2.797000000000000000e+03
3.729000000000000000e+03
9.560000000000000000e+02
6.360000000000000000e+02
3.990000000000000000e+02
9.950000000000000000e+02
1.410000000000000000e+03
3.298000000000000000e+03
7.550000000000000000e+02
4.460000000000000000e+02
3.111000000000000000e+03
3.759000000000000000e+03
1.464000000000000000e+03
1.857000000000000000e+03
1.318000000000000000e+03
2.172000000000000000e+03
2.801000000000000000e+03
2.554000000000000000e+03
2.748000000000000000e+03
1.746000000000000000e+03
2.517000000000000000e+03
2.502000000000000000e+03
1.075000000000000000e+03
4.251000000000000000e+03
2.155000000000000000e+03
4.420000000000000000e+03
3.770000000000000000e+02
2.492000000000000000e+03
3.859000000000000000e+03
