1.870000000000000000e+03
2.172000000000000000e+03
3.912000000000000000e+03
6.360000000000000000e+02
3.975000000000000000e+03
2.010000000000000000e+03
1.000000000000000000e+01
3.333000000000000000e+03
3.630000000000000000e+02
2.554000000000000000e+03
3.213000000000000000e+03
9.950000000000000000e+02
1.053000000000000000e+03
3.825000000000000000e+03
1.929000000000000000e+03
5.310000000000000000e+02
3.033000000000000000e+03
1.650000000000000000e+03
2.910000000000000000e+02
4.200000000000000000e+01
2.801000000000000000e+03
3.660000000000000000e+03
4.230000000000000000e+03
1.488000000000000000e+03
4.262000000000000000e+03
9.620000000000000000e+02
4.414000000000000000e+03
3.454000000000000000e+03
3.786000000000000000e+03
9.360000000000000000e+02
2.670000000000000000e+02
1.857000000000000000e+03
1.290000000000000000e+02
4.432000000000000000e+03
3.770000000000000000e+02
4.294000000000000000e+03
4.560000000000000000e+02
1.230000000000000000e+03
2.612000000000000000e+03
5.360000000000000000e+02
3.862000000000000000e+03
5.560000000000000000e+02
3.180000000000000000e+02
6.670000000000000000e+02
3.000000000000000000e+03
3.902000000000000000e+03
2.800000000000000000e+01
1.746000000000000000e+03
1.464000000000000000e+03
3.368000000000000000e+03
