1.870000000000000000e+03
4.262000000000000000e+03
1.168000000000000000e+03
7.530000000000000000e+02
3.697000000000000000e+03
1.464000000000000000e+03
2.800000000000000000e+01
3.600000000000000000e+02
3.912000000000000000e+03
3.454000000000000000e+03
1.290000000000000000e+02
9.620000000000000000e+02
3.786000000000000000e+03
2.847000000000000000e+03
6.700000000000000000e+02
4.360000000000000000e+03
4.414000000000000000e+03
1.318000000000000000e+03
1.650000000000000000e+03
1.075000000000000000e+03
7.790000000000000000e+02
6.360000000000000000e+02
9.950000000000000000e+02
2.172000000000000000e+03
3.975000000000000000e+03
4.400000000000000000e+02
3.902000000000000000e+03
3.521000000000000000e+03
2.554000000000000000e+03
2.666000000000000000e+03
3.729000000000000000e+03
4.129000000000000000e+03
3.033000000000000000e+03
2.492000000000000000e+03
1.606000000000000000e+03
7.550000000000000000e+02
2.797000000000000000e+03
2.991000000000000000e+03
4.156000000000000000e+03
2.801000000000000000e+03
1.451000000000000000e+03
2.203000000000000000e+03
1.602000000000000000e+03
3.990000000000000000e+02
1.410000000000000000e+03
3.077000000000000000e+03
1.043000000000000000e+03
2.011000000000000000e+03
1.053000000000000000e+03
2.941000000000000000e+03
