1.870000000000000000e+03
4.050000000000000000e+02
3.759000000000000000e+03
3.271000000000000000e+03
5.510000000000000000e+02
2.847000000000000000e+03
9.560000000000000000e+02
2.467000000000000000e+03
1.549000000000000000e+03
3.962000000000000000e+03
2.554000000000000000e+03
3.454000000000000000e+03
4.368000000000000000e+03
2.801000000000000000e+03
3.521000000000000000e+03
1.053000000000000000e+03
5.310000000000000000e+02
1.290000000000000000e+02
3.600000000000000000e+02
1.488000000000000000e+03
4.432000000000000000e+03
3.404000000000000000e+03
3.902000000000000000e+03
8.370000000000000000e+02
2.240000000000000000e+03
2.800000000000000000e+01
2.172000000000000000e+03
3.912000000000000000e+03
6.360000000000000000e+02
1.199000000000000000e+03
1.567000000000000000e+03
4.262000000000000000e+03
3.477000000000000000e+03
3.660000000000000000e+03
1.767000000000000000e+03
2.070000000000000000e+03
1.252000000000000000e+03
3.033000000000000000e+03
3.213000000000000000e+03
2.797000000000000000e+03
4.400000000000000000e+02
3.768000000000000000e+03
1.055000000000000000e+03
7.790000000000000000e+02
1.464000000000000000e+03
8.240000000000000000e+02
3.602000000000000000e+03
1.318000000000000000e+03
3.786000000000000000e+03
3.167000000000000000e+03
