1.870000000000000000e+03
4.050000000000000000e+02
3.759000000000000000e+03
2.847000000000000000e+03
1.075000000000000000e+03
1.650000000000000000e+03
3.912000000000000000e+03
3.786000000000000000e+03
3.454000000000000000e+03
1.451000000000000000e+03
1.290000000000000000e+02
4.300000000000000000e+03
1.710000000000000000e+03
1.053000000000000000e+03
4.046000000000000000e+03
4.400000000000000000e+02
4.199000000000000000e+03
1.199000000000000000e+03
3.333000000000000000e+03
6.360000000000000000e+02
1.024000000000000000e+03
1.464000000000000000e+03
2.800000000000000000e+01
2.801000000000000000e+03
4.187000000000000000e+03
1.666000000000000000e+03
3.770000000000000000e+02
3.180000000000000000e+02
5.190000000000000000e+02
1.014000000000000000e+03
9.950000000000000000e+02
2.740000000000000000e+03
3.975000000000000000e+03
3.990000000000000000e+02
1.410000000000000000e+03
3.775000000000000000e+03
1.428000000000000000e+03
3.521000000000000000e+03
4.252000000000000000e+03
2.908000000000000000e+03
1.318000000000000000e+03
2.554000000000000000e+03
1.983000000000000000e+03
3.540000000000000000e+03
2.462000000000000000e+03
3.768000000000000000e+03
2.172000000000000000e+03
4.153000000000000000e+03
2.941000000000000000e+03
3.604000000000000000e+03
