1.870000000000000000e+03
6.040000000000000000e+02
2.172000000000000000e+03
3.912000000000000000e+03
3.058000000000000000e+03
1.650000000000000000e+03
1.917000000000000000e+03
9.950000000000000000e+02
7.550000000000000000e+02
1.464000000000000000e+03
1.857000000000000000e+03
3.454000000000000000e+03
2.847000000000000000e+03
2.618000000000000000e+03
2.801000000000000000e+03
2.554000000000000000e+03
2.502000000000000000e+03
3.729000000000000000e+03
3.298000000000000000e+03
3.770000000000000000e+02
3.423000000000000000e+03
6.360000000000000000e+02
3.251000000000000000e+03
1.410000000000000000e+03
4.414000000000000000e+03
4.432000000000000000e+03
2.070000000000000000e+03
1.567000000000000000e+03
3.304000000000000000e+03
2.237000000000000000e+03
3.759000000000000000e+03
1.000000000000000000e+01
2.584000000000000000e+03
1.230000000000000000e+03
1.290000000000000000e+02
3.111000000000000000e+03
4.011000000000000000e+03
3.521000000000000000e+03
2.666000000000000000e+03
3.786000000000000000e+03
7.530000000000000000e+02
2.552000000000000000e+03
4.262000000000000000e+03
3.368000000000000000e+03
3.033000000000000000e+03
3.897000000000000000e+03
1.043000000000000000e+03
1.488000000000000000e+03
1.666000000000000000e+03
1.746000000000000000e+03
