1.730000000000000000e+02
9.280000000000000000e+02
1.550000000000000000e+02
5.320000000000000000e+02
6.760000000000000000e+02
0.000000000000000000e+00
9.850000000000000000e+02
4.650000000000000000e+02
4.240000000000000000e+02
2.290000000000000000e+02
8.160000000000000000e+02
3.800000000000000000e+01
2.990000000000000000e+02
9.590000000000000000e+02
2.920000000000000000e+02
2.000000000000000000e+01
4.350000000000000000e+02
4.550000000000000000e+02
5.110000000000000000e+02
6.400000000000000000e+01
9.950000000000000000e+02
8.680000000000000000e+02
9.240000000000000000e+02
3.100000000000000000e+01
1.800000000000000000e+02
5.280000000000000000e+02
3.330000000000000000e+02
1.000000000000000000e+00
8.440000000000000000e+02
2.310000000000000000e+02
9.830000000000000000e+02
4.680000000000000000e+02
3.240000000000000000e+02
4.560000000000000000e+02
5.520000000000000000e+02
3.200000000000000000e+01
6.810000000000000000e+02
7.000000000000000000e+00
9.860000000000000000e+02
1.960000000000000000e+02
5.300000000000000000e+02
5.980000000000000000e+02
7.400000000000000000e+02
5.000000000000000000e+02
4.250000000000000000e+02
4.900000000000000000e+02
4.000000000000000000e+00
1.012000000000000000e+03
7.410000000000000000e+02
4.340000000000000000e+02
