6.966000000000000000e+03
1.216000000000000000e+03
6.347000000000000000e+03
9.391000000000000000e+03
4.829000000000000000e+03
4.198000000000000000e+03
1.054000000000000000e+03
4.640000000000000000e+03
8.771000000000000000e+03
4.020000000000000000e+02
5.900000000000000000e+03
8.277000000000000000e+03
2.790000000000000000e+03
3.151000000000000000e+03
7.878000000000000000e+03
5.093000000000000000e+03
9.238000000000000000e+03
5.010000000000000000e+03
1.390000000000000000e+03
8.781000000000000000e+03
2.567000000000000000e+03
1.867000000000000000e+03
6.128000000000000000e+03
7.855000000000000000e+03
3.631000000000000000e+03
3.599000000000000000e+03
1.162000000000000000e+03
4.529000000000000000e+03
7.612000000000000000e+03
2.294000000000000000e+03
4.349000000000000000e+03
5.090000000000000000e+02
5.209000000000000000e+03
1.943000000000000000e+03
8.605000000000000000e+03
2.911000000000000000e+03
1.804000000000000000e+03
3.013000000000000000e+03
7.815000000000000000e+03
6.220000000000000000e+03
1.009800000000000000e+04
5.120000000000000000e+02
9.353000000000000000e+03
4.329000000000000000e+03
8.055000000000000000e+03
3.148000000000000000e+03
4.528000000000000000e+03
8.774000000000000000e+03
5.871000000000000000e+03
8.501000000000000000e+03
