6.966000000000000000e+03
1.782000000000000000e+03
9.395000000000000000e+03
5.354000000000000000e+03
7.227000000000000000e+03
4.528000000000000000e+03
1.044000000000000000e+03
9.001000000000000000e+03
8.055000000000000000e+03
5.426000000000000000e+03
2.790000000000000000e+03
2.484000000000000000e+03
4.085000000000000000e+03
3.500000000000000000e+01
8.391000000000000000e+03
5.569000000000000000e+03
5.140000000000000000e+02
3.484000000000000000e+03
4.529000000000000000e+03
8.380000000000000000e+03
7.612000000000000000e+03
3.074000000000000000e+03
5.209000000000000000e+03
3.995000000000000000e+03
1.149000000000000000e+03
3.970000000000000000e+02
6.176000000000000000e+03
4.304000000000000000e+03
8.778000000000000000e+03
5.115000000000000000e+03
1.400000000000000000e+03
5.662000000000000000e+03
9.238000000000000000e+03
7.878000000000000000e+03
8.501000000000000000e+03
5.093000000000000000e+03
3.264000000000000000e+03
4.640000000000000000e+03
2.567000000000000000e+03
9.400000000000000000e+02
1.867000000000000000e+03
5.787000000000000000e+03
2.500000000000000000e+01
5.391000000000000000e+03
3.950000000000000000e+02
3.631000000000000000e+03
8.775000000000000000e+03
7.815000000000000000e+03
3.079000000000000000e+03
7.943000000000000000e+03
