2.585000000000000000e+03
2.691000000000000000e+03
5.161000000000000000e+03
3.114000000000000000e+03
3.419000000000000000e+03
3.044000000000000000e+03
1.815000000000000000e+03
2.445000000000000000e+03
4.685000000000000000e+03
2.655000000000000000e+03
3.660000000000000000e+03
2.697000000000000000e+03
4.842000000000000000e+03
1.921000000000000000e+03
5.094000000000000000e+03
2.084000000000000000e+03
5.810000000000000000e+03
1.879000000000000000e+03
1.869000000000000000e+03
3.876000000000000000e+03
4.043000000000000000e+03
1.602000000000000000e+03
2.400000000000000000e+03
3.474000000000000000e+03
1.360000000000000000e+02
4.959000000000000000e+03
2.495000000000000000e+03
1.600000000000000000e+01
2.895000000000000000e+03
1.948000000000000000e+03
2.188000000000000000e+03
3.929000000000000000e+03
4.107000000000000000e+03
2.684000000000000000e+03
5.556000000000000000e+03
3.219000000000000000e+03
2.496000000000000000e+03
3.299000000000000000e+03
1.191000000000000000e+03
3.380000000000000000e+03
4.237000000000000000e+03
4.207000000000000000e+03
2.677000000000000000e+03
3.275000000000000000e+03
4.212000000000000000e+03
4.052000000000000000e+03
2.407000000000000000e+03
5.054000000000000000e+03
3.455000000000000000e+03
2.908000000000000000e+03
