3.270000000000000000e+02
1.500000000000000000e+01
9.600000000000000000e+01
3.870000000000000000e+02
9.200000000000000000e+01
3.800000000000000000e+02
1.640000000000000000e+02
1.880000000000000000e+02
4.700000000000000000e+01
3.490000000000000000e+02
3.370000000000000000e+02
3.820000000000000000e+02
2.590000000000000000e+02
2.420000000000000000e+02
3.040000000000000000e+02
3.120000000000000000e+02
2.750000000000000000e+02
3.780000000000000000e+02
2.290000000000000000e+02
9.500000000000000000e+01
9.300000000000000000e+01
3.970000000000000000e+02
2.760000000000000000e+02
8.900000000000000000e+01
1.650000000000000000e+02
3.430000000000000000e+02
4.350000000000000000e+02
3.140000000000000000e+02
6.000000000000000000e+00
3.000000000000000000e+01
5.900000000000000000e+01
3.310000000000000000e+02
1.030000000000000000e+02
1.060000000000000000e+02
3.650000000000000000e+02
2.900000000000000000e+02
3.840000000000000000e+02
2.940000000000000000e+02
1.670000000000000000e+02
1.840000000000000000e+02
1.320000000000000000e+02
2.710000000000000000e+02
9.700000000000000000e+01
1.460000000000000000e+02
2.950000000000000000e+02
3.450000000000000000e+02
3.100000000000000000e+02
3.860000000000000000e+02
4.500000000000000000e+02
3.790000000000000000e+02
