3.270000000000000000e+02
9.600000000000000000e+01
3.900000000000000000e+01
2.590000000000000000e+02
1.520000000000000000e+02
1.640000000000000000e+02
4.700000000000000000e+01
9.300000000000000000e+01
3.120000000000000000e+02
2.040000000000000000e+02
8.900000000000000000e+01
3.780000000000000000e+02
1.560000000000000000e+02
3.040000000000000000e+02
3.820000000000000000e+02
3.370000000000000000e+02
1.880000000000000000e+02
1.840000000000000000e+02
2.760000000000000000e+02
1.030000000000000000e+02
3.400000000000000000e+02
3.870000000000000000e+02
2.470000000000000000e+02
1.650000000000000000e+02
3.970000000000000000e+02
3.490000000000000000e+02
9.200000000000000000e+01
6.000000000000000000e+00
1.320000000000000000e+02
2.950000000000000000e+02
2.900000000000000000e+02
5.900000000000000000e+01
3.860000000000000000e+02
2.420000000000000000e+02
3.140000000000000000e+02
1.220000000000000000e+02
3.630000000000000000e+02
3.000000000000000000e+01
2.770000000000000000e+02
2.290000000000000000e+02
3.840000000000000000e+02
2.710000000000000000e+02
3.100000000000000000e+02
4.110000000000000000e+02
1.460000000000000000e+02
1.060000000000000000e+02
7.200000000000000000e+01
4.500000000000000000e+02
3.060000000000000000e+02
1.900000000000000000e+01
