4.652000000000000000e+03
1.384000000000000000e+03
4.743000000000000000e+03
3.830000000000000000e+02
1.329000000000000000e+03
1.304000000000000000e+03
3.191000000000000000e+03
3.273000000000000000e+03
1.565000000000000000e+03
1.599000000000000000e+03
2.570000000000000000e+03
3.606000000000000000e+03
5.476000000000000000e+03
2.717000000000000000e+03
4.631000000000000000e+03
4.705000000000000000e+03
2.851000000000000000e+03
1.898000000000000000e+03
2.248000000000000000e+03
4.290000000000000000e+02
6.720000000000000000e+02
1.170000000000000000e+02
4.989000000000000000e+03
3.778000000000000000e+03
4.443000000000000000e+03
4.249000000000000000e+03
2.384000000000000000e+03
3.106000000000000000e+03
7.710000000000000000e+02
4.791000000000000000e+03
1.310000000000000000e+03
1.625000000000000000e+03
2.738000000000000000e+03
1.116000000000000000e+03
2.127000000000000000e+03
2.433000000000000000e+03
1.789000000000000000e+03
4.643000000000000000e+03
2.967000000000000000e+03
4.363000000000000000e+03
3.483000000000000000e+03
2.355000000000000000e+03
4.286000000000000000e+03
3.749000000000000000e+03
5.548000000000000000e+03
4.084000000000000000e+03
4.460000000000000000e+02
2.517000000000000000e+03
2.653000000000000000e+03
5.167000000000000000e+03
