5.234000000000000000e+03
3.992000000000000000e+03
2.342000000000000000e+03
4.729000000000000000e+03
1.989000000000000000e+03
9.210000000000000000e+02
3.636000000000000000e+03
2.717000000000000000e+03
4.989000000000000000e+03
1.020000000000000000e+03
5.055000000000000000e+03
1.304000000000000000e+03
3.606000000000000000e+03
1.898000000000000000e+03
1.478000000000000000e+03
2.355000000000000000e+03
5.503000000000000000e+03
3.745000000000000000e+03
5.476000000000000000e+03
4.631000000000000000e+03
4.460000000000000000e+02
3.191000000000000000e+03
2.518000000000000000e+03
4.290000000000000000e+02
1.646000000000000000e+03
3.749000000000000000e+03
3.420000000000000000e+02
7.900000000000000000e+01
1.625000000000000000e+03
2.370000000000000000e+02
7.710000000000000000e+02
2.570000000000000000e+03
2.738000000000000000e+03
2.933000000000000000e+03
2.127000000000000000e+03
2.240000000000000000e+03
5.324000000000000000e+03
4.517000000000000000e+03
3.110000000000000000e+03
4.705000000000000000e+03
7.730000000000000000e+02
4.623000000000000000e+03
4.084000000000000000e+03
4.469000000000000000e+03
2.674000000000000000e+03
4.061000000000000000e+03
2.517000000000000000e+03
2.967000000000000000e+03
3.479000000000000000e+03
2.248000000000000000e+03
