3.527000000000000000e+03
2.021000000000000000e+03
3.298000000000000000e+03
5.426000000000000000e+03
3.916000000000000000e+03
2.865000000000000000e+03
4.100000000000000000e+03
2.540000000000000000e+03
4.048000000000000000e+03
4.815000000000000000e+03
1.983000000000000000e+03
1.302000000000000000e+03
5.542000000000000000e+03
4.073000000000000000e+03
5.371000000000000000e+03
9.500000000000000000e+02
3.283000000000000000e+03
1.947000000000000000e+03
2.861000000000000000e+03
1.695000000000000000e+03
4.819000000000000000e+03
2.944000000000000000e+03
5.475000000000000000e+03
1.586000000000000000e+03
4.345000000000000000e+03
3.321000000000000000e+03
2.075000000000000000e+03
1.987000000000000000e+03
2.982000000000000000e+03
9.990000000000000000e+02
3.119000000000000000e+03
5.272000000000000000e+03
3.601000000000000000e+03
9.540000000000000000e+02
4.867000000000000000e+03
2.095000000000000000e+03
5.569000000000000000e+03
4.780000000000000000e+02
2.372000000000000000e+03
2.612000000000000000e+03
1.276000000000000000e+03
1.612000000000000000e+03
4.429000000000000000e+03
1.200000000000000000e+02
5.595000000000000000e+03
2.772000000000000000e+03
2.224000000000000000e+03
4.348000000000000000e+03
1.298000000000000000e+03
3.936000000000000000e+03
