3.527000000000000000e+03
2.976000000000000000e+03
3.731000000000000000e+03
5.246000000000000000e+03
1.302000000000000000e+03
4.816000000000000000e+03
5.371000000000000000e+03
5.336000000000000000e+03
5.127000000000000000e+03
2.372000000000000000e+03
1.947000000000000000e+03
4.819000000000000000e+03
3.936000000000000000e+03
1.200000000000000000e+02
3.283000000000000000e+03
4.569000000000000000e+03
3.916000000000000000e+03
2.985000000000000000e+03
3.321000000000000000e+03
2.192000000000000000e+03
1.586000000000000000e+03
9.500000000000000000e+02
2.095000000000000000e+03
5.272000000000000000e+03
2.075000000000000000e+03
3.119000000000000000e+03
1.276000000000000000e+03
2.861000000000000000e+03
1.612000000000000000e+03
5.120000000000000000e+02
4.073000000000000000e+03
2.944000000000000000e+03
1.648000000000000000e+03
2.870000000000000000e+02
1.983000000000000000e+03
2.612000000000000000e+03
4.867000000000000000e+03
3.787000000000000000e+03
4.048000000000000000e+03
2.982000000000000000e+03
5.475000000000000000e+03
1.934000000000000000e+03
8.800000000000000000e+02
6.630000000000000000e+02
9.840000000000000000e+02
1.663000000000000000e+03
1.987000000000000000e+03
1.344000000000000000e+03
9.990000000000000000e+02
4.780000000000000000e+02
