3.527000000000000000e+03
3.731000000000000000e+03
5.246000000000000000e+03
4.820000000000000000e+02
4.819000000000000000e+03
5.336000000000000000e+03
1.839000000000000000e+03
5.371000000000000000e+03
3.283000000000000000e+03
1.947000000000000000e+03
2.372000000000000000e+03
3.916000000000000000e+03
6.450000000000000000e+02
2.268000000000000000e+03
1.983000000000000000e+03
3.601000000000000000e+03
9.500000000000000000e+02
4.858000000000000000e+03
1.200000000000000000e+02
3.936000000000000000e+03
1.344000000000000000e+03
4.815000000000000000e+03
2.075000000000000000e+03
1.220000000000000000e+03
3.321000000000000000e+03
5.475000000000000000e+03
3.119000000000000000e+03
5.721000000000000000e+03
4.569000000000000000e+03
3.744000000000000000e+03
1.663000000000000000e+03
1.987000000000000000e+03
2.540000000000000000e+03
1.353000000000000000e+03
2.095000000000000000e+03
9.990000000000000000e+02
5.542000000000000000e+03
8.800000000000000000e+02
5.272000000000000000e+03
4.048000000000000000e+03
2.612000000000000000e+03
2.861000000000000000e+03
2.985000000000000000e+03
1.586000000000000000e+03
1.648000000000000000e+03
5.082000000000000000e+03
4.100000000000000000e+03
4.509000000000000000e+03
6.630000000000000000e+02
1.260000000000000000e+02
