2.419000000000000000e+03
1.372000000000000000e+03
1.090000000000000000e+02
5.420000000000000000e+02
4.500000000000000000e+01
5.700000000000000000e+02
7.830000000000000000e+02
2.198000000000000000e+03
2.160000000000000000e+02
5.650000000000000000e+02
1.689000000000000000e+03
8.690000000000000000e+02
1.020000000000000000e+02
7.720000000000000000e+02
1.417000000000000000e+03
1.544000000000000000e+03
9.330000000000000000e+02
1.554000000000000000e+03
1.833000000000000000e+03
1.050000000000000000e+02
2.199000000000000000e+03
2.190000000000000000e+02
1.369000000000000000e+03
1.608000000000000000e+03
1.612000000000000000e+03
1.080000000000000000e+02
2.110000000000000000e+02
1.360000000000000000e+03
1.408000000000000000e+03
9.740000000000000000e+02
2.309000000000000000e+03
8.380000000000000000e+02
5.560000000000000000e+02
1.235000000000000000e+03
1.000000000000000000e+02
1.805000000000000000e+03
5.880000000000000000e+02
1.034000000000000000e+03
8.120000000000000000e+02
1.299000000000000000e+03
1.655000000000000000e+03
1.662000000000000000e+03
7.180000000000000000e+02
1.179000000000000000e+03
1.043000000000000000e+03
1.355000000000000000e+03
1.630000000000000000e+02
4.400000000000000000e+01
8.950000000000000000e+02
1.070000000000000000e+02
