2.419000000000000000e+03
1.261000000000000000e+03
1.000000000000000000e+02
1.101000000000000000e+03
1.554000000000000000e+03
1.080000000000000000e+02
2.198000000000000000e+03
2.180000000000000000e+02
9.330000000000000000e+02
1.689000000000000000e+03
8.380000000000000000e+02
5.700000000000000000e+02
4.500000000000000000e+01
4.870000000000000000e+02
1.408000000000000000e+03
1.050000000000000000e+02
9.240000000000000000e+02
2.199000000000000000e+03
9.200000000000000000e+02
7.830000000000000000e+02
1.369000000000000000e+03
7.720000000000000000e+02
1.360000000000000000e+03
6.950000000000000000e+02
1.774000000000000000e+03
1.237000000000000000e+03
5.560000000000000000e+02
1.413000000000000000e+03
4.880000000000000000e+02
1.020000000000000000e+02
2.309000000000000000e+03
1.434000000000000000e+03
1.833000000000000000e+03
2.190000000000000000e+02
1.090000000000000000e+02
1.608000000000000000e+03
1.805000000000000000e+03
2.110000000000000000e+02
1.080000000000000000e+03
1.298000000000000000e+03
5.650000000000000000e+02
7.900000000000000000e+02
7.180000000000000000e+02
1.690000000000000000e+03
1.040000000000000000e+03
1.655000000000000000e+03
1.299000000000000000e+03
8.270000000000000000e+02
1.612000000000000000e+03
1.600000000000000000e+02
