9.010000000000000000e+02
7.640000000000000000e+02
4.960000000000000000e+02
1.760000000000000000e+03
6.840000000000000000e+02
1.315000000000000000e+03
1.522000000000000000e+03
1.517000000000000000e+03
2.112000000000000000e+03
1.263000000000000000e+03
1.422000000000000000e+03
1.938000000000000000e+03
7.430000000000000000e+02
2.056000000000000000e+03
1.189000000000000000e+03
6.640000000000000000e+02
2.366000000000000000e+03
2.339000000000000000e+03
8.030000000000000000e+02
1.867000000000000000e+03
1.458000000000000000e+03
1.125000000000000000e+03
1.761000000000000000e+03
1.383000000000000000e+03
2.379000000000000000e+03
1.644000000000000000e+03
8.020000000000000000e+02
1.497000000000000000e+03
4.860000000000000000e+02
7.970000000000000000e+02
5.360000000000000000e+02
8.420000000000000000e+02
1.876000000000000000e+03
2.154000000000000000e+03
1.758000000000000000e+03
1.643000000000000000e+03
1.319000000000000000e+03
1.142000000000000000e+03
1.928000000000000000e+03
1.672000000000000000e+03
2.057000000000000000e+03
2.321000000000000000e+03
8.620000000000000000e+02
7.360000000000000000e+02
2.363000000000000000e+03
1.562000000000000000e+03
1.582000000000000000e+03
2.338000000000000000e+03
1.579000000000000000e+03
1.078000000000000000e+03
