9.020000000000000000e+02
1.072000000000000000e+03
9.780000000000000000e+02
2.056000000000000000e+03
1.640000000000000000e+03
7.430000000000000000e+02
1.928000000000000000e+03
1.125000000000000000e+03
2.339000000000000000e+03
1.263000000000000000e+03
1.522000000000000000e+03
2.366000000000000000e+03
1.643000000000000000e+03
4.860000000000000000e+02
2.097000000000000000e+03
1.458000000000000000e+03
1.422000000000000000e+03
1.878000000000000000e+03
1.876000000000000000e+03
1.383000000000000000e+03
8.030000000000000000e+02
1.761000000000000000e+03
1.319000000000000000e+03
7.840000000000000000e+02
6.160000000000000000e+02
6.840000000000000000e+02
1.644000000000000000e+03
1.867000000000000000e+03
1.314000000000000000e+03
2.057000000000000000e+03
2.321000000000000000e+03
1.582000000000000000e+03
2.399000000000000000e+03
6.640000000000000000e+02
5.350000000000000000e+02
1.760000000000000000e+03
7.970000000000000000e+02
8.020000000000000000e+02
1.672000000000000000e+03
8.630000000000000000e+02
8.780000000000000000e+02
8.420000000000000000e+02
1.485000000000000000e+03
1.938000000000000000e+03
1.517000000000000000e+03
1.989000000000000000e+03
1.189000000000000000e+03
5.460000000000000000e+02
1.584000000000000000e+03
2.379000000000000000e+03
