1.927000000000000000e+03
1.521000000000000000e+03
1.996000000000000000e+03
9.620000000000000000e+02
2.277000000000000000e+03
1.643000000000000000e+03
1.383000000000000000e+03
1.761000000000000000e+03
1.422000000000000000e+03
1.517000000000000000e+03
8.630000000000000000e+02
1.188000000000000000e+03
4.860000000000000000e+02
1.939000000000000000e+03
6.840000000000000000e+02
7.230000000000000000e+02
7.370000000000000000e+02
4.190000000000000000e+02
2.366000000000000000e+03
2.097000000000000000e+03
1.522000000000000000e+03
1.077000000000000000e+03
1.263000000000000000e+03
1.876000000000000000e+03
7.430000000000000000e+02
1.760000000000000000e+03
1.458000000000000000e+03
1.125000000000000000e+03
8.020000000000000000e+02
6.160000000000000000e+02
1.867000000000000000e+03
2.379000000000000000e+03
1.314000000000000000e+03
1.644000000000000000e+03
7.970000000000000000e+02
5.460000000000000000e+02
1.919000000000000000e+03
1.142000000000000000e+03
8.030000000000000000e+02
8.780000000000000000e+02
1.878000000000000000e+03
6.640000000000000000e+02
1.244000000000000000e+03
1.821000000000000000e+03
2.364000000000000000e+03
1.742000000000000000e+03
2.057000000000000000e+03
1.253000000000000000e+03
1.854000000000000000e+03
7.360000000000000000e+02
