1.120100000000000000e+04
9.919000000000000000e+03
5.610000000000000000e+02
1.014300000000000000e+04
9.078000000000000000e+03
9.477000000000000000e+03
7.752000000000000000e+03
7.549000000000000000e+03
8.658000000000000000e+03
1.223800000000000000e+04
7.003000000000000000e+03
3.856000000000000000e+03
1.177000000000000000e+03
6.298000000000000000e+03
4.625000000000000000e+03
5.793000000000000000e+03
9.406000000000000000e+03
9.418000000000000000e+03
1.124400000000000000e+04
3.674000000000000000e+03
7.348000000000000000e+03
1.214100000000000000e+04
6.701000000000000000e+03
4.813000000000000000e+03
7.214000000000000000e+03
4.206000000000000000e+03
9.250000000000000000e+02
1.124300000000000000e+04
9.491000000000000000e+03
1.025400000000000000e+04
8.685000000000000000e+03
6.135000000000000000e+03
1.057800000000000000e+04
1.231800000000000000e+04
7.100000000000000000e+01
1.136300000000000000e+04
6.274000000000000000e+03
1.127100000000000000e+04
4.180000000000000000e+02
7.827000000000000000e+03
1.088300000000000000e+04
1.106900000000000000e+04
1.159600000000000000e+04
8.154000000000000000e+03
1.083000000000000000e+04
6.598000000000000000e+03
9.129000000000000000e+03
9.873000000000000000e+03
5.287000000000000000e+03
9.970000000000000000e+03
