1.120100000000000000e+04
9.052000000000000000e+03
6.030000000000000000e+03
3.248000000000000000e+03
5.610000000000000000e+02
9.078000000000000000e+03
7.752000000000000000e+03
9.477000000000000000e+03
7.549000000000000000e+03
5.871000000000000000e+03
8.658000000000000000e+03
9.919000000000000000e+03
3.856000000000000000e+03
6.298000000000000000e+03
1.177000000000000000e+03
7.003000000000000000e+03
4.813000000000000000e+03
9.406000000000000000e+03
1.235500000000000000e+04
9.250000000000000000e+02
6.713000000000000000e+03
6.580000000000000000e+02
1.214100000000000000e+04
6.701000000000000000e+03
1.025400000000000000e+04
7.395000000000000000e+03
4.180000000000000000e+02
1.223800000000000000e+04
9.129000000000000000e+03
1.088300000000000000e+04
9.491000000000000000e+03
3.674000000000000000e+03
8.685000000000000000e+03
1.106900000000000000e+04
4.625000000000000000e+03
7.348000000000000000e+03
1.878000000000000000e+03
1.136300000000000000e+04
1.159600000000000000e+04
1.231800000000000000e+04
4.824000000000000000e+03
1.124300000000000000e+04
1.143000000000000000e+03
1.124400000000000000e+04
1.250400000000000000e+04
4.206000000000000000e+03
1.083000000000000000e+04
2.192000000000000000e+03
7.650000000000000000e+03
9.873000000000000000e+03
