4.191000000000000000e+03
8.600000000000000000e+01
8.200000000000000000e+03
9.992000000000000000e+03
9.251000000000000000e+03
1.288000000000000000e+03
8.377000000000000000e+03
8.024000000000000000e+03
1.003000000000000000e+03
7.570000000000000000e+02
8.289000000000000000e+03
7.556000000000000000e+03
6.222000000000000000e+03
3.982000000000000000e+03
9.465000000000000000e+03
7.635000000000000000e+03
1.060000000000000000e+02
3.647000000000000000e+03
7.074000000000000000e+03
1.982000000000000000e+03
4.198000000000000000e+03
1.687000000000000000e+03
4.009000000000000000e+03
7.747000000000000000e+03
2.357000000000000000e+03
4.670000000000000000e+02
5.004000000000000000e+03
9.587000000000000000e+03
2.142000000000000000e+03
6.685000000000000000e+03
3.780000000000000000e+03
3.789000000000000000e+03
9.275000000000000000e+03
8.006000000000000000e+03
4.603000000000000000e+03
7.704000000000000000e+03
7.231000000000000000e+03
5.110000000000000000e+02
9.134000000000000000e+03
6.161000000000000000e+03
6.813000000000000000e+03
8.492000000000000000e+03
8.322000000000000000e+03
8.970000000000000000e+03
6.600000000000000000e+02
3.968000000000000000e+03
6.407000000000000000e+03
9.097000000000000000e+03
6.747000000000000000e+03
1.163000000000000000e+03
