7.768000000000000000e+03
3.871000000000000000e+03
1.500000000000000000e+03
4.249000000000000000e+03
3.113000000000000000e+03
4.937000000000000000e+03
3.610000000000000000e+02
8.199000000000000000e+03
4.801000000000000000e+03
3.416000000000000000e+03
2.763000000000000000e+03
7.335000000000000000e+03
8.319000000000000000e+03
6.009000000000000000e+03
4.162000000000000000e+03
6.689000000000000000e+03
7.646000000000000000e+03
7.803000000000000000e+03
9.882000000000000000e+03
6.749000000000000000e+03
1.009100000000000000e+04
2.228000000000000000e+03
5.286000000000000000e+03
9.250000000000000000e+03
6.640000000000000000e+03
7.144000000000000000e+03
8.367000000000000000e+03
1.642000000000000000e+03
1.052800000000000000e+04
7.197000000000000000e+03
9.369000000000000000e+03
1.345000000000000000e+03
2.547000000000000000e+03
9.363000000000000000e+03
1.545000000000000000e+03
7.950000000000000000e+03
7.212000000000000000e+03
4.337000000000000000e+03
8.950000000000000000e+03
2.775000000000000000e+03
9.153000000000000000e+03
6.644000000000000000e+03
1.072900000000000000e+04
8.963000000000000000e+03
6.590000000000000000e+02
5.967000000000000000e+03
6.089000000000000000e+03
1.597000000000000000e+03
4.920000000000000000e+02
7.580000000000000000e+02
