1.114300000000000000e+04
3.931000000000000000e+03
8.199000000000000000e+03
8.619000000000000000e+03
7.212000000000000000e+03
7.569000000000000000e+03
8.950000000000000000e+03
6.273000000000000000e+03
1.052800000000000000e+04
1.070100000000000000e+04
7.335000000000000000e+03
8.049000000000000000e+03
4.685000000000000000e+03
1.460000000000000000e+03
5.458000000000000000e+03
1.057700000000000000e+04
4.872000000000000000e+03
3.113000000000000000e+03
1.009100000000000000e+04
1.566000000000000000e+03
5.967000000000000000e+03
6.755000000000000000e+03
1.593000000000000000e+03
8.884000000000000000e+03
2.157000000000000000e+03
6.689000000000000000e+03
8.790000000000000000e+03
7.950000000000000000e+03
2.211000000000000000e+03
4.051000000000000000e+03
8.463000000000000000e+03
8.583000000000000000e+03
1.066100000000000000e+04
7.646000000000000000e+03
9.882000000000000000e+03
7.037000000000000000e+03
4.494000000000000000e+03
9.840000000000000000e+02
6.260000000000000000e+02
4.920000000000000000e+02
1.036300000000000000e+04
9.340000000000000000e+02
3.697000000000000000e+03
1.073200000000000000e+04
6.496000000000000000e+03
1.072900000000000000e+04
9.250000000000000000e+03
1.012600000000000000e+04
5.841000000000000000e+03
2.547000000000000000e+03
