6.966000000000000000e+03
1.208000000000000000e+03
7.722000000000000000e+03
9.116000000000000000e+03
8.282000000000000000e+03
1.154000000000000000e+03
7.505000000000000000e+03
7.815000000000000000e+03
3.073000000000000000e+03
4.158000000000000000e+03
3.500000000000000000e+01
4.640000000000000000e+03
5.347000000000000000e+03
5.093000000000000000e+03
8.775000000000000000e+03
3.261000000000000000e+03
1.867000000000000000e+03
6.995000000000000000e+03
1.163000000000000000e+03
8.164000000000000000e+03
1.507000000000000000e+03
2.790000000000000000e+03
1.817000000000000000e+03
8.781000000000000000e+03
3.950000000000000000e+02
5.577000000000000000e+03
8.119000000000000000e+03
3.631000000000000000e+03
5.887000000000000000e+03
8.108000000000000000e+03
2.800000000000000000e+01
5.121000000000000000e+03
9.700000000000000000e+02
4.529000000000000000e+03
2.485000000000000000e+03
2.567000000000000000e+03
8.777000000000000000e+03
5.479000000000000000e+03
5.426000000000000000e+03
8.055000000000000000e+03
3.013000000000000000e+03
5.090000000000000000e+02
9.238000000000000000e+03
7.766000000000000000e+03
8.193000000000000000e+03
6.332000000000000000e+03
9.400000000000000000e+02
1.017700000000000000e+04
3.968000000000000000e+03
4.459000000000000000e+03
