1.815000000000000000e+03
1.823000000000000000e+03
3.853000000000000000e+03
3.474000000000000000e+03
4.860000000000000000e+03
4.842000000000000000e+03
3.876000000000000000e+03
4.043000000000000000e+03
5.810000000000000000e+03
3.114000000000000000e+03
4.212000000000000000e+03
2.495000000000000000e+03
1.600000000000000000e+01
4.959000000000000000e+03
1.191000000000000000e+03
5.116000000000000000e+03
2.407000000000000000e+03
2.496000000000000000e+03
2.655000000000000000e+03
4.034000000000000000e+03
5.795000000000000000e+03
2.400000000000000000e+03
5.679000000000000000e+03
2.677000000000000000e+03
3.299000000000000000e+03
4.646000000000000000e+03
4.052000000000000000e+03
1.921000000000000000e+03
4.395000000000000000e+03
2.697000000000000000e+03
2.684000000000000000e+03
2.434000000000000000e+03
2.908000000000000000e+03
1.879000000000000000e+03
3.762000000000000000e+03
3.083000000000000000e+03
3.660000000000000000e+03
1.774000000000000000e+03
4.207000000000000000e+03
3.799000000000000000e+03
3.170000000000000000e+03
1.938000000000000000e+03
1.869000000000000000e+03
1.948000000000000000e+03
2.895000000000000000e+03
2.710000000000000000e+03
3.444000000000000000e+03
1.672000000000000000e+03
5.054000000000000000e+03
4.685000000000000000e+03
