2.585000000000000000e+03
4.932000000000000000e+03
3.772000000000000000e+03
1.620000000000000000e+03
5.161000000000000000e+03
4.842000000000000000e+03
1.921000000000000000e+03
1.948000000000000000e+03
2.553000000000000000e+03
4.592000000000000000e+03
4.052000000000000000e+03
1.815000000000000000e+03
2.495000000000000000e+03
4.207000000000000000e+03
2.684000000000000000e+03
4.685000000000000000e+03
4.095000000000000000e+03
3.299000000000000000e+03
2.550000000000000000e+03
3.725000000000000000e+03
3.358000000000000000e+03
2.697000000000000000e+03
4.162000000000000000e+03
2.677000000000000000e+03
3.825000000000000000e+03
3.083000000000000000e+03
4.237000000000000000e+03
4.212000000000000000e+03
3.008000000000000000e+03
1.971000000000000000e+03
5.768000000000000000e+03
2.400000000000000000e+03
2.084000000000000000e+03
2.655000000000000000e+03
2.908000000000000000e+03
4.646000000000000000e+03
2.368000000000000000e+03
4.034000000000000000e+03
3.158000000000000000e+03
8.140000000000000000e+02
1.630000000000000000e+03
2.496000000000000000e+03
3.660000000000000000e+03
3.419000000000000000e+03
3.114000000000000000e+03
4.203000000000000000e+03
2.165000000000000000e+03
3.380000000000000000e+03
1.191000000000000000e+03
4.959000000000000000e+03
