2.585000000000000000e+03
2.691000000000000000e+03
5.161000000000000000e+03
4.970000000000000000e+02
4.333000000000000000e+03
4.237000000000000000e+03
4.547000000000000000e+03
4.842000000000000000e+03
1.869000000000000000e+03
1.815000000000000000e+03
3.383000000000000000e+03
3.114000000000000000e+03
3.044000000000000000e+03
2.697000000000000000e+03
3.961000000000000000e+03
5.795000000000000000e+03
5.163000000000000000e+03
4.212000000000000000e+03
1.774000000000000000e+03
5.054000000000000000e+03
1.921000000000000000e+03
4.162000000000000000e+03
2.107000000000000000e+03
2.684000000000000000e+03
3.876000000000000000e+03
2.496000000000000000e+03
4.598000000000000000e+03
1.146000000000000000e+03
4.155000000000000000e+03
2.908000000000000000e+03
2.400000000000000000e+03
1.879000000000000000e+03
3.799000000000000000e+03
3.378000000000000000e+03
5.838000000000000000e+03
1.672000000000000000e+03
5.171000000000000000e+03
4.043000000000000000e+03
3.066000000000000000e+03
4.646000000000000000e+03
2.434000000000000000e+03
2.958000000000000000e+03
5.081000000000000000e+03
3.595000000000000000e+03
2.447000000000000000e+03
3.929000000000000000e+03
4.685000000000000000e+03
2.895000000000000000e+03
4.959000000000000000e+03
2.381000000000000000e+03
