5.234000000000000000e+03
2.691000000000000000e+03
8.020000000000000000e+02
4.487000000000000000e+03
2.717000000000000000e+03
1.305000000000000000e+03
4.191000000000000000e+03
2.530000000000000000e+02
3.596000000000000000e+03
4.631000000000000000e+03
1.304000000000000000e+03
7.660000000000000000e+02
4.244000000000000000e+03
3.181000000000000000e+03
1.599000000000000000e+03
3.749000000000000000e+03
5.271000000000000000e+03
1.478000000000000000e+03
8.800000000000000000e+01
2.488000000000000000e+03
4.084000000000000000e+03
1.565000000000000000e+03
4.061000000000000000e+03
4.164000000000000000e+03
4.286000000000000000e+03
4.290000000000000000e+03
3.606000000000000000e+03
5.273000000000000000e+03
1.793000000000000000e+03
1.303000000000000000e+03
2.967000000000000000e+03
2.497000000000000000e+03
1.732000000000000000e+03
1.543000000000000000e+03
2.108000000000000000e+03
4.623000000000000000e+03
2.248000000000000000e+03
2.653000000000000000e+03
4.989000000000000000e+03
3.547000000000000000e+03
8.810000000000000000e+02
7.730000000000000000e+02
2.384000000000000000e+03
2.933000000000000000e+03
4.627000000000000000e+03
2.433000000000000000e+03
2.130000000000000000e+02
4.290000000000000000e+02
4.469000000000000000e+03
1.310000000000000000e+03
