3.527000000000000000e+03
2.976000000000000000e+03
3.332000000000000000e+03
1.586000000000000000e+03
5.426000000000000000e+03
3.916000000000000000e+03
1.947000000000000000e+03
4.815000000000000000e+03
5.371000000000000000e+03
3.283000000000000000e+03
2.075000000000000000e+03
1.344000000000000000e+03
1.570000000000000000e+02
3.601000000000000000e+03
5.272000000000000000e+03
9.990000000000000000e+02
9.500000000000000000e+02
4.073000000000000000e+03
3.321000000000000000e+03
1.302000000000000000e+03
8.800000000000000000e+02
1.983000000000000000e+03
5.542000000000000000e+03
4.100000000000000000e+03
6.320000000000000000e+02
3.119000000000000000e+03
5.475000000000000000e+03
4.048000000000000000e+03
4.867000000000000000e+03
5.595000000000000000e+03
2.944000000000000000e+03
1.987000000000000000e+03
2.861000000000000000e+03
3.415000000000000000e+03
1.612000000000000000e+03
4.819000000000000000e+03
1.220000000000000000e+03
2.095000000000000000e+03
2.985000000000000000e+03
2.372000000000000000e+03
4.780000000000000000e+02
1.695000000000000000e+03
6.630000000000000000e+02
1.663000000000000000e+03
2.540000000000000000e+03
2.224000000000000000e+03
4.417000000000000000e+03
1.353000000000000000e+03
2.395000000000000000e+03
5.545000000000000000e+03
