1.120100000000000000e+04
9.919000000000000000e+03
8.822000000000000000e+03
7.003000000000000000e+03
9.078000000000000000e+03
1.101900000000000000e+04
9.491000000000000000e+03
2.601000000000000000e+03
1.177000000000000000e+03
6.298000000000000000e+03
5.871000000000000000e+03
4.625000000000000000e+03
9.477000000000000000e+03
3.856000000000000000e+03
7.752000000000000000e+03
7.549000000000000000e+03
1.223800000000000000e+04
8.658000000000000000e+03
1.061900000000000000e+04
3.674000000000000000e+03
4.206000000000000000e+03
1.124400000000000000e+04
9.406000000000000000e+03
4.813000000000000000e+03
6.701000000000000000e+03
7.100000000000000000e+01
1.231800000000000000e+04
5.610000000000000000e+02
1.124300000000000000e+04
9.250000000000000000e+02
4.824000000000000000e+03
7.214000000000000000e+03
9.052000000000000000e+03
7.348000000000000000e+03
1.214100000000000000e+04
8.685000000000000000e+03
1.136300000000000000e+04
9.129000000000000000e+03
1.878000000000000000e+03
7.650000000000000000e+03
1.800000000000000000e+03
9.418000000000000000e+03
4.180000000000000000e+02
1.025400000000000000e+04
1.143000000000000000e+03
1.106900000000000000e+04
1.088300000000000000e+04
1.083000000000000000e+04
2.192000000000000000e+03
8.154000000000000000e+03
