1.114300000000000000e+04
9.153000000000000000e+03
1.679000000000000000e+03
1.009100000000000000e+04
7.686000000000000000e+03
4.051000000000000000e+03
4.220000000000000000e+02
1.039100000000000000e+04
3.315000000000000000e+03
1.009200000000000000e+04
1.128000000000000000e+03
7.335000000000000000e+03
8.031000000000000000e+03
3.263000000000000000e+03
8.470000000000000000e+03
9.138000000000000000e+03
1.945000000000000000e+03
5.364000000000000000e+03
5.762000000000000000e+03
7.768000000000000000e+03
2.465000000000000000e+03
4.260000000000000000e+03
1.050000000000000000e+02
9.422000000000000000e+03
3.610000000000000000e+02
9.250000000000000000e+03
9.511000000000000000e+03
4.103000000000000000e+03
3.364000000000000000e+03
7.892000000000000000e+03
8.030000000000000000e+02
1.116900000000000000e+04
8.482000000000000000e+03
3.113000000000000000e+03
3.962000000000000000e+03
1.056800000000000000e+04
7.518000000000000000e+03
9.613000000000000000e+03
6.911000000000000000e+03
3.674000000000000000e+03
5.104000000000000000e+03
6.762000000000000000e+03
4.920000000000000000e+02
1.986000000000000000e+03
8.250000000000000000e+02
8.082000000000000000e+03
9.214000000000000000e+03
6.266000000000000000e+03
9.076000000000000000e+03
8.247000000000000000e+03
