1.870000000000000000e+03
2.618000000000000000e+03
4.281000000000000000e+03
1.280000000000000000e+02
2.855000000000000000e+03
2.630000000000000000e+02
2.766000000000000000e+03
3.663000000000000000e+03
2.937000000000000000e+03
4.169000000000000000e+03
4.009000000000000000e+03
1.579000000000000000e+03
4.156000000000000000e+03
6.020000000000000000e+02
2.329000000000000000e+03
2.265000000000000000e+03
3.540000000000000000e+02
1.381000000000000000e+03
1.929000000000000000e+03
4.433000000000000000e+03
1.017000000000000000e+03
2.266000000000000000e+03
4.114000000000000000e+03
2.811000000000000000e+03
1.219000000000000000e+03
4.096000000000000000e+03
2.110000000000000000e+02
4.280000000000000000e+03
7.080000000000000000e+02
3.608000000000000000e+03
2.471000000000000000e+03
3.542000000000000000e+03
2.171000000000000000e+03
9.530000000000000000e+02
4.095000000000000000e+03
1.175000000000000000e+03
2.974000000000000000e+03
3.490000000000000000e+03
4.425000000000000000e+03
3.488000000000000000e+03
3.600000000000000000e+01
8.640000000000000000e+02
3.399000000000000000e+03
9.750000000000000000e+02
4.970000000000000000e+02
2.394000000000000000e+03
1.056000000000000000e+03
3.908000000000000000e+03
3.790000000000000000e+02
2.038000000000000000e+03
