1.870000000000000000e+03
3.020000000000000000e+03
2.423000000000000000e+03
2.858000000000000000e+03
1.194000000000000000e+03
4.156000000000000000e+03
8.500000000000000000e+01
2.071000000000000000e+03
3.564000000000000000e+03
2.910000000000000000e+02
2.081000000000000000e+03
1.964000000000000000e+03
3.551000000000000000e+03
2.668000000000000000e+03
1.604000000000000000e+03
2.632000000000000000e+03
1.895000000000000000e+03
2.847000000000000000e+03
7.380000000000000000e+02
1.867000000000000000e+03
2.472000000000000000e+03
3.664000000000000000e+03
2.023000000000000000e+03
3.997000000000000000e+03
3.765000000000000000e+03
3.600000000000000000e+01
8.640000000000000000e+02
3.466000000000000000e+03
3.817000000000000000e+03
4.369000000000000000e+03
7.550000000000000000e+02
3.237000000000000000e+03
2.394000000000000000e+03
1.056000000000000000e+03
2.798000000000000000e+03
1.515000000000000000e+03
2.766000000000000000e+03
2.618000000000000000e+03
3.100000000000000000e+03
2.801000000000000000e+03
2.097000000000000000e+03
2.870000000000000000e+03
3.786000000000000000e+03
3.158000000000000000e+03
2.975000000000000000e+03
2.499000000000000000e+03
5.320000000000000000e+02
3.484000000000000000e+03
3.271000000000000000e+03
1.674000000000000000e+03
