1.870000000000000000e+03
2.296000000000000000e+03
2.403000000000000000e+03
2.919000000000000000e+03
1.297000000000000000e+03
4.279000000000000000e+03
1.662000000000000000e+03
8.220000000000000000e+02
2.217000000000000000e+03
9.990000000000000000e+02
1.935000000000000000e+03
4.345000000000000000e+03
3.488000000000000000e+03
1.280000000000000000e+02
2.664000000000000000e+03
2.020000000000000000e+02
1.500000000000000000e+02
4.240000000000000000e+03
3.650000000000000000e+02
2.430000000000000000e+02
4.403000000000000000e+03
9.840000000000000000e+02
1.775000000000000000e+03
2.971000000000000000e+03
1.708000000000000000e+03
1.813000000000000000e+03
1.276000000000000000e+03
4.156000000000000000e+03
8.500000000000000000e+01
4.060000000000000000e+02
5.230000000000000000e+02
1.014000000000000000e+03
4.423000000000000000e+03
8.640000000000000000e+02
3.600000000000000000e+01
3.323000000000000000e+03
2.974000000000000000e+03
4.114000000000000000e+03
2.858000000000000000e+03
3.270000000000000000e+03
3.243000000000000000e+03
4.425000000000000000e+03
3.902000000000000000e+03
1.194000000000000000e+03
4.346000000000000000e+03
3.817000000000000000e+03
4.369000000000000000e+03
4.200000000000000000e+01
2.724000000000000000e+03
1.929000000000000000e+03
