6.966000000000000000e+03
6.660000000000000000e+02
6.965000000000000000e+03
6.690000000000000000e+02
7.190000000000000000e+03
9.395000000000000000e+03
7.189000000000000000e+03
6.670000000000000000e+02
7.077000000000000000e+03
9.281000000000000000e+03
7.078000000000000000e+03
9.506000000000000000e+03
6.964000000000000000e+03
8.950000000000000000e+02
6.853000000000000000e+03
7.650000000000000000e+02
6.967000000000000000e+03
4.350000000000000000e+02
7.415000000000000000e+03
4.340000000000000000e+02
7.076000000000000000e+03
9.621000000000000000e+03
6.851000000000000000e+03
9.507000000000000000e+03
6.852000000000000000e+03
6.710000000000000000e+02
9.864000000000000000e+03
7.287000000000000000e+03
9.972000000000000000e+03
6.614000000000000000e+03
9.970000000000000000e+03
2.805000000000000000e+03
9.184000000000000000e+03
6.838000000000000000e+03
3.160000000000000000e+02
6.294000000000000000e+03
3.150000000000000000e+02
6.630000000000000000e+03
9.600000000000000000e+01
6.629000000000000000e+03
7.770000000000000000e+02
6.854000000000000000e+03
8.940000000000000000e+02
7.191000000000000000e+03
4.370000000000000000e+02
6.178000000000000000e+03
5.540000000000000000e+02
6.516000000000000000e+03
8.910000000000000000e+02
6.628000000000000000e+03
