1.022000000000000000e+03
1.926000000000000000e+03
2.038000000000000000e+03
1.745000000000000000e+03
2.039000000000000000e+03
1.805000000000000000e+03
1.024000000000000000e+03
1.866000000000000000e+03
1.084000000000000000e+03
1.867000000000000000e+03
1.915000000000000000e+03
1.865000000000000000e+03
2.037000000000000000e+03
1.744000000000000000e+03
2.096000000000000000e+03
1.927000000000000000e+03
9.620000000000000000e+02
6.580000000000000000e+02
9.020000000000000000e+02
6.570000000000000000e+02
1.082000000000000000e+03
4.260000000000000000e+02
8.430000000000000000e+02
4.860000000000000000e+02
4.770000000000000000e+02
4.270000000000000000e+02
5.370000000000000000e+02
5.460000000000000000e+02
5.990000000000000000e+02
5.450000000000000000e+02
6.590000000000000000e+02
7.230000000000000000e+02
1.019000000000000000e+03
6.640000000000000000e+02
1.918000000000000000e+03
6.040000000000000000e+02
1.979000000000000000e+03
5.440000000000000000e+02
1.078000000000000000e+03
1.263000000000000000e+03
1.991000000000000000e+03
1.023000000000000000e+03
1.992000000000000000e+03
1.143000000000000000e+03
1.928000000000000000e+03
8.420000000000000000e+02
5.350000000000000000e+02
1.083000000000000000e+03
4.250000000000000000e+02
9.030000000000000000e+02
