2.419000000000000000e+03
1.666000000000000000e+03
2.199000000000000000e+03
1.090000000000000000e+02
2.198000000000000000e+03
1.080000000000000000e+02
2.309000000000000000e+03
1.720000000000000000e+03
1.209000000000000000e+03
2.363000000000000000e+03
1.610000000000000000e+03
2.418000000000000000e+03
1.556000000000000000e+03
2.197000000000000000e+03
1.060000000000000000e+02
2.254000000000000000e+03
1.050000000000000000e+02
8.690000000000000000e+02
1.355000000000000000e+03
1.360000000000000000e+03
1.426000000000000000e+03
8.120000000000000000e+02
2.252000000000000000e+03
2.190000000000000000e+02
2.253000000000000000e+03
1.020000000000000000e+02
2.196000000000000000e+03
1.630000000000000000e+02
4.400000000000000000e+01
1.640000000000000000e+02
1.299000000000000000e+03
3.600000000000000000e+01
1.805000000000000000e+03
1.040000000000000000e+03
1.369000000000000000e+03
5.420000000000000000e+02
1.417000000000000000e+03
1.719000000000000000e+03
2.364000000000000000e+03
1.315000000000000000e+03
1.544000000000000000e+03
1.373000000000000000e+03
1.664000000000000000e+03
1.744000000000000000e+03
4.880000000000000000e+02
1.689000000000000000e+03
9.340000000000000000e+02
7.830000000000000000e+02
9.830000000000000000e+02
7.280000000000000000e+02
