2.419000000000000000e+03
1.261000000000000000e+03
2.309000000000000000e+03
1.299000000000000000e+03
1.060000000000000000e+02
2.199000000000000000e+03
1.020000000000000000e+02
2.198000000000000000e+03
1.080000000000000000e+02
2.197000000000000000e+03
1.090000000000000000e+02
2.254000000000000000e+03
1.050000000000000000e+02
2.363000000000000000e+03
1.315000000000000000e+03
2.364000000000000000e+03
1.640000000000000000e+02
4.400000000000000000e+01
1.630000000000000000e+02
2.196000000000000000e+03
1.000000000000000000e+02
2.253000000000000000e+03
2.190000000000000000e+02
2.252000000000000000e+03
1.720000000000000000e+03
1.319000000000000000e+03
1.665000000000000000e+03
1.417000000000000000e+03
2.160000000000000000e+02
1.369000000000000000e+03
1.040000000000000000e+03
7.720000000000000000e+02
8.630000000000000000e+02
6.060000000000000000e+02
7.600000000000000000e+02
7.830000000000000000e+02
9.290000000000000000e+02
7.280000000000000000e+02
5.880000000000000000e+02
1.424000000000000000e+03
1.662000000000000000e+03
1.743000000000000000e+03
1.600000000000000000e+02
6.200000000000000000e+02
9.950000000000000000e+02
6.750000000000000000e+02
8.120000000000000000e+02
5.650000000000000000e+02
8.260000000000000000e+02
1.095000000000000000e+03
