1.082000000000000000e+03
1.926000000000000000e+03
1.022000000000000000e+03
1.927000000000000000e+03
9.620000000000000000e+02
1.866000000000000000e+03
9.030000000000000000e+02
1.865000000000000000e+03
1.024000000000000000e+03
1.867000000000000000e+03
9.020000000000000000e+02
6.580000000000000000e+02
7.230000000000000000e+02
1.019000000000000000e+03
1.202000000000000000e+03
2.171000000000000000e+03
1.142000000000000000e+03
1.992000000000000000e+03
1.081000000000000000e+03
2.048000000000000000e+03
8.430000000000000000e+02
4.860000000000000000e+02
6.590000000000000000e+02
5.450000000000000000e+02
5.990000000000000000e+02
1.023000000000000000e+03
4.190000000000000000e+02
8.420000000000000000e+02
1.017000000000000000e+03
7.820000000000000000e+02
4.260000000000000000e+02
7.830000000000000000e+02
7.180000000000000000e+02
7.240000000000000000e+02
6.570000000000000000e+02
1.322000000000000000e+03
5.980000000000000000e+02
1.263000000000000000e+03
1.991000000000000000e+03
1.203000000000000000e+03
1.785000000000000000e+03
2.172000000000000000e+03
1.323000000000000000e+03
1.641000000000000000e+03
1.324000000000000000e+03
2.056000000000000000e+03
1.384000000000000000e+03
1.977000000000000000e+03
1.805000000000000000e+03
2.037000000000000000e+03
