9.020000000000000000e+02
1.927000000000000000e+03
9.620000000000000000e+02
1.926000000000000000e+03
1.022000000000000000e+03
1.987000000000000000e+03
1.082000000000000000e+03
6.570000000000000000e+02
7.830000000000000000e+02
1.019000000000000000e+03
7.230000000000000000e+02
6.590000000000000000e+02
4.860000000000000000e+02
5.990000000000000000e+02
1.142000000000000000e+03
2.171000000000000000e+03
8.420000000000000000e+02
1.928000000000000000e+03
9.640000000000000000e+02
1.866000000000000000e+03
2.038000000000000000e+03
1.805000000000000000e+03
2.037000000000000000e+03
1.865000000000000000e+03
1.024000000000000000e+03
1.867000000000000000e+03
8.430000000000000000e+02
6.580000000000000000e+02
9.030000000000000000e+02
1.127000000000000000e+03
9.630000000000000000e+02
1.189000000000000000e+03
1.023000000000000000e+03
4.760000000000000000e+02
1.383000000000000000e+03
4.770000000000000000e+02
7.240000000000000000e+02
5.380000000000000000e+02
1.263000000000000000e+03
2.172000000000000000e+03
1.323000000000000000e+03
2.173000000000000000e+03
1.803000000000000000e+03
1.917000000000000000e+03
1.804000000000000000e+03
2.096000000000000000e+03
1.745000000000000000e+03
1.977000000000000000e+03
1.684000000000000000e+03
1.918000000000000000e+03
