1.927000000000000000e+03
1.022000000000000000e+03
1.926000000000000000e+03
1.082000000000000000e+03
1.924000000000000000e+03
9.020000000000000000e+02
1.866000000000000000e+03
1.024000000000000000e+03
1.865000000000000000e+03
2.037000000000000000e+03
1.805000000000000000e+03
2.038000000000000000e+03
1.745000000000000000e+03
2.096000000000000000e+03
1.928000000000000000e+03
9.620000000000000000e+02
1.925000000000000000e+03
9.030000000000000000e+02
1.867000000000000000e+03
9.640000000000000000e+02
1.868000000000000000e+03
1.263000000000000000e+03
2.171000000000000000e+03
1.202000000000000000e+03
1.019000000000000000e+03
7.230000000000000000e+02
6.580000000000000000e+02
7.830000000000000000e+02
7.180000000000000000e+02
8.430000000000000000e+02
1.863000000000000000e+03
1.083000000000000000e+03
2.109000000000000000e+03
1.136000000000000000e+03
1.383000000000000000e+03
2.172000000000000000e+03
1.503000000000000000e+03
1.081000000000000000e+03
1.443000000000000000e+03
1.142000000000000000e+03
1.992000000000000000e+03
1.203000000000000000e+03
1.991000000000000000e+03
1.143000000000000000e+03
1.987000000000000000e+03
9.630000000000000000e+02
1.189000000000000000e+03
1.023000000000000000e+03
1.979000000000000000e+03
1.803000000000000000e+03
