1.120100000000000000e+04
6.030000000000000000e+03
1.066900000000000000e+04
9.078000000000000000e+03
7.003000000000000000e+03
1.311000000000000000e+03
9.477000000000000000e+03
6.701000000000000000e+03
8.320000000000000000e+03
1.231800000000000000e+04
9.406000000000000000e+03
7.100000000000000000e+01
8.916000000000000000e+03
4.625000000000000000e+03
7.413000000000000000e+03
9.052000000000000000e+03
6.298000000000000000e+03
3.856000000000000000e+03
9.873000000000000000e+03
8.281000000000000000e+03
5.400000000000000000e+03
5.667000000000000000e+03
5.610000000000000000e+02
4.800000000000000000e+01
8.172000000000000000e+03
6.683000000000000000e+03
8.171000000000000000e+03
9.919000000000000000e+03
8.093000000000000000e+03
9.250000000000000000e+02
1.171800000000000000e+04
7.395000000000000000e+03
6.598000000000000000e+03
5.260000000000000000e+02
7.105000000000000000e+03
1.214100000000000000e+04
4.180000000000000000e+02
8.400000000000000000e+01
1.184400000000000000e+04
8.658000000000000000e+03
7.672000000000000000e+03
1.270000000000000000e+03
8.598000000000000000e+03
1.050000000000000000e+02
1.154900000000000000e+04
1.183300000000000000e+04
1.138100000000000000e+04
8.685000000000000000e+03
9.970000000000000000e+03
1.247500000000000000e+04
