5.093000000000000000e+03
7.335000000000000000e+03
8.031000000000000000e+03
1.842000000000000000e+03
9.412000000000000000e+03
3.610000000000000000e+02
9.572000000000000000e+03
2.450000000000000000e+02
5.104000000000000000e+03
4.920000000000000000e+02
6.708000000000000000e+03
3.113000000000000000e+03
7.768000000000000000e+03
2.465000000000000000e+03
5.255000000000000000e+03
1.050000000000000000e+02
1.009100000000000000e+04
2.041000000000000000e+03
1.009200000000000000e+04
9.970000000000000000e+02
9.153000000000000000e+03
1.679000000000000000e+03
9.138000000000000000e+03
1.945000000000000000e+03
1.013400000000000000e+04
9.395000000000000000e+03
1.037000000000000000e+03
6.535000000000000000e+03
1.026400000000000000e+04
5.740000000000000000e+03
9.882000000000000000e+03
6.430000000000000000e+03
8.781000000000000000e+03
8.518000000000000000e+03
1.114300000000000000e+04
4.619000000000000000e+03
1.128000000000000000e+03
1.619000000000000000e+03
1.264000000000000000e+03
2.763000000000000000e+03
8.336000000000000000e+03
3.834000000000000000e+03
2.046000000000000000e+03
8.107000000000000000e+03
7.350000000000000000e+02
9.240000000000000000e+03
8.379000000000000000e+03
4.720000000000000000e+03
4.051000000000000000e+03
8.028000000000000000e+03
