7.768000000000000000e+03
3.354000000000000000e+03
1.128000000000000000e+03
7.335000000000000000e+03
8.031000000000000000e+03
8.962000000000000000e+03
6.762000000000000000e+03
3.610000000000000000e+02
4.920000000000000000e+02
5.379000000000000000e+03
6.911000000000000000e+03
9.613000000000000000e+03
9.153000000000000000e+03
1.679000000000000000e+03
1.936000000000000000e+03
3.364000000000000000e+03
9.069000000000000000e+03
1.114300000000000000e+04
4.652000000000000000e+03
3.834000000000000000e+03
2.547000000000000000e+03
6.756000000000000000e+03
3.113000000000000000e+03
8.712000000000000000e+03
4.441000000000000000e+03
4.533000000000000000e+03
9.185000000000000000e+03
7.542000000000000000e+03
6.800000000000000000e+03
1.009200000000000000e+04
3.315000000000000000e+03
1.039100000000000000e+04
4.051000000000000000e+03
7.518000000000000000e+03
1.087500000000000000e+04
8.030000000000000000e+02
1.116900000000000000e+04
8.482000000000000000e+03
1.009800000000000000e+04
5.740000000000000000e+02
5.395000000000000000e+03
8.380000000000000000e+03
1.264000000000000000e+03
5.887000000000000000e+03
1.064400000000000000e+04
5.900000000000000000e+03
9.412000000000000000e+03
9.138000000000000000e+03
1.945000000000000000e+03
5.364000000000000000e+03
