1.730000000000000000e+02
8.960000000000000000e+02
1.990000000000000000e+02
5.160000000000000000e+02
1.800000000000000000e+02
2.920000000000000000e+02
2.990000000000000000e+02
3.240000000000000000e+02
1.780000000000000000e+02
2.600000000000000000e+02
6.400000000000000000e+01
8.680000000000000000e+02
9.860000000000000000e+02
6.760000000000000000e+02
1.770000000000000000e+02
7.080000000000000000e+02
9.520000000000000000e+02
3.800000000000000000e+01
9.830000000000000000e+02
1.450000000000000000e+02
9.240000000000000000e+02
2.060000000000000000e+02
1.510000000000000000e+02
3.330000000000000000e+02
1.840000000000000000e+02
2.700000000000000000e+02
1.360000000000000000e+02
2.380000000000000000e+02
1.670000000000000000e+02
1.960000000000000000e+02
1.016000000000000000e+03
7.400000000000000000e+02
2.150000000000000000e+02
7.720000000000000000e+02
2.450000000000000000e+02
1.750000000000000000e+02
1.013000000000000000e+03
1.740000000000000000e+02
8.940000000000000000e+02
1.790000000000000000e+02
9.850000000000000000e+02
8.360000000000000000e+02
0.000000000000000000e+00
8.900000000000000000e+02
8.160000000000000000e+02
2.120000000000000000e+02
6.120000000000000000e+02
9.230000000000000000e+02
8.480000000000000000e+02
1.520000000000000000e+02
