2.585000000000000000e+03
3.999000000000000000e+03
4.646000000000000000e+03
1.664000000000000000e+03
2.710000000000000000e+03
5.703000000000000000e+03
3.170000000000000000e+03
3.077000000000000000e+03
4.237000000000000000e+03
2.213000000000000000e+03
2.816000000000000000e+03
4.685000000000000000e+03
4.162000000000000000e+03
3.358000000000000000e+03
1.815000000000000000e+03
5.679000000000000000e+03
4.107000000000000000e+03
2.188000000000000000e+03
4.832000000000000000e+03
3.845000000000000000e+03
2.180000000000000000e+03
4.842000000000000000e+03
3.660000000000000000e+03
4.203000000000000000e+03
5.840000000000000000e+02
3.762000000000000000e+03
4.977000000000000000e+03
4.959000000000000000e+03
2.461000000000000000e+03
2.400000000000000000e+03
4.528000000000000000e+03
4.283000000000000000e+03
3.595000000000000000e+03
5.915000000000000000e+03
3.076000000000000000e+03
4.518000000000000000e+03
1.537000000000000000e+03
5.634000000000000000e+03
3.639000000000000000e+03
8.000000000000000000e+01
2.679000000000000000e+03
3.064000000000000000e+03
3.455000000000000000e+03
4.389000000000000000e+03
1.964000000000000000e+03
3.950000000000000000e+02
3.492000000000000000e+03
1.522000000000000000e+03
3.648000000000000000e+03
3.921000000000000000e+03
