2.585000000000000000e+03
2.102000000000000000e+03
2.710000000000000000e+03
4.087000000000000000e+03
4.237000000000000000e+03
4.542000000000000000e+03
4.646000000000000000e+03
3.988000000000000000e+03
4.283000000000000000e+03
2.430000000000000000e+03
4.107000000000000000e+03
2.188000000000000000e+03
3.077000000000000000e+03
3.474000000000000000e+03
4.162000000000000000e+03
1.348000000000000000e+03
1.815000000000000000e+03
4.789000000000000000e+03
3.660000000000000000e+03
1.971000000000000000e+03
2.965000000000000000e+03
3.845000000000000000e+03
9.130000000000000000e+02
4.518000000000000000e+03
3.245000000000000000e+03
4.959000000000000000e+03
4.275000000000000000e+03
2.679000000000000000e+03
4.981000000000000000e+03
4.842000000000000000e+03
3.950000000000000000e+02
3.044000000000000000e+03
3.737000000000000000e+03
4.212000000000000000e+03
1.790000000000000000e+03
4.977000000000000000e+03
3.762000000000000000e+03
5.840000000000000000e+02
1.493000000000000000e+03
1.068000000000000000e+03
2.882000000000000000e+03
4.685000000000000000e+03
1.313000000000000000e+03
5.171000000000000000e+03
3.620000000000000000e+03
2.496000000000000000e+03
5.711000000000000000e+03
2.816000000000000000e+03
4.880000000000000000e+03
3.648000000000000000e+03
