3.270000000000000000e+02
1.080000000000000000e+02
3.280000000000000000e+02
5.200000000000000000e+01
3.260000000000000000e+02
1.800000000000000000e+02
3.290000000000000000e+02
3.070000000000000000e+02
2.330000000000000000e+02
1.650000000000000000e+02
4.700000000000000000e+01
8.900000000000000000e+01
3.860000000000000000e+02
2.420000000000000000e+02
3.310000000000000000e+02
4.440000000000000000e+02
6.000000000000000000e+01
2.010000000000000000e+02
3.250000000000000000e+02
5.900000000000000000e+01
4.390000000000000000e+02
3.180000000000000000e+02
1.640000000000000000e+02
3.040000000000000000e+02
2.140000000000000000e+02
3.380000000000000000e+02
2.670000000000000000e+02
1.550000000000000000e+02
3.400000000000000000e+02
2.080000000000000000e+02
7.300000000000000000e+01
3.230000000000000000e+02
2.320000000000000000e+02
4.500000000000000000e+01
2.310000000000000000e+02
3.300000000000000000e+02
2.040000000000000000e+02
3.140000000000000000e+02
1.470000000000000000e+02
2.050000000000000000e+02
1.620000000000000000e+02
2.290000000000000000e+02
2.100000000000000000e+01
9.500000000000000000e+01
1.700000000000000000e+02
6.200000000000000000e+01
3.820000000000000000e+02
6.900000000000000000e+01
4.120000000000000000e+02
3.330000000000000000e+02
