3.527000000000000000e+03
2.865000000000000000e+03
2.192000000000000000e+03
2.095000000000000000e+03
4.429000000000000000e+03
1.200000000000000000e+02
1.083000000000000000e+03
3.601000000000000000e+03
4.030000000000000000e+03
1.947000000000000000e+03
9.990000000000000000e+02
5.068000000000000000e+03
4.690000000000000000e+03
4.073000000000000000e+03
5.371000000000000000e+03
3.936000000000000000e+03
1.276000000000000000e+03
1.983000000000000000e+03
4.217000000000000000e+03
4.850000000000000000e+03
2.572000000000000000e+03
1.946000000000000000e+03
6.630000000000000000e+02
3.983000000000000000e+03
1.400000000000000000e+02
4.440000000000000000e+02
3.783000000000000000e+03
3.716000000000000000e+03
1.302000000000000000e+03
4.048000000000000000e+03
1.220000000000000000e+03
2.915000000000000000e+03
4.197000000000000000e+03
2.396000000000000000e+03
4.100000000000000000e+03
2.431000000000000000e+03
3.129000000000000000e+03
1.945000000000000000e+03
2.833000000000000000e+03
5.426000000000000000e+03
5.299000000000000000e+03
2.540000000000000000e+03
2.609000000000000000e+03
2.203000000000000000e+03
3.789000000000000000e+03
2.395000000000000000e+03
2.075000000000000000e+03
7.680000000000000000e+02
5.569000000000000000e+03
6.640000000000000000e+02
