4.800000000000000000e+02
4.360000000000000000e+02
3.200000000000000000e+02
3.800000000000000000e+02
2.880000000000000000e+02
3.150000000000000000e+02
3.840000000000000000e+02
7.650000000000000000e+02
2.560000000000000000e+02
1.010000000000000000e+03
2.240000000000000000e+02
1.012000000000000000e+03
2.250000000000000000e+02
4.030000000000000000e+02
1.920000000000000000e+02
1.011000000000000000e+03
1.610000000000000000e+02
7.680000000000000000e+02
3.460000000000000000e+02
7.360000000000000000e+02
6.270000000000000000e+02
8.000000000000000000e+02
5.950000000000000000e+02
1.180000000000000000e+02
4.670000000000000000e+02
7.040000000000000000e+02
7.940000000000000000e+02
4.160000000000000000e+02
3.080000000000000000e+02
6.080000000000000000e+02
3.400000000000000000e+02
5.130000000000000000e+02
4.990000000000000000e+02
8.200000000000000000e+01
7.340000000000000000e+02
3.520000000000000000e+02
3.140000000000000000e+02
1.300000000000000000e+01
3.470000000000000000e+02
1.580000000000000000e+02
9.820000000000000000e+02
4.880000000000000000e+02
8.010000000000000000e+02
2.890000000000000000e+02
3.790000000000000000e+02
2.570000000000000000e+02
9.830000000000000000e+02
1.930000000000000000e+02
9.520000000000000000e+02
5.200000000000000000e+02
