2.372000000000000000e+03
9.394000000000000000e+03
9.305000000000000000e+03
7.520000000000000000e+02
5.004000000000000000e+03
1.882000000000000000e+03
3.381000000000000000e+03
8.322000000000000000e+03
8.652000000000000000e+03
9.134000000000000000e+03
3.780000000000000000e+03
6.347000000000000000e+03
1.461000000000000000e+03
2.189000000000000000e+03
7.650000000000000000e+02
1.605000000000000000e+03
9.275000000000000000e+03
9.995000000000000000e+03
4.653000000000000000e+03
6.600000000000000000e+02
7.524000000000000000e+03
4.967000000000000000e+03
5.186000000000000000e+03
3.982000000000000000e+03
1.512000000000000000e+03
2.076000000000000000e+03
6.139000000000000000e+03
2.430000000000000000e+02
3.577000000000000000e+03
6.294000000000000000e+03
1.060000000000000000e+02
4.839000000000000000e+03
5.192000000000000000e+03
4.030000000000000000e+02
1.670000000000000000e+03
4.322000000000000000e+03
4.560000000000000000e+02
5.787000000000000000e+03
9.511000000000000000e+03
9.981000000000000000e+03
3.986000000000000000e+03
2.408000000000000000e+03
9.278000000000000000e+03
2.529000000000000000e+03
7.520000000000000000e+03
3.050000000000000000e+02
8.550000000000000000e+03
9.070000000000000000e+03
3.147000000000000000e+03
2.603000000000000000e+03
