7.768000000000000000e+03
3.113000000000000000e+03
1.263000000000000000e+03
7.165000000000000000e+03
3.610000000000000000e+02
7.335000000000000000e+03
5.833000000000000000e+03
8.583000000000000000e+03
3.558000000000000000e+03
8.963000000000000000e+03
3.697000000000000000e+03
6.217000000000000000e+03
6.009000000000000000e+03
2.630000000000000000e+02
7.943000000000000000e+03
1.597000000000000000e+03
5.433000000000000000e+03
1.013800000000000000e+04
7.212000000000000000e+03
3.970000000000000000e+03
5.967000000000000000e+03
8.898000000000000000e+03
1.098700000000000000e+04
6.590000000000000000e+02
4.494000000000000000e+03
1.187000000000000000e+03
1.000800000000000000e+04
8.367000000000000000e+03
1.056100000000000000e+04
8.950000000000000000e+03
2.775000000000000000e+03
2.245000000000000000e+03
6.755000000000000000e+03
1.065900000000000000e+04
9.720000000000000000e+02
1.073200000000000000e+04
3.294000000000000000e+03
3.417000000000000000e+03
7.718000000000000000e+03
3.129000000000000000e+03
9.840000000000000000e+02
4.706000000000000000e+03
7.580000000000000000e+02
2.211000000000000000e+03
5.135000000000000000e+03
1.148000000000000000e+03
4.334000000000000000e+03
3.948000000000000000e+03
9.582000000000000000e+03
3.044000000000000000e+03
