1.870000000000000000e+03
3.817000000000000000e+03
2.296000000000000000e+03
3.077000000000000000e+03
2.446000000000000000e+03
2.910000000000000000e+02
5.310000000000000000e+02
1.929000000000000000e+03
3.158000000000000000e+03
1.878000000000000000e+03
2.584000000000000000e+03
1.544000000000000000e+03
4.369000000000000000e+03
4.200000000000000000e+01
2.618000000000000000e+03
1.175000000000000000e+03
4.425000000000000000e+03
3.786000000000000000e+03
3.912000000000000000e+03
2.406000000000000000e+03
3.725000000000000000e+03
3.902000000000000000e+03
2.858000000000000000e+03
3.601000000000000000e+03
2.801000000000000000e+03
6.900000000000000000e+02
2.847000000000000000e+03
8.840000000000000000e+02
1.075000000000000000e+03
2.870000000000000000e+03
3.884000000000000000e+03
3.337000000000000000e+03
2.236000000000000000e+03
4.262000000000000000e+03
4.156000000000000000e+03
3.759000000000000000e+03
9.750000000000000000e+02
1.500000000000000000e+02
8.460000000000000000e+02
4.009000000000000000e+03
3.521000000000000000e+03
4.114000000000000000e+03
3.307000000000000000e+03
3.729000000000000000e+03
4.251000000000000000e+03
3.167000000000000000e+03
1.280000000000000000e+02
3.290000000000000000e+03
1.604000000000000000e+03
3.897000000000000000e+03
