1.870000000000000000e+03
3.775000000000000000e+03
9.750000000000000000e+02
3.729000000000000000e+03
5.310000000000000000e+02
2.584000000000000000e+03
3.158000000000000000e+03
1.878000000000000000e+03
2.172000000000000000e+03
3.817000000000000000e+03
2.858000000000000000e+03
1.868000000000000000e+03
1.405000000000000000e+03
1.929000000000000000e+03
2.847000000000000000e+03
1.075000000000000000e+03
2.870000000000000000e+03
3.786000000000000000e+03
1.230000000000000000e+03
3.307000000000000000e+03
1.604000000000000000e+03
3.912000000000000000e+03
4.251000000000000000e+03
2.618000000000000000e+03
2.801000000000000000e+03
3.404000000000000000e+03
9.840000000000000000e+02
1.249000000000000000e+03
4.425000000000000000e+03
3.902000000000000000e+03
5.160000000000000000e+02
1.077000000000000000e+03
1.038000000000000000e+03
3.488000000000000000e+03
1.290000000000000000e+02
4.414000000000000000e+03
9.620000000000000000e+02
1.280000000000000000e+02
3.664000000000000000e+03
1.560000000000000000e+02
2.664000000000000000e+03
3.077000000000000000e+03
1.180000000000000000e+02
1.950000000000000000e+03
8.460000000000000000e+02
2.406000000000000000e+03
3.852000000000000000e+03
2.403000000000000000e+03
8.640000000000000000e+02
3.859000000000000000e+03
