1.870000000000000000e+03
1.014000000000000000e+03
3.697000000000000000e+03
3.817000000000000000e+03
3.912000000000000000e+03
2.172000000000000000e+03
2.446000000000000000e+03
6.250000000000000000e+02
2.584000000000000000e+03
2.052000000000000000e+03
1.194000000000000000e+03
2.847000000000000000e+03
2.811000000000000000e+03
3.902000000000000000e+03
3.729000000000000000e+03
3.466000000000000000e+03
1.813000000000000000e+03
2.618000000000000000e+03
8.840000000000000000e+02
3.990000000000000000e+02
7.380000000000000000e+02
1.290000000000000000e+02
9.840000000000000000e+02
1.075000000000000000e+03
3.488000000000000000e+03
2.979000000000000000e+03
2.748000000000000000e+03
4.460000000000000000e+02
2.908000000000000000e+03
4.095000000000000000e+03
2.910000000000000000e+02
1.709000000000000000e+03
9.750000000000000000e+02
1.077000000000000000e+03
4.234000000000000000e+03
4.262000000000000000e+03
1.604000000000000000e+03
3.158000000000000000e+03
3.786000000000000000e+03
4.129000000000000000e+03
1.544000000000000000e+03
2.329000000000000000e+03
3.410000000000000000e+02
2.155000000000000000e+03
3.852000000000000000e+03
1.950000000000000000e+03
2.403000000000000000e+03
3.180000000000000000e+02
3.307000000000000000e+03
9.680000000000000000e+02
