6.966000000000000000e+03
6.660000000000000000e+02
9.281000000000000000e+03
9.755000000000000000e+03
8.950000000000000000e+02
7.077000000000000000e+03
8.974000000000000000e+03
3.135000000000000000e+03
9.506000000000000000e+03
6.967000000000000000e+03
6.670000000000000000e+02
8.757000000000000000e+03
1.152000000000000000e+03
2.750000000000000000e+02
1.787000000000000000e+03
6.965000000000000000e+03
9.507000000000000000e+03
6.710000000000000000e+02
7.506000000000000000e+03
2.187000000000000000e+03
9.423000000000000000e+03
9.500000000000000000e+03
8.940000000000000000e+02
7.078000000000000000e+03
8.234000000000000000e+03
9.277000000000000000e+03
6.240000000000000000e+02
7.729000000000000000e+03
9.395000000000000000e+03
8.009000000000000000e+03
8.393000000000000000e+03
1.151000000000000000e+03
7.190000000000000000e+03
3.150000000000000000e+02
9.198000000000000000e+03
9.282000000000000000e+03
1.788000000000000000e+03
6.853000000000000000e+03
6.680000000000000000e+02
8.824000000000000000e+03
6.520000000000000000e+02
8.532000000000000000e+03
1.158000000000000000e+03
1.018300000000000000e+04
7.730000000000000000e+03
7.673000000000000000e+03
8.777000000000000000e+03
1.044000000000000000e+03
3.160000000000000000e+02
9.169000000000000000e+03
