6.966000000000000000e+03
5.450000000000000000e+02
9.872000000000000000e+03
9.277000000000000000e+03
8.950000000000000000e+02
6.501000000000000000e+03
3.135000000000000000e+03
6.853000000000000000e+03
3.150000000000000000e+02
7.452000000000000000e+03
9.281000000000000000e+03
1.152000000000000000e+03
7.729000000000000000e+03
7.190000000000000000e+03
6.660000000000000000e+02
1.788000000000000000e+03
8.532000000000000000e+03
9.282000000000000000e+03
4.386000000000000000e+03
6.710000000000000000e+02
1.044000000000000000e+03
2.297000000000000000e+03
9.167000000000000000e+03
8.528000000000000000e+03
7.834000000000000000e+03
8.605000000000000000e+03
1.009800000000000000e+04
1.396000000000000000e+03
7.415000000000000000e+03
3.160000000000000000e+02
4.157000000000000000e+03
7.282000000000000000e+03
1.158000000000000000e+03
9.727000000000000000e+03
1.119000000000000000e+03
2.485000000000000000e+03
7.612000000000000000e+03
8.711000000000000000e+03
8.531000000000000000e+03
7.673000000000000000e+03
9.507000000000000000e+03
1.157000000000000000e+03
2.536000000000000000e+03
1.960000000000000000e+03
6.670000000000000000e+02
6.967000000000000000e+03
9.391000000000000000e+03
1.151000000000000000e+03
8.940000000000000000e+02
8.345000000000000000e+03
