6.966000000000000000e+03
7.670000000000000000e+02
6.501000000000000000e+03
8.936000000000000000e+03
8.950000000000000000e+02
8.966000000000000000e+03
1.018300000000000000e+04
7.190000000000000000e+03
3.135000000000000000e+03
1.152000000000000000e+03
9.281000000000000000e+03
7.729000000000000000e+03
2.296000000000000000e+03
6.710000000000000000e+02
6.967000000000000000e+03
2.750000000000000000e+02
5.164000000000000000e+03
3.160000000000000000e+02
1.044000000000000000e+03
7.281000000000000000e+03
4.717000000000000000e+03
3.150000000000000000e+02
6.853000000000000000e+03
1.788000000000000000e+03
2.536000000000000000e+03
9.506000000000000000e+03
1.158000000000000000e+03
8.532000000000000000e+03
9.872000000000000000e+03
2.520000000000000000e+03
6.670000000000000000e+02
9.167000000000000000e+03
7.078000000000000000e+03
6.240000000000000000e+02
1.009800000000000000e+04
8.938000000000000000e+03
8.059000000000000000e+03
1.157000000000000000e+03
8.190000000000000000e+03
1.960000000000000000e+03
5.277000000000000000e+03
1.029100000000000000e+04
1.151000000000000000e+03
7.506000000000000000e+03
6.520000000000000000e+02
6.740000000000000000e+03
8.393000000000000000e+03
8.940000000000000000e+02
8.232000000000000000e+03
2.485000000000000000e+03
