1.815000000000000000e+03
4.842000000000000000e+03
4.212000000000000000e+03
5.931000000000000000e+03
5.838000000000000000e+03
1.879000000000000000e+03
4.203000000000000000e+03
4.619000000000000000e+03
2.188000000000000000e+03
3.083000000000000000e+03
4.107000000000000000e+03
3.114000000000000000e+03
2.587000000000000000e+03
3.044000000000000000e+03
4.360000000000000000e+03
2.710000000000000000e+03
3.410000000000000000e+02
1.774000000000000000e+03
4.522000000000000000e+03
3.648000000000000000e+03
2.400000000000000000e+03
1.664000000000000000e+03
2.084000000000000000e+03
5.600000000000000000e+01
5.679000000000000000e+03
1.948000000000000000e+03
4.967000000000000000e+03
5.840000000000000000e+02
3.947000000000000000e+03
2.690000000000000000e+03
4.646000000000000000e+03
3.787000000000000000e+03
3.668000000000000000e+03
4.034000000000000000e+03
5.385000000000000000e+03
1.870000000000000000e+03
4.155000000000000000e+03
5.128000000000000000e+03
5.703000000000000000e+03
2.679000000000000000e+03
4.942000000000000000e+03
6.880000000000000000e+02
3.474000000000000000e+03
4.720000000000000000e+02
3.358000000000000000e+03
9.100000000000000000e+02
3.514000000000000000e+03
3.724000000000000000e+03
4.832000000000000000e+03
3.397000000000000000e+03
