4.652000000000000000e+03
1.470000000000000000e+03
2.378000000000000000e+03
2.717000000000000000e+03
3.803000000000000000e+03
1.910000000000000000e+03
4.306000000000000000e+03
4.517000000000000000e+03
3.191000000000000000e+03
2.653000000000000000e+03
5.234000000000000000e+03
7.900000000000000000e+01
4.469000000000000000e+03
2.911000000000000000e+03
3.760000000000000000e+02
4.705000000000000000e+03
4.363000000000000000e+03
2.696000000000000000e+03
1.771000000000000000e+03
4.761000000000000000e+03
1.202000000000000000e+03
2.360000000000000000e+03
1.478000000000000000e+03
7.730000000000000000e+02
2.543000000000000000e+03
2.674000000000000000e+03
1.898000000000000000e+03
3.745000000000000000e+03
5.503000000000000000e+03
3.749000000000000000e+03
2.967000000000000000e+03
2.342000000000000000e+03
4.631000000000000000e+03
2.384000000000000000e+03
5.188000000000000000e+03
2.108000000000000000e+03
8.810000000000000000e+02
1.304000000000000000e+03
2.738000000000000000e+03
5.476000000000000000e+03
5.240000000000000000e+02
2.570000000000000000e+03
1.789000000000000000e+03
1.573000000000000000e+03
4.286000000000000000e+03
1.853000000000000000e+03
8.010000000000000000e+02
7.710000000000000000e+02
4.791000000000000000e+03
3.830000000000000000e+02
