5.234000000000000000e+03
2.717000000000000000e+03
3.803000000000000000e+03
1.910000000000000000e+03
4.517000000000000000e+03
4.348000000000000000e+03
3.191000000000000000e+03
4.306000000000000000e+03
2.653000000000000000e+03
3.863000000000000000e+03
1.470000000000000000e+03
3.745000000000000000e+03
1.789000000000000000e+03
8.510000000000000000e+02
1.478000000000000000e+03
1.771000000000000000e+03
7.900000000000000000e+01
2.674000000000000000e+03
4.363000000000000000e+03
1.898000000000000000e+03
1.573000000000000000e+03
4.404000000000000000e+03
4.293000000000000000e+03
2.911000000000000000e+03
3.768000000000000000e+03
4.469000000000000000e+03
4.730000000000000000e+02
1.202000000000000000e+03
8.020000000000000000e+02
4.290000000000000000e+02
2.696000000000000000e+03
5.256000000000000000e+03
2.967000000000000000e+03
2.342000000000000000e+03
5.503000000000000000e+03
5.476000000000000000e+03
2.370000000000000000e+02
4.631000000000000000e+03
2.384000000000000000e+03
2.738000000000000000e+03
4.738000000000000000e+03
4.705000000000000000e+03
1.520000000000000000e+03
4.858000000000000000e+03
7.730000000000000000e+02
3.916000000000000000e+03
5.240000000000000000e+02
4.290000000000000000e+03
2.127000000000000000e+03
2.570000000000000000e+03
