4.652000000000000000e+03
1.478000000000000000e+03
4.517000000000000000e+03
2.543000000000000000e+03
3.191000000000000000e+03
2.717000000000000000e+03
4.306000000000000000e+03
2.653000000000000000e+03
5.234000000000000000e+03
7.900000000000000000e+01
4.348000000000000000e+03
1.910000000000000000e+03
3.803000000000000000e+03
3.745000000000000000e+03
2.696000000000000000e+03
4.425000000000000000e+03
2.933000000000000000e+03
2.444000000000000000e+03
4.363000000000000000e+03
1.789000000000000000e+03
1.573000000000000000e+03
4.286000000000000000e+03
8.800000000000000000e+01
4.469000000000000000e+03
1.470000000000000000e+03
2.851000000000000000e+03
2.384000000000000000e+03
4.631000000000000000e+03
8.510000000000000000e+02
1.565000000000000000e+03
2.967000000000000000e+03
8.010000000000000000e+02
2.248000000000000000e+03
2.370000000000000000e+02
6.720000000000000000e+02
4.657000000000000000e+03
5.488000000000000000e+03
4.705000000000000000e+03
4.730000000000000000e+02
2.318000000000000000e+03
8.030000000000000000e+02
3.606000000000000000e+03
3.830000000000000000e+02
1.304000000000000000e+03
4.249000000000000000e+03
1.202000000000000000e+03
3.473000000000000000e+03
1.397000000000000000e+03
4.738000000000000000e+03
1.564000000000000000e+03
