3.527000000000000000e+03
4.073000000000000000e+03
4.436000000000000000e+03
3.601000000000000000e+03
3.283000000000000000e+03
5.371000000000000000e+03
3.321000000000000000e+03
2.095000000000000000e+03
9.500000000000000000e+02
3.916000000000000000e+03
2.075000000000000000e+03
3.119000000000000000e+03
1.200000000000000000e+02
2.372000000000000000e+03
1.947000000000000000e+03
1.220000000000000000e+03
4.815000000000000000e+03
5.542000000000000000e+03
1.344000000000000000e+03
9.540000000000000000e+02
4.840000000000000000e+03
2.985000000000000000e+03
5.272000000000000000e+03
1.508000000000000000e+03
2.861000000000000000e+03
5.721000000000000000e+03
5.475000000000000000e+03
2.982000000000000000e+03
3.415000000000000000e+03
3.459000000000000000e+03
5.568000000000000000e+03
2.501000000000000000e+03
5.704000000000000000e+03
2.773000000000000000e+03
4.786000000000000000e+03
1.695000000000000000e+03
4.816000000000000000e+03
4.845000000000000000e+03
1.580000000000000000e+03
2.914000000000000000e+03
4.048000000000000000e+03
3.695000000000000000e+03
2.772000000000000000e+03
1.934000000000000000e+03
5.656000000000000000e+03
5.569000000000000000e+03
1.663000000000000000e+03
3.980000000000000000e+02
4.819000000000000000e+03
2.896000000000000000e+03
