3.527000000000000000e+03
5.246000000000000000e+03
1.302000000000000000e+03
2.431000000000000000e+03
4.100000000000000000e+03
5.084000000000000000e+03
1.947000000000000000e+03
1.560000000000000000e+03
4.429000000000000000e+03
2.372000000000000000e+03
2.095000000000000000e+03
1.412000000000000000e+03
5.381000000000000000e+03
3.119000000000000000e+03
3.916000000000000000e+03
5.475000000000000000e+03
4.048000000000000000e+03
2.612000000000000000e+03
2.969000000000000000e+03
4.819000000000000000e+03
3.936000000000000000e+03
1.344000000000000000e+03
9.500000000000000000e+02
3.160000000000000000e+03
5.542000000000000000e+03
3.474000000000000000e+03
3.321000000000000000e+03
2.075000000000000000e+03
1.767000000000000000e+03
3.196000000000000000e+03
1.612000000000000000e+03
1.663000000000000000e+03
2.115000000000000000e+03
2.773000000000000000e+03
5.721000000000000000e+03
2.985000000000000000e+03
2.880000000000000000e+03
5.704000000000000000e+03
2.640000000000000000e+03
3.283000000000000000e+03
2.982000000000000000e+03
2.861000000000000000e+03
2.501000000000000000e+03
2.896000000000000000e+03
3.415000000000000000e+03
3.695000000000000000e+03
4.230000000000000000e+02
2.772000000000000000e+03
3.980000000000000000e+02
4.860000000000000000e+02
