3.527000000000000000e+03
2.865000000000000000e+03
5.426000000000000000e+03
5.371000000000000000e+03
1.947000000000000000e+03
3.916000000000000000e+03
1.663000000000000000e+03
3.283000000000000000e+03
1.612000000000000000e+03
2.075000000000000000e+03
1.500000000000000000e+02
1.200000000000000000e+02
4.858000000000000000e+03
3.415000000000000000e+03
9.500000000000000000e+02
3.119000000000000000e+03
2.896000000000000000e+03
5.542000000000000000e+03
4.819000000000000000e+03
2.772000000000000000e+03
2.861000000000000000e+03
1.508000000000000000e+03
5.040000000000000000e+02
1.344000000000000000e+03
9.990000000000000000e+02
2.773000000000000000e+03
4.816000000000000000e+03
5.704000000000000000e+03
1.695000000000000000e+03
2.982000000000000000e+03
4.786000000000000000e+03
3.321000000000000000e+03
2.640000000000000000e+03
5.656000000000000000e+03
4.845000000000000000e+03
3.196000000000000000e+03
3.463000000000000000e+03
1.428000000000000000e+03
5.568000000000000000e+03
1.987000000000000000e+03
2.858000000000000000e+03
1.598000000000000000e+03
4.348000000000000000e+03
5.618000000000000000e+03
1.355000000000000000e+03
1.675000000000000000e+03
1.767000000000000000e+03
1.151000000000000000e+03
5.272000000000000000e+03
9.540000000000000000e+02
