9.020000000000000000e+02
1.927000000000000000e+03
2.337000000000000000e+03
4.260000000000000000e+02
2.038000000000000000e+03
1.383000000000000000e+03
1.878000000000000000e+03
1.136000000000000000e+03
2.171000000000000000e+03
4.190000000000000000e+02
1.263000000000000000e+03
1.582000000000000000e+03
1.996000000000000000e+03
1.866000000000000000e+03
1.973000000000000000e+03
1.581000000000000000e+03
9.620000000000000000e+02
2.399000000000000000e+03
6.570000000000000000e+02
4.960000000000000000e+02
4.860000000000000000e+02
1.319000000000000000e+03
7.230000000000000000e+02
8.020000000000000000e+02
1.013000000000000000e+03
7.970000000000000000e+02
8.780000000000000000e+02
1.643000000000000000e+03
2.369000000000000000e+03
1.422000000000000000e+03
6.640000000000000000e+02
1.700000000000000000e+03
2.056000000000000000e+03
8.030000000000000000e+02
1.458000000000000000e+03
1.125000000000000000e+03
1.314000000000000000e+03
1.939000000000000000e+03
1.522000000000000000e+03
2.366000000000000000e+03
1.867000000000000000e+03
2.097000000000000000e+03
1.517000000000000000e+03
1.760000000000000000e+03
2.277000000000000000e+03
2.057000000000000000e+03
1.613000000000000000e+03
1.362000000000000000e+03
7.430000000000000000e+02
1.189000000000000000e+03
