9.010000000000000000e+02
1.016000000000000000e+03
1.865000000000000000e+03
2.337000000000000000e+03
1.263000000000000000e+03
2.171000000000000000e+03
2.038000000000000000e+03
1.878000000000000000e+03
4.860000000000000000e+02
4.190000000000000000e+02
8.620000000000000000e+02
9.620000000000000000e+02
1.517000000000000000e+03
4.960000000000000000e+02
1.383000000000000000e+03
1.581000000000000000e+03
1.319000000000000000e+03
1.996000000000000000e+03
2.109000000000000000e+03
1.189000000000000000e+03
8.420000000000000000e+02
5.360000000000000000e+02
1.760000000000000000e+03
8.020000000000000000e+02
2.028000000000000000e+03
2.057000000000000000e+03
1.938000000000000000e+03
1.613000000000000000e+03
1.522000000000000000e+03
1.422000000000000000e+03
1.644000000000000000e+03
1.622000000000000000e+03
2.056000000000000000e+03
2.321000000000000000e+03
1.928000000000000000e+03
2.366000000000000000e+03
7.430000000000000000e+02
1.458000000000000000e+03
1.125000000000000000e+03
1.672000000000000000e+03
1.979000000000000000e+03
1.582000000000000000e+03
1.876000000000000000e+03
1.562000000000000000e+03
1.821000000000000000e+03
1.645000000000000000e+03
1.854000000000000000e+03
1.937000000000000000e+03
2.363000000000000000e+03
1.314000000000000000e+03
