1.927000000000000000e+03
1.082000000000000000e+03
2.337000000000000000e+03
4.260000000000000000e+02
7.970000000000000000e+02
2.038000000000000000e+03
1.383000000000000000e+03
5.980000000000000000e+02
9.020000000000000000e+02
2.171000000000000000e+03
1.136000000000000000e+03
1.517000000000000000e+03
8.020000000000000000e+02
1.761000000000000000e+03
1.263000000000000000e+03
1.996000000000000000e+03
2.319000000000000000e+03
1.139000000000000000e+03
5.460000000000000000e+02
4.190000000000000000e+02
1.878000000000000000e+03
1.660000000000000000e+03
1.866000000000000000e+03
1.914000000000000000e+03
1.458000000000000000e+03
6.160000000000000000e+02
7.230000000000000000e+02
1.919000000000000000e+03
8.620000000000000000e+02
1.013000000000000000e+03
1.760000000000000000e+03
4.960000000000000000e+02
1.422000000000000000e+03
8.780000000000000000e+02
4.860000000000000000e+02
7.370000000000000000e+02
6.640000000000000000e+02
1.245000000000000000e+03
6.840000000000000000e+02
8.000000000000000000e+02
1.319000000000000000e+03
1.253000000000000000e+03
1.522000000000000000e+03
2.057000000000000000e+03
8.630000000000000000e+02
7.430000000000000000e+02
2.366000000000000000e+03
9.790000000000000000e+02
7.720000000000000000e+02
1.791000000000000000e+03
