1.022000000000000000e+03
1.927000000000000000e+03
2.337000000000000000e+03
4.860000000000000000e+02
1.383000000000000000e+03
5.980000000000000000e+02
2.171000000000000000e+03
1.136000000000000000e+03
1.878000000000000000e+03
1.915000000000000000e+03
1.263000000000000000e+03
1.517000000000000000e+03
1.992000000000000000e+03
8.020000000000000000e+02
1.996000000000000000e+03
1.660000000000000000e+03
1.865000000000000000e+03
1.581000000000000000e+03
1.919000000000000000e+03
7.830000000000000000e+02
1.758000000000000000e+03
1.189000000000000000e+03
1.077000000000000000e+03
7.970000000000000000e+02
1.760000000000000000e+03
1.422000000000000000e+03
2.369000000000000000e+03
1.522000000000000000e+03
4.960000000000000000e+02
8.420000000000000000e+02
1.644000000000000000e+03
2.028000000000000000e+03
1.867000000000000000e+03
2.057000000000000000e+03
2.154000000000000000e+03
2.366000000000000000e+03
1.673000000000000000e+03
6.840000000000000000e+02
1.407000000000000000e+03
2.265000000000000000e+03
1.804000000000000000e+03
2.117000000000000000e+03
1.314000000000000000e+03
1.640000000000000000e+03
1.582000000000000000e+03
1.876000000000000000e+03
2.363000000000000000e+03
1.938000000000000000e+03
1.443000000000000000e+03
1.482000000000000000e+03
