3.050000000000000000e+02
2.480000000000000000e+02
4.290000000000000000e+02
3.180000000000000000e+02
2.110000000000000000e+02
2.400000000000000000e+01
2.300000000000000000e+01
2.680000000000000000e+02
1.200000000000000000e+01
3.980000000000000000e+02
2.620000000000000000e+02
6.400000000000000000e+01
2.200000000000000000e+01
4.000000000000000000e+01
5.300000000000000000e+01
1.600000000000000000e+02
4.010000000000000000e+02
2.260000000000000000e+02
8.000000000000000000e+00
3.360000000000000000e+02
6.100000000000000000e+01
3.210000000000000000e+02
1.300000000000000000e+01
3.000000000000000000e+01
4.090000000000000000e+02
4.440000000000000000e+02
4.110000000000000000e+02
2.900000000000000000e+01
2.010000000000000000e+02
3.890000000000000000e+02
2.600000000000000000e+01
1.400000000000000000e+01
4.520000000000000000e+02
2.500000000000000000e+01
3.600000000000000000e+01
3.770000000000000000e+02
2.570000000000000000e+02
1.220000000000000000e+02
3.500000000000000000e+02
3.470000000000000000e+02
3.400000000000000000e+01
1.850000000000000000e+02
3.490000000000000000e+02
3.350000000000000000e+02
6.200000000000000000e+01
1.060000000000000000e+02
4.180000000000000000e+02
2.380000000000000000e+02
3.900000000000000000e+02
1.540000000000000000e+02
