[20, 24, 41, 46, 47, 61, 68, 69, 70, 77, 87, ]
[0, 15, 23, 24, 36, 45, 47, 52, 62, 66, 75, 82, 87, ]
[1, 2, 4, 5, 7, 21, 44, 46, 51, 55, 56, 57, 60, 61, 64, 65, 71, 74, 79, 82, 85, ]
[0, 15, 23, 24, 36, 45, 47, 52, 62, 66, 75, 82, 87, ]
[20, 24, 41, 46, 47, 61, 68, 69, 70, 77, 87, ]
[1, 4, 5, 7, 9, 15, 16, 19, 22, 34, 50, 53, 54, 67, 68, 69, 74, 78, 84, 86, 87, 88, ]
[0, 15, 23, 24, 36, 45, 47, 52, 62, 66, 75, 82, 87, ]
[0, 7, 11, 12, 14, 18, 19, 21, 24, 25, 32, 33, 34, 35, 36, 38, 53, 54, 67, 68, 69, 74, 78, 86, 87, 88, ]
[20, 24, 41, 46, 47, 61, 68, 69, 70, 77, 87, ]
[1, 2, 4, 5, 7, 21, 44, 46, 51, 55, 56, 57, 60, 61, 64, 65, 71, 74, 79, 82, 85, ]
[4, 6, 7, 10, 33, 45, 53, 54, 58, 61, 62, 64, 65, 72, 80, 81, 83, 84, 85, ]
[1, 4, 8, 10, 12, 13, 15, 16, 26, 33, 34, 49, 50, 55, 56, 59, 64, 71, 75, 77, 86, ]
[4, 8, 10, 12, 13, 15, 16, 26, 33, 34, 44, 51, 52, 56, 60, 61, 64, 65, 71, 79, 82, 85, ]
[2, 4, 7, 21, 49, 55, 56, 59, 64, 71, 75, 77, 86, ]
[3, 4, 5, 7, 21, 36, 51, 52, 54, 58, 61, 62, 64, 65, 68, 71, 72, 81, 83, 86, ]