[20, 24, 41, 46, 47, 61, 68, 69, 70, 77, 87, ]
[0, 15, 23, 24, 36, 45, 47, 52, 62, 66, 75, 82, 87, ]
[1, 7, 14, 18, 19, 30, 46, 49, 55, 56, 59, 64, 66, 71, 75, 77, 86, ]
[0, 15, 23, 24, 36, 45, 47, 52, 62, 66, 75, 82, 87, ]
[20, 24, 41, 46, 47, 61, 68, 69, 70, 77, 87, ]
[1, 4, 8, 10, 12, 13, 15, 16, 26, 33, 34, 49, 50, 55, 56, 59, 64, 71, 75, 77, 86, ]
[0, 7, 12, 14, 18, 19, 21, 24, 25, 30, 49, 55, 56, 59, 64, 71, 75, 77, 86, ]
[4, 7, 9, 15, 16, 18, 19, 20, 21, 26, 27, 30, 31, 43, 53, 54, 61, 66, 67, 68, 74, 78, 84, 86, 87, 88, ]
[20, 24, 41, 46, 47, 61, 68, 69, 70, 77, 87, ]
[1, 2, 4, 5, 7, 21, 44, 46, 51, 55, 56, 57, 60, 61, 64, 65, 71, 74, 79, 82, 85, ]
[2, 7, 14, 21, 30, 32, 33, 34, 35, 36, 37, 41, 43, 44, 45, 48, 49, 55, 57, 59, 63, 64, 65, 67, 72, 73, 78, 80, 86, 88, 89, ]
[1, 4, 8, 12, 13, 15, 16, 26, 33, 34, 45, 49, 50, 55, 56, 59, 64, 71, 75, 77, 82, 86, 88, 89, ]
[0, 7, 12, 14, 18, 19, 21, 24, 25, 30, 49, 55, 56, 59, 64, 71, 75, 77, 86, ]
[0, 15, 23, 24, 36, 45, 47, 52, 62, 66, 75, 82, 87, ]
[1, 7, 8, 13, 15, 16, 18, 22, 23, 24, 26, 29, 34, 35, 36, 37, 38, 41, 43, 44, 45, 47, 52, 62, 66, 75, 82, 87, ]