1.082000000000000000e+03
6.580000000000000000e+02
1.992000000000000000e+03
1.701000000000000000e+03
2.337000000000000000e+03
1.865000000000000000e+03
4.860000000000000000e+02
9.030000000000000000e+02
1.996000000000000000e+03
1.081000000000000000e+03
1.016000000000000000e+03
7.980000000000000000e+02
1.383000000000000000e+03
8.620000000000000000e+02
2.171000000000000000e+03
2.038000000000000000e+03
1.581000000000000000e+03
1.202000000000000000e+03
4.270000000000000000e+02
7.960000000000000000e+02
1.745000000000000000e+03
4.190000000000000000e+02
9.020000000000000000e+02
1.639000000000000000e+03
1.866000000000000000e+03
1.238000000000000000e+03
1.517000000000000000e+03
9.620000000000000000e+02
2.338000000000000000e+03
2.232000000000000000e+03
1.322000000000000000e+03
1.641000000000000000e+03
3.670000000000000000e+02
1.614000000000000000e+03
8.020000000000000000e+02
1.926000000000000000e+03
5.990000000000000000e+02
1.816000000000000000e+03
1.263000000000000000e+03
1.878000000000000000e+03
8.420000000000000000e+02
2.172000000000000000e+03
1.257000000000000000e+03
2.399000000000000000e+03
1.805000000000000000e+03
4.260000000000000000e+02
7.370000000000000000e+02
1.024000000000000000e+03
2.375000000000000000e+03
1.142000000000000000e+03
