4.191000000000000000e+03
8.600000000000000000e+01
7.650000000000000000e+02
8.652000000000000000e+03
3.780000000000000000e+03
6.139000000000000000e+03
7.520000000000000000e+03
2.189000000000000000e+03
8.390000000000000000e+02
1.353000000000000000e+03
4.030000000000000000e+02
6.501000000000000000e+03
6.000000000000000000e+00
4.322000000000000000e+03
2.696000000000000000e+03
8.935000000000000000e+03
9.995000000000000000e+03
8.191000000000000000e+03
2.904000000000000000e+03
1.095000000000000000e+03
3.381000000000000000e+03
4.985000000000000000e+03
8.976000000000000000e+03
5.375000000000000000e+03
6.600000000000000000e+02
1.060000000000000000e+02
5.183000000000000000e+03
2.603000000000000000e+03
7.800000000000000000e+03
5.192000000000000000e+03
7.561000000000000000e+03
2.154000000000000000e+03
8.445000000000000000e+03
7.333000000000000000e+03
5.084000000000000000e+03
8.793000000000000000e+03
4.754000000000000000e+03
3.442000000000000000e+03
7.111000000000000000e+03
8.316000000000000000e+03
9.179000000000000000e+03
2.145000000000000000e+03
2.071000000000000000e+03
6.469000000000000000e+03
6.932000000000000000e+03
8.000000000000000000e+02
2.529000000000000000e+03
7.733000000000000000e+03
9.548000000000000000e+03
9.278000000000000000e+03
