2.372000000000000000e+03
3.381000000000000000e+03
3.442000000000000000e+03
2.408000000000000000e+03
1.461000000000000000e+03
9.134000000000000000e+03
4.560000000000000000e+02
9.480000000000000000e+02
8.322000000000000000e+03
6.203000000000000000e+03
8.652000000000000000e+03
7.650000000000000000e+02
9.995000000000000000e+03
3.780000000000000000e+03
5.877000000000000000e+03
1.812000000000000000e+03
6.347000000000000000e+03
6.268000000000000000e+03
6.125000000000000000e+03
9.719000000000000000e+03
7.520000000000000000e+03
2.189000000000000000e+03
3.208000000000000000e+03
8.289000000000000000e+03
5.970000000000000000e+03
6.600000000000000000e+02
3.577000000000000000e+03
4.668000000000000000e+03
1.060000000000000000e+02
5.392000000000000000e+03
2.603000000000000000e+03
4.030000000000000000e+02
6.501000000000000000e+03
6.000000000000000000e+00
5.192000000000000000e+03
7.800000000000000000e+03
4.322000000000000000e+03
2.696000000000000000e+03
8.935000000000000000e+03
9.487000000000000000e+03
9.317000000000000000e+03
5.630000000000000000e+03
5.665000000000000000e+03
1.211000000000000000e+03
9.636000000000000000e+03
3.664000000000000000e+03
4.827000000000000000e+03
8.950000000000000000e+02
4.967000000000000000e+03
1.521000000000000000e+03
