7.768000000000000000e+03
3.113000000000000000e+03
5.747000000000000000e+03
7.335000000000000000e+03
8.031000000000000000e+03
8.962000000000000000e+03
3.664000000000000000e+03
1.009100000000000000e+04
7.686000000000000000e+03
6.613000000000000000e+03
6.495000000000000000e+03
8.199000000000000000e+03
3.834000000000000000e+03
9.153000000000000000e+03
1.679000000000000000e+03
1.012400000000000000e+04
2.046000000000000000e+03
1.017800000000000000e+04
7.880000000000000000e+03
1.009200000000000000e+04
5.449000000000000000e+03
5.255000000000000000e+03
9.193000000000000000e+03
9.448000000000000000e+03
5.488000000000000000e+03
3.532000000000000000e+03
1.037000000000000000e+03
3.610000000000000000e+02
9.250000000000000000e+03
1.264000000000000000e+03
5.887000000000000000e+03
1.128000000000000000e+03
9.840000000000000000e+02
1.107000000000000000e+04
5.104000000000000000e+03
9.138000000000000000e+03
1.945000000000000000e+03
1.013400000000000000e+04
8.030000000000000000e+02
1.087500000000000000e+04
7.518000000000000000e+03
9.155000000000000000e+03
2.922000000000000000e+03
7.185000000000000000e+03
9.396000000000000000e+03
6.324000000000000000e+03
7.710000000000000000e+03
6.347000000000000000e+03
1.936000000000000000e+03
6.496000000000000000e+03
