1.730000000000000000e+02
9.850000000000000000e+02
7.080000000000000000e+02
1.990000000000000000e+02
5.160000000000000000e+02
1.840000000000000000e+02
2.700000000000000000e+02
1.800000000000000000e+02
3.240000000000000000e+02
1.780000000000000000e+02
2.920000000000000000e+02
2.990000000000000000e+02
8.960000000000000000e+02
6.900000000000000000e+01
8.160000000000000000e+02
2.130000000000000000e+02
2.600000000000000000e+02
2.450000000000000000e+02
7.400000000000000000e+02
1.440000000000000000e+02
9.520000000000000000e+02
1.450000000000000000e+02
6.120000000000000000e+02
9.240000000000000000e+02
2.060000000000000000e+02
9.830000000000000000e+02
3.800000000000000000e+01
8.250000000000000000e+02
3.600000000000000000e+01
8.120000000000000000e+02
6.400000000000000000e+01
7.500000000000000000e+02
2.120000000000000000e+02
9.860000000000000000e+02
6.760000000000000000e+02
8.890000000000000000e+02
6.110000000000000000e+02
1.970000000000000000e+02
3.490000000000000000e+02
2.290000000000000000e+02
8.480000000000000000e+02
8.930000000000000000e+02
4.840000000000000000e+02
3.100000000000000000e+01
8.940000000000000000e+02
1.740000000000000000e+02
9.250000000000000000e+02
3.330000000000000000e+02
1.870000000000000000e+02
3.000000000000000000e+02
