6.966000000000000000e+03
5.440000000000000000e+02
6.294000000000000000e+03
7.650000000000000000e+02
6.853000000000000000e+03
2.110000000000000000e+02
7.190000000000000000e+03
3.160000000000000000e+02
6.967000000000000000e+03
7.670000000000000000e+02
6.854000000000000000e+03
5.460000000000000000e+02
6.963000000000000000e+03
2.100000000000000000e+02
6.964000000000000000e+03
5.470000000000000000e+02
6.965000000000000000e+03
4.370000000000000000e+02
7.189000000000000000e+03
6.670000000000000000e+02
7.077000000000000000e+03
3.150000000000000000e+02
6.629000000000000000e+03
8.974000000000000000e+03
5.732000000000000000e+03
7.281000000000000000e+03
5.510000000000000000e+03
8.180000000000000000e+03
5.622000000000000000e+03
6.720000000000000000e+03
5.398000000000000000e+03
7.282000000000000000e+03
6.070000000000000000e+03
7.170000000000000000e+03
6.071000000000000000e+03
9.700000000000000000e+01
1.010200000000000000e+04
9.389000000000000000e+03
1.021500000000000000e+04
9.507000000000000000e+03
7.078000000000000000e+03
9.506000000000000000e+03
7.076000000000000000e+03
9.281000000000000000e+03
8.854000000000000000e+03
9.498000000000000000e+03
9.872000000000000000e+03
6.066000000000000000e+03
1.018300000000000000e+04
7.191000000000000000e+03
