1.815000000000000000e+03
5.138000000000000000e+03
2.585000000000000000e+03
4.532000000000000000e+03
2.710000000000000000e+03
5.703000000000000000e+03
3.474000000000000000e+03
4.107000000000000000e+03
4.237000000000000000e+03
1.390000000000000000e+02
4.646000000000000000e+03
2.430000000000000000e+03
4.283000000000000000e+03
3.077000000000000000e+03
2.188000000000000000e+03
5.183000000000000000e+03
4.959000000000000000e+03
4.275000000000000000e+03
4.162000000000000000e+03
3.762000000000000000e+03
5.840000000000000000e+02
2.816000000000000000e+03
4.880000000000000000e+03
4.842000000000000000e+03
1.127000000000000000e+03
3.845000000000000000e+03
2.965000000000000000e+03
2.679000000000000000e+03
3.257000000000000000e+03
4.518000000000000000e+03
3.076000000000000000e+03
2.461000000000000000e+03
2.400000000000000000e+03
3.653000000000000000e+03
5.742000000000000000e+03
4.155000000000000000e+03
5.770000000000000000e+03
5.634000000000000000e+03
3.986000000000000000e+03
3.349000000000000000e+03
3.380000000000000000e+03
1.176000000000000000e+03
3.085000000000000000e+03
2.496000000000000000e+03
3.620000000000000000e+03
2.550000000000000000e+03
4.685000000000000000e+03
2.882000000000000000e+03
4.215000000000000000e+03
1.879000000000000000e+03
