9.010000000000000000e+02
1.016000000000000000e+03
8.420000000000000000e+02
1.019000000000000000e+03
7.230000000000000000e+02
7.180000000000000000e+02
7.830000000000000000e+02
6.580000000000000000e+02
9.020000000000000000e+02
6.570000000000000000e+02
1.082000000000000000e+03
4.260000000000000000e+02
9.620000000000000000e+02
1.926000000000000000e+03
2.038000000000000000e+03
1.866000000000000000e+03
1.024000000000000000e+03
1.865000000000000000e+03
2.037000000000000000e+03
1.805000000000000000e+03
1.977000000000000000e+03
1.684000000000000000e+03
1.919000000000000000e+03
1.803000000000000000e+03
2.173000000000000000e+03
1.263000000000000000e+03
2.172000000000000000e+03
1.503000000000000000e+03
2.171000000000000000e+03
1.142000000000000000e+03
4.270000000000000000e+02
1.022000000000000000e+03
1.927000000000000000e+03
9.640000000000000000e+02
1.867000000000000000e+03
1.204000000000000000e+03
2.108000000000000000e+03
1.323000000000000000e+03
2.112000000000000000e+03
1.203000000000000000e+03
2.113000000000000000e+03
1.685000000000000000e+03
2.174000000000000000e+03
1.624000000000000000e+03
2.111000000000000000e+03
1.383000000000000000e+03
2.170000000000000000e+03
1.614000000000000000e+03
2.107000000000000000e+03
1.734000000000000000e+03
