2.419000000000000000e+03
1.261000000000000000e+03
2.309000000000000000e+03
1.095000000000000000e+03
2.199000000000000000e+03
1.090000000000000000e+02
2.198000000000000000e+03
1.080000000000000000e+02
2.254000000000000000e+03
1.060000000000000000e+02
2.253000000000000000e+03
2.190000000000000000e+02
2.197000000000000000e+03
1.640000000000000000e+02
2.196000000000000000e+03
1.000000000000000000e+02
1.308000000000000000e+03
1.510000000000000000e+02
1.425000000000000000e+03
1.360000000000000000e+03
1.426000000000000000e+03
1.608000000000000000e+03
1.908000000000000000e+03
8.740000000000000000e+02
6.730000000000000000e+02
6.470000000000000000e+02
7.830000000000000000e+02
8.100000000000000000e+02
8.380000000000000000e+02
9.840000000000000000e+02
7.280000000000000000e+02
7.060000000000000000e+02
1.369000000000000000e+03
1.040000000000000000e+03
2.363000000000000000e+03
1.245000000000000000e+03
9.900000000000000000e+02
1.151000000000000000e+03
5.650000000000000000e+02
7.180000000000000000e+02
1.080000000000000000e+03
3.870000000000000000e+02
7.600000000000000000e+02
3.340000000000000000e+02
4.830000000000000000e+02
4.500000000000000000e+01
5.380000000000000000e+02
1.797000000000000000e+03
4.840000000000000000e+02
1.805000000000000000e+03
