7.940000000000000000e+02
2.880000000000000000e+02
3.800000000000000000e+02
3.200000000000000000e+02
4.360000000000000000e+02
2.560000000000000000e+02
9.820000000000000000e+02
2.240000000000000000e+02
1.012000000000000000e+03
2.250000000000000000e+02
1.011000000000000000e+03
1.610000000000000000e+02
8.000000000000000000e+02
6.270000000000000000e+02
7.360000000000000000e+02
1.920000000000000000e+02
1.013000000000000000e+03
4.800000000000000000e+02
3.460000000000000000e+02
3.840000000000000000e+02
7.650000000000000000e+02
4.160000000000000000e+02
7.620000000000000000e+02
3.080000000000000000e+02
7.340000000000000000e+02
3.400000000000000000e+02
7.660000000000000000e+02
3.390000000000000000e+02
3.520000000000000000e+02
4.880000000000000000e+02
7.040000000000000000e+02
3.150000000000000000e+02
7.680000000000000000e+02
1.290000000000000000e+02
5.200000000000000000e+02
9.810000000000000000e+02
5.950000000000000000e+02
1.010000000000000000e+03
1.580000000000000000e+02
9.800000000000000000e+02
1.600000000000000000e+02
9.790000000000000000e+02
4.480000000000000000e+02
4.040000000000000000e+02
5.120000000000000000e+02
4.030000000000000000e+02
6.720000000000000000e+02
4.370000000000000000e+02
9.490000000000000000e+02
4.990000000000000000e+02
