9.100000000000000000e+01
1.480000000000000000e+02
1.600000000000000000e+01
9.800000000000000000e+01
9.600000000000000000e+01
1.470000000000000000e+02
7.900000000000000000e+01
1.370000000000000000e+02
3.000000000000000000e+00
2.000000000000000000e+00
1.430000000000000000e+02
1.190000000000000000e+02
7.800000000000000000e+01
1.350000000000000000e+02
1.180000000000000000e+02
7.000000000000000000e+01
8.400000000000000000e+01
1.130000000000000000e+02
4.200000000000000000e+01
1.300000000000000000e+01
6.300000000000000000e+01
9.700000000000000000e+01
1.000000000000000000e+01
1.650000000000000000e+02
5.600000000000000000e+01
6.700000000000000000e+01
8.300000000000000000e+01
2.100000000000000000e+01
2.900000000000000000e+01
6.900000000000000000e+01
7.200000000000000000e+01
1.140000000000000000e+02
1.290000000000000000e+02
1.610000000000000000e+02
8.100000000000000000e+01
6.800000000000000000e+01
1.620000000000000000e+02
7.600000000000000000e+01
1.500000000000000000e+02
7.300000000000000000e+01
3.300000000000000000e+01
1.000000000000000000e+02
3.900000000000000000e+01
8.800000000000000000e+01
1.240000000000000000e+02
1.110000000000000000e+02
9.000000000000000000e+00
1.420000000000000000e+02
4.500000000000000000e+01
1.270000000000000000e+02
