3.270000000000000000e+02
2.050000000000000000e+02
1.410000000000000000e+02
4.700000000000000000e+01
9.300000000000000000e+01
2.590000000000000000e+02
4.430000000000000000e+02
3.780000000000000000e+02
3.060000000000000000e+02
1.560000000000000000e+02
3.120000000000000000e+02
3.870000000000000000e+02
6.000000000000000000e+00
2.760000000000000000e+02
2.720000000000000000e+02
3.840000000000000000e+02
2.710000000000000000e+02
1.320000000000000000e+02
4.110000000000000000e+02
1.130000000000000000e+02
4.540000000000000000e+02
4.450000000000000000e+02
1.840000000000000000e+02
3.790000000000000000e+02
1.120000000000000000e+02
1.520000000000000000e+02
9.600000000000000000e+01
2.400000000000000000e+02
1.090000000000000000e+02
3.970000000000000000e+02
3.140000000000000000e+02
2.660000000000000000e+02
9.200000000000000000e+01
3.000000000000000000e+01
4.500000000000000000e+02
3.100000000000000000e+02
4.520000000000000000e+02
1.030000000000000000e+02
3.490000000000000000e+02
4.040000000000000000e+02
1.460000000000000000e+02
1.220000000000000000e+02
4.000000000000000000e+00
2.900000000000000000e+02
4.360000000000000000e+02
1.880000000000000000e+02
3.630000000000000000e+02
3.000000000000000000e+00
9.400000000000000000e+01
3.930000000000000000e+02
