4.652000000000000000e+03
1.470000000000000000e+03
2.378000000000000000e+03
4.959000000000000000e+03
1.012000000000000000e+03
5.535000000000000000e+03
5.211000000000000000e+03
2.433000000000000000e+03
4.084000000000000000e+03
4.556000000000000000e+03
1.311000000000000000e+03
3.108000000000000000e+03
4.743000000000000000e+03
3.994000000000000000e+03
5.220000000000000000e+02
4.460000000000000000e+02
2.518000000000000000e+03
4.623000000000000000e+03
2.314000000000000000e+03
4.867000000000000000e+03
3.829000000000000000e+03
3.177000000000000000e+03
3.459000000000000000e+03
4.859000000000000000e+03
3.056000000000000000e+03
1.897000000000000000e+03
2.909000000000000000e+03
3.593000000000000000e+03
2.966000000000000000e+03
2.526000000000000000e+03
1.891000000000000000e+03
3.484000000000000000e+03
3.627000000000000000e+03
2.334000000000000000e+03
4.576000000000000000e+03
2.264000000000000000e+03
2.578000000000000000e+03
4.325000000000000000e+03
4.061000000000000000e+03
3.167000000000000000e+03
2.000000000000000000e+00
2.497000000000000000e+03
2.675000000000000000e+03
3.175000000000000000e+03
2.876000000000000000e+03
1.317000000000000000e+03
3.160000000000000000e+02
2.998000000000000000e+03
4.131000000000000000e+03
8.980000000000000000e+02
