4.652000000000000000e+03
4.306000000000000000e+03
3.191000000000000000e+03
2.518000000000000000e+03
1.196000000000000000e+03
3.484000000000000000e+03
4.500000000000000000e+02
2.909000000000000000e+03
4.460000000000000000e+02
1.311000000000000000e+03
4.586000000000000000e+03
2.433000000000000000e+03
4.084000000000000000e+03
3.120000000000000000e+02
3.108000000000000000e+03
3.082000000000000000e+03
3.160000000000000000e+02
5.354000000000000000e+03
3.110000000000000000e+03
3.056000000000000000e+03
3.031000000000000000e+03
1.882000000000000000e+03
4.031000000000000000e+03
2.000000000000000000e+00
5.220000000000000000e+02
2.966000000000000000e+03
3.994000000000000000e+03
5.960000000000000000e+02
2.526000000000000000e+03
2.092000000000000000e+03
8.980000000000000000e+02
5.535000000000000000e+03
4.061000000000000000e+03
1.317000000000000000e+03
4.131000000000000000e+03
2.112000000000000000e+03
3.596000000000000000e+03
2.314000000000000000e+03
3.767000000000000000e+03
5.072000000000000000e+03
5.341000000000000000e+03
4.325000000000000000e+03
2.334000000000000000e+03
7.410000000000000000e+02
4.743000000000000000e+03
3.278000000000000000e+03
1.346000000000000000e+03
2.507000000000000000e+03
1.344000000000000000e+03
4.576000000000000000e+03
