3.527000000000000000e+03
2.865000000000000000e+03
5.597000000000000000e+03
6.210000000000000000e+02
2.969000000000000000e+03
5.618000000000000000e+03
1.123000000000000000e+03
4.819000000000000000e+03
9.500000000000000000e+02
2.578000000000000000e+03
3.408000000000000000e+03
5.542000000000000000e+03
3.800000000000000000e+03
2.773000000000000000e+03
1.428000000000000000e+03
1.695000000000000000e+03
4.274000000000000000e+03
4.786000000000000000e+03
2.896000000000000000e+03
3.415000000000000000e+03
5.704000000000000000e+03
5.656000000000000000e+03
4.845000000000000000e+03
3.459000000000000000e+03
6.480000000000000000e+02
2.695000000000000000e+03
4.340000000000000000e+02
2.898000000000000000e+03
3.390000000000000000e+02
2.256000000000000000e+03
9.710000000000000000e+02
4.057000000000000000e+03
1.598000000000000000e+03
2.772000000000000000e+03
3.926000000000000000e+03
3.196000000000000000e+03
3.363000000000000000e+03
4.869000000000000000e+03
2.075000000000000000e+03
2.858000000000000000e+03
2.793000000000000000e+03
5.202000000000000000e+03
3.119000000000000000e+03
3.916000000000000000e+03
1.390000000000000000e+03
4.707000000000000000e+03
4.727000000000000000e+03
7.250000000000000000e+02
4.438000000000000000e+03
2.501000000000000000e+03
