2.419000000000000000e+03
1.261000000000000000e+03
1.050000000000000000e+02
7.720000000000000000e+02
1.509000000000000000e+03
1.026000000000000000e+03
5.040000000000000000e+02
1.236000000000000000e+03
8.010000000000000000e+02
1.683000000000000000e+03
1.655000000000000000e+03
1.011000000000000000e+03
1.237000000000000000e+03
6.110000000000000000e+02
1.681000000000000000e+03
7.200000000000000000e+02
9.060000000000000000e+02
1.194000000000000000e+03
4.700000000000000000e+02
1.235000000000000000e+03
8.280000000000000000e+02
6.980000000000000000e+02
4.490000000000000000e+02
7.760000000000000000e+02
1.231000000000000000e+03
1.805000000000000000e+03
9.620000000000000000e+02
2.970000000000000000e+02
5.550000000000000000e+02
1.682000000000000000e+03
1.233000000000000000e+03
5.880000000000000000e+02
1.411000000000000000e+03
7.250000000000000000e+02
9.690000000000000000e+02
5.580000000000000000e+02
6.380000000000000000e+02
1.788000000000000000e+03
6.670000000000000000e+02
1.234000000000000000e+03
1.279000000000000000e+03
8.540000000000000000e+02
7.730000000000000000e+02
1.175000000000000000e+03
5.030000000000000000e+02
6.950000000000000000e+02
1.738000000000000000e+03
1.238000000000000000e+03
4.110000000000000000e+02
8.290000000000000000e+02
