2.419000000000000000e+03
1.261000000000000000e+03
1.000000000000000000e+02
1.090000000000000000e+02
2.430000000000000000e+02
1.612000000000000000e+03
7.200000000000000000e+02
1.788000000000000000e+03
2.970000000000000000e+02
1.655000000000000000e+03
1.231000000000000000e+03
6.110000000000000000e+02
5.870000000000000000e+02
1.235000000000000000e+03
5.020000000000000000e+02
1.683000000000000000e+03
6.300000000000000000e+02
8.280000000000000000e+02
1.237000000000000000e+03
9.200000000000000000e+02
8.010000000000000000e+02
1.733000000000000000e+03
9.060000000000000000e+02
1.034000000000000000e+03
5.880000000000000000e+02
7.800000000000000000e+02
1.233000000000000000e+03
6.620000000000000000e+02
1.901000000000000000e+03
7.760000000000000000e+02
1.682000000000000000e+03
4.700000000000000000e+02
5.040000000000000000e+02
1.175000000000000000e+03
8.540000000000000000e+02
8.270000000000000000e+02
1.805000000000000000e+03
5.030000000000000000e+02
1.660000000000000000e+03
1.140000000000000000e+03
1.681000000000000000e+03
9.240000000000000000e+02
1.545000000000000000e+03
7.740000000000000000e+02
6.950000000000000000e+02
1.790000000000000000e+03
1.011000000000000000e+03
1.238000000000000000e+03
8.920000000000000000e+02
1.570000000000000000e+03
