1.120100000000000000e+04
6.030000000000000000e+03
9.406000000000000000e+03
9.052000000000000000e+03
1.804000000000000000e+03
1.133600000000000000e+04
4.516000000000000000e+03
1.700000000000000000e+03
7.111000000000000000e+03
3.409000000000000000e+03
3.662000000000000000e+03
1.191800000000000000e+04
8.890000000000000000e+03
2.091000000000000000e+03
4.000000000000000000e+01
1.017800000000000000e+04
1.188800000000000000e+04
8.525000000000000000e+03
7.110000000000000000e+03
3.563000000000000000e+03
1.999000000000000000e+03
1.800000000000000000e+02
1.263000000000000000e+03
8.210000000000000000e+02
1.776000000000000000e+03
4.594000000000000000e+03
6.445000000000000000e+03
2.523000000000000000e+03
5.475000000000000000e+03
2.010000000000000000e+03
9.322000000000000000e+03
6.316000000000000000e+03
5.826000000000000000e+03
3.308000000000000000e+03
5.778000000000000000e+03
1.055700000000000000e+04
1.251000000000000000e+04
1.087400000000000000e+04
6.218000000000000000e+03
1.214400000000000000e+04
4.644000000000000000e+03
7.994000000000000000e+03
5.278000000000000000e+03
4.149000000000000000e+03
7.643000000000000000e+03
7.189000000000000000e+03
4.228000000000000000e+03
1.026100000000000000e+04
7.580000000000000000e+02
4.439000000000000000e+03
