[1, 6, 7, 10, 16, 18, 19, 20, 21, 22, 23, 24, 25, 26, 27, 28, 29, 31, 33, 34, 35, 36, 41, 43, 45, 46, 50, 52, 53, 54, 55, 60, 61, 62, 63, 65, 66, 67, 69, 73, 75, 79, 81, 82, 83, 84, 86, 87, 89, ]
[7, 8, 9, 12, 18, 19, 21, 24, 26, 27, 28, 29, 34, 35, 36, 39, 41, 45, 46, 49, 53, 57, 58, 63, 67, 68, 71, 72, 79, 80, 81, 83, 85, 86, 87, 89, ]
[1, 3, 5, 6, 7, 8, 10, 13, 21, 23, 24, 25, 26, 27, 29, 31, 33, 34, 35, 37, 40, 42, 50, 51, 53, 55, 57, 58, 59, 66, 67, 70, 73, 75, 77, 79, 81, 82, 86, 87, 88, 89, ]
[4, 11, 16, 17, 20, 23, 25, 33, 34, 35, 38, 39, 41, 43, 47, 52, 55, 57, 70, 75, 82, 87, ]
[1, 4, 5, 7, 9, 11, 14, 15, 16, 19, 22, 27, 30, 35, 47, 52, 62, 66, 68, 75, 87, 89, ]
[0, 6, 7, 13, 14, 18, 19, 21, 25, 27, 29, 30, 32, 33, 37, 38, 40, 45, 48, 52, 53, 55, 57, 59, 61, 63, 65, 67, 69, 74, 75, 77, 78, 82, 84, 88, ]
[5, 6, 7, 8, 10, 16, 18, 20, 23, 26, 27, 29, 31, 36, 38, 39, 40, 41, 43, 48, 49, 53, 63, 65, 68, 71, 75, 78, 79, 81, 82, 83, 84, 85, 86, 87, 88, 89, ]
[0, 7, 9, 14, 17, 19, 21, 23, 24, 25, 27, 29, 30, 31, 32, 33, 40, 41, 42, 44, 47, 51, 66, 68, 70, 81, 82, 84, 87, ]
[5, 8, 10, 13, 18, 19, 21, 24, 25, 26, 27, 28, 29, 30, 33, 41, 42, 45, 50, 54, 64, 65, 75, 77, 79, 82, 83, 85, ]
[5, 8, 13, 15, 18, 22, 26, 29, 34, 37, 38, 43, 46, 48, 50, 53, 54, 60, 62, 65, 69, 75, 78, 81, 86, 87, 88, 89, ]
[0, 3, 4, 6, 7, 13, 18, 19, 21, 23, 27, 29, 30, 31, 32, 34, 35, 37, 41, 46, 47, 51, 53, 59, 60, 61, 63, 64, 67, 71, 79, 80, 81, 83, 84, 86, 87, 88, 89, ]
[2, 3, 4, 6, 7, 8, 9, 12, 15, 18, 27, 30, 31, 32, 33, 40, 44, 45, 47, 48, 49, 51, 52, 55, 57, 60, 62, 65, 66, 67, 70, 72, 76, 77, 80, 83, 84, 86, 88, 89, ]
[0, 1, 3, 5, 7, 9, 10, 13, 20, 21, 22, 23, 28, 31, 33, 34, 35, 36, 37, 40, 43, 45, 49, 50, 53, 55, 58, 66, 67, 68, 69, 70, 71, 72, 73, 77, 79, 80, 81, 83, 86, 87, 89, ]
[0, 3, 4, 6, 8, 11, 13, 15, 16, 20, 23, 24, 25, 27, 29, 35, 41, 43, 46, 49, 51, 54, 55, 56, 59, 61, 62, 63, 64, 65, 71, 74, 75, 82, 85, 86, 88, ]
[3, 8, 10, 11, 12, 13, 14, 15, 24, 26, 27, 30, 34, 41, 43, 49, 50, 51, 55, 57, 59, 61, 63, 64, 65, 66, 67, 71, 75, 76, 81, ]