9.100000000000000000e+01
5.000000000000000000e+00
7.300000000000000000e+01
1.140000000000000000e+02
7.900000000000000000e+01
5.900000000000000000e+01
7.200000000000000000e+01
5.300000000000000000e+01
8.900000000000000000e+01
1.300000000000000000e+01
2.300000000000000000e+01
1.000000000000000000e+01
2.900000000000000000e+01
4.800000000000000000e+01
2.100000000000000000e+01
1.580000000000000000e+02
7.400000000000000000e+01
4.400000000000000000e+01
1.210000000000000000e+02
1.070000000000000000e+02
1.400000000000000000e+01
1.180000000000000000e+02
1.200000000000000000e+02
4.500000000000000000e+01
8.400000000000000000e+01
8.800000000000000000e+01
6.300000000000000000e+01
1.020000000000000000e+02
1.530000000000000000e+02
1.430000000000000000e+02
3.300000000000000000e+01
1.080000000000000000e+02
3.800000000000000000e+01
2.400000000000000000e+01
8.500000000000000000e+01
1.090000000000000000e+02
1.600000000000000000e+01
2.000000000000000000e+00
1.800000000000000000e+01
7.000000000000000000e+00
2.000000000000000000e+01
1.360000000000000000e+02
1.330000000000000000e+02
1.190000000000000000e+02
6.000000000000000000e+00
7.000000000000000000e+01
1.100000000000000000e+02
3.100000000000000000e+01
6.800000000000000000e+01
2.500000000000000000e+01
