4.191000000000000000e+03
9.549000000000000000e+03
2.451000000000000000e+03
1.288000000000000000e+03
7.231000000000000000e+03
2.190000000000000000e+02
7.556000000000000000e+03
2.636000000000000000e+03
3.982000000000000000e+03
2.176000000000000000e+03
2.357000000000000000e+03
1.882000000000000000e+03
7.074000000000000000e+03
2.142000000000000000e+03
5.004000000000000000e+03
5.119000000000000000e+03
9.541000000000000000e+03
8.322000000000000000e+03
9.274000000000000000e+03
5.219000000000000000e+03
3.507000000000000000e+03
5.186000000000000000e+03
6.427000000000000000e+03
2.163000000000000000e+03
4.197000000000000000e+03
7.635000000000000000e+03
6.685000000000000000e+03
9.134000000000000000e+03
7.259000000000000000e+03
3.652000000000000000e+03
2.914000000000000000e+03
6.522000000000000000e+03
2.255000000000000000e+03
3.220000000000000000e+03
1.054000000000000000e+03
5.604000000000000000e+03
9.377000000000000000e+03
9.992000000000000000e+03
3.160000000000000000e+03
9.275000000000000000e+03
2.850000000000000000e+03
2.979000000000000000e+03
1.567000000000000000e+03
5.646000000000000000e+03
8.377000000000000000e+03
5.994000000000000000e+03
6.852000000000000000e+03
6.407000000000000000e+03
8.501000000000000000e+03
9.567000000000000000e+03
