1.870000000000000000e+03
3.912000000000000000e+03
2.172000000000000000e+03
2.446000000000000000e+03
3.817000000000000000e+03
7.380000000000000000e+02
3.158000000000000000e+03
4.156000000000000000e+03
2.141000000000000000e+03
4.358000000000000000e+03
2.292000000000000000e+03
1.761000000000000000e+03
2.910000000000000000e+02
8.460000000000000000e+02
2.801000000000000000e+03
8.500000000000000000e+01
1.188000000000000000e+03
2.329000000000000000e+03
1.260000000000000000e+03
1.014000000000000000e+03
2.932000000000000000e+03
3.729000000000000000e+03
1.878000000000000000e+03
2.465000000000000000e+03
8.640000000000000000e+02
3.466000000000000000e+03
9.750000000000000000e+02
3.307000000000000000e+03
1.485000000000000000e+03
4.204000000000000000e+03
3.521000000000000000e+03
3.077000000000000000e+03
5.370000000000000000e+02
9.680000000000000000e+02
3.786000000000000000e+03
3.600000000000000000e+01
2.666000000000000000e+03
1.500000000000000000e+02
3.243000000000000000e+03
3.490000000000000000e+03
6.250000000000000000e+02
2.664000000000000000e+03
4.290000000000000000e+02
3.326000000000000000e+03
2.403000000000000000e+03
1.950000000000000000e+03
1.194000000000000000e+03
1.813000000000000000e+03
2.870000000000000000e+03
9.840000000000000000e+02
