1.870000000000000000e+03
4.050000000000000000e+02
2.847000000000000000e+03
3.859000000000000000e+03
3.158000000000000000e+03
1.214000000000000000e+03
1.190000000000000000e+03
2.171000000000000000e+03
6.700000000000000000e+02
3.912000000000000000e+03
4.425000000000000000e+03
2.910000000000000000e+02
3.817000000000000000e+03
1.194000000000000000e+03
4.156000000000000000e+03
1.720000000000000000e+03
8.640000000000000000e+02
8.370000000000000000e+02
1.014000000000000000e+03
2.292000000000000000e+03
8.500000000000000000e+01
9.840000000000000000e+02
1.813000000000000000e+03
1.411000000000000000e+03
1.544000000000000000e+03
2.794000000000000000e+03
3.671000000000000000e+03
2.471000000000000000e+03
7.380000000000000000e+02
3.423000000000000000e+03
1.978000000000000000e+03
3.729000000000000000e+03
2.131000000000000000e+03
4.330000000000000000e+03
3.790000000000000000e+02
2.329000000000000000e+03
1.417000000000000000e+03
2.401000000000000000e+03
2.403000000000000000e+03
9.580000000000000000e+02
3.307000000000000000e+03
3.466000000000000000e+03
1.077000000000000000e+03
3.614000000000000000e+03
3.488000000000000000e+03
1.290000000000000000e+02
7.550000000000000000e+02
4.114000000000000000e+03
4.345000000000000000e+03
3.337000000000000000e+03
