3.527000000000000000e+03
2.865000000000000000e+03
1.983000000000000000e+03
4.073000000000000000e+03
6.630000000000000000e+02
3.873000000000000000e+03
5.371000000000000000e+03
1.947000000000000000e+03
2.192000000000000000e+03
2.095000000000000000e+03
1.083000000000000000e+03
1.276000000000000000e+03
1.168000000000000000e+03
3.601000000000000000e+03
5.299000000000000000e+03
1.220000000000000000e+03
2.540000000000000000e+03
9.990000000000000000e+02
1.302000000000000000e+03
4.048000000000000000e+03
2.446000000000000000e+03
2.598000000000000000e+03
2.572000000000000000e+03
3.783000000000000000e+03
3.709000000000000000e+03
1.902000000000000000e+03
2.203000000000000000e+03
3.789000000000000000e+03
1.200000000000000000e+02
4.429000000000000000e+03
1.648000000000000000e+03
1.365000000000000000e+03
3.983000000000000000e+03
1.750000000000000000e+03
5.526000000000000000e+03
5.213000000000000000e+03
4.338000000000000000e+03
4.197000000000000000e+03
2.266000000000000000e+03
4.569000000000000000e+03
2.915000000000000000e+03
9.080000000000000000e+02
5.426000000000000000e+03
1.555000000000000000e+03
4.436000000000000000e+03
2.052000000000000000e+03
2.861000000000000000e+03
1.400000000000000000e+02
1.945000000000000000e+03
2.821000000000000000e+03
