3.527000000000000000e+03
4.073000000000000000e+03
4.436000000000000000e+03
5.213000000000000000e+03
1.983000000000000000e+03
1.220000000000000000e+03
3.601000000000000000e+03
2.095000000000000000e+03
5.371000000000000000e+03
1.083000000000000000e+03
2.540000000000000000e+03
4.569000000000000000e+03
5.299000000000000000e+03
6.630000000000000000e+02
1.947000000000000000e+03
1.168000000000000000e+03
3.783000000000000000e+03
1.276000000000000000e+03
7.410000000000000000e+02
1.200000000000000000e+02
2.192000000000000000e+03
3.945000000000000000e+03
1.365000000000000000e+03
6.810000000000000000e+02
1.400000000000000000e+02
2.446000000000000000e+03
2.203000000000000000e+03
2.861000000000000000e+03
9.080000000000000000e+02
9.990000000000000000e+02
2.865000000000000000e+03
1.902000000000000000e+03
4.197000000000000000e+03
5.074000000000000000e+03
2.915000000000000000e+03
2.572000000000000000e+03
5.139000000000000000e+03
1.750000000000000000e+03
1.648000000000000000e+03
4.429000000000000000e+03
2.431000000000000000e+03
5.084000000000000000e+03
5.654000000000000000e+03
3.744000000000000000e+03
8.560000000000000000e+02
1.727000000000000000e+03
1.461000000000000000e+03
6.640000000000000000e+02
1.555000000000000000e+03
9.160000000000000000e+02
