5.000000000000000000e+01
2.570000000000000000e+02
2.680000000000000000e+02
4.290000000000000000e+02
8.000000000000000000e+00
3.180000000000000000e+02
2.400000000000000000e+01
2.110000000000000000e+02
1.970000000000000000e+02
3.980000000000000000e+02
1.300000000000000000e+01
2.600000000000000000e+01
3.770000000000000000e+02
3.360000000000000000e+02
4.440000000000000000e+02
2.200000000000000000e+01
1.570000000000000000e+02
4.160000000000000000e+02
2.500000000000000000e+01
6.200000000000000000e+01
8.900000000000000000e+01
4.110000000000000000e+02
3.900000000000000000e+02
6.100000000000000000e+01
6.400000000000000000e+01
4.100000000000000000e+02
1.540000000000000000e+02
3.400000000000000000e+01
3.410000000000000000e+02
2.300000000000000000e+01
8.600000000000000000e+01
2.620000000000000000e+02
3.500000000000000000e+02
1.050000000000000000e+02
4.000000000000000000e+01
1.500000000000000000e+01
8.100000000000000000e+01
3.470000000000000000e+02
1.920000000000000000e+02
1.400000000000000000e+01
2.810000000000000000e+02
4.200000000000000000e+01
1.200000000000000000e+01
2.260000000000000000e+02
1.790000000000000000e+02
2.010000000000000000e+02
1.600000000000000000e+02
3.500000000000000000e+01
3.350000000000000000e+02
2.700000000000000000e+01
