9.020000000000000000e+02
1.275000000000000000e+03
7.480000000000000000e+02
2.650000000000000000e+02
3.240000000000000000e+02
2.640000000000000000e+02
4.440000000000000000e+02
5.040000000000000000e+02
1.215000000000000000e+03
6.290000000000000000e+02
6.890000000000000000e+02
5.690000000000000000e+02
5.090000000000000000e+02
6.280000000000000000e+02
6.880000000000000000e+02
7.470000000000000000e+02
2.050000000000000000e+02
2.610000000000000000e+02
3.210000000000000000e+02
2.620000000000000000e+02
2.000000000000000000e+02
1.400000000000000000e+02
1.335000000000000000e+03
1.700000000000000000e+01
1.156000000000000000e+03
4.900000000000000000e+01
4.800000000000000000e+01
4.700000000000000000e+01
1.800000000000000000e+02
8.080000000000000000e+02
7.490000000000000000e+02
1.200000000000000000e+02
3.870000000000000000e+02
4.470000000000000000e+02
4.460000000000000000e+02
5.070000000000000000e+02
5.680000000000000000e+02
5.080000000000000000e+02
4.480000000000000000e+02
4.490000000000000000e+02
3.880000000000000000e+02
3.890000000000000000e+02
1.889000000000000000e+03
1.709000000000000000e+03
1.769000000000000000e+03
2.007000000000000000e+03
1.947000000000000000e+03
1.887000000000000000e+03
1.827000000000000000e+03
1.767000000000000000e+03
