9.020000000000000000e+02
1.157000000000000000e+03
4.900000000000000000e+01
4.800000000000000000e+01
4.700000000000000000e+01
7.480000000000000000e+02
2.650000000000000000e+02
2.640000000000000000e+02
3.240000000000000000e+02
3.840000000000000000e+02
4.440000000000000000e+02
5.040000000000000000e+02
1.335000000000000000e+03
1.520000000000000000e+02
9.300000000000000000e+01
9.200000000000000000e+01
1.275000000000000000e+03
3.870000000000000000e+02
3.250000000000000000e+02
2.050000000000000000e+02
4.460000000000000000e+02
4.470000000000000000e+02
5.070000000000000000e+02
3.860000000000000000e+02
1.215000000000000000e+03
1.155000000000000000e+03
1.035000000000000000e+03
8.080000000000000000e+02
7.490000000000000000e+02
6.890000000000000000e+02
6.290000000000000000e+02
5.690000000000000000e+02
5.090000000000000000e+02
4.490000000000000000e+02
3.880000000000000000e+02
3.890000000000000000e+02
5.100000000000000000e+02
5.700000000000000000e+02
6.300000000000000000e+02
6.900000000000000000e+02
7.500000000000000000e+02
8.100000000000000000e+02
6.310000000000000000e+02
1.156000000000000000e+03
9.750000000000000000e+02
1.096000000000000000e+03
1.276000000000000000e+03
2.123000000000000000e+03
1.216000000000000000e+03
1.800000000000000000e+02
