5.606000000000000000e+03
4.162000000000000000e+03
4.000000000000000000e+00
5.000000000000000000e+00
1.100000000000000000e+01
1.600000000000000000e+01
1.700000000000000000e+01
2.100000000000000000e+01
2.200000000000000000e+01
2.400000000000000000e+01
2.700000000000000000e+01
2.900000000000000000e+01
3.200000000000000000e+01
3.500000000000000000e+01
3.800000000000000000e+01
3.900000000000000000e+01
4.100000000000000000e+01
4.400000000000000000e+01
5.500000000000000000e+01
5.600000000000000000e+01
5.800000000000000000e+01
7.100000000000000000e+01
7.200000000000000000e+01
7.300000000000000000e+01
7.500000000000000000e+01
7.600000000000000000e+01
7.700000000000000000e+01
8.500000000000000000e+01
8.800000000000000000e+01
8.900000000000000000e+01
9.600000000000000000e+01
9.900000000000000000e+01
1.020000000000000000e+02
1.050000000000000000e+02
1.140000000000000000e+02
1.150000000000000000e+02
1.170000000000000000e+02
1.220000000000000000e+02
1.300000000000000000e+02
1.360000000000000000e+02
1.400000000000000000e+02
1.440000000000000000e+02
1.500000000000000000e+02
1.570000000000000000e+02
1.580000000000000000e+02
1.720000000000000000e+02
1.750000000000000000e+02
1.800000000000000000e+02
1.810000000000000000e+02
1.820000000000000000e+02
1.850000000000000000e+02
1.910000000000000000e+02
1.950000000000000000e+02
1.960000000000000000e+02
2.050000000000000000e+02
2.060000000000000000e+02
2.070000000000000000e+02
2.100000000000000000e+02
2.240000000000000000e+02
2.260000000000000000e+02
2.380000000000000000e+02
2.390000000000000000e+02
2.460000000000000000e+02
2.510000000000000000e+02
2.550000000000000000e+02
2.580000000000000000e+02
2.650000000000000000e+02
2.690000000000000000e+02
2.710000000000000000e+02
2.720000000000000000e+02
2.740000000000000000e+02
2.780000000000000000e+02
2.820000000000000000e+02
2.920000000000000000e+02
2.930000000000000000e+02
2.990000000000000000e+02
3.100000000000000000e+02
3.110000000000000000e+02
3.170000000000000000e+02
3.210000000000000000e+02
3.220000000000000000e+02
3.250000000000000000e+02
3.280000000000000000e+02
3.330000000000000000e+02
3.350000000000000000e+02
3.370000000000000000e+02
3.380000000000000000e+02
3.400000000000000000e+02
3.430000000000000000e+02
3.510000000000000000e+02
3.640000000000000000e+02
3.770000000000000000e+02
3.790000000000000000e+02
3.820000000000000000e+02
3.850000000000000000e+02
3.860000000000000000e+02
3.870000000000000000e+02
3.960000000000000000e+02
3.990000000000000000e+02
4.010000000000000000e+02
4.030000000000000000e+02
4.060000000000000000e+02
4.100000000000000000e+02
4.130000000000000000e+02
4.140000000000000000e+02
4.180000000000000000e+02
4.380000000000000000e+02
4.400000000000000000e+02
4.460000000000000000e+02
4.540000000000000000e+02
4.570000000000000000e+02
4.580000000000000000e+02
4.600000000000000000e+02
4.610000000000000000e+02
4.690000000000000000e+02
4.770000000000000000e+02
4.900000000000000000e+02
4.960000000000000000e+02
4.980000000000000000e+02
4.990000000000000000e+02
5.000000000000000000e+02
5.030000000000000000e+02
5.050000000000000000e+02
5.170000000000000000e+02
5.180000000000000000e+02
5.190000000000000000e+02
5.240000000000000000e+02
5.410000000000000000e+02
5.490000000000000000e+02
5.510000000000000000e+02
5.530000000000000000e+02
5.540000000000000000e+02
5.590000000000000000e+02
5.670000000000000000e+02
5.710000000000000000e+02
5.790000000000000000e+02
6.020000000000000000e+02
6.040000000000000000e+02
6.060000000000000000e+02
6.070000000000000000e+02
6.100000000000000000e+02
6.150000000000000000e+02
6.160000000000000000e+02
6.190000000000000000e+02
6.200000000000000000e+02
6.220000000000000000e+02
6.230000000000000000e+02
6.400000000000000000e+02
6.420000000000000000e+02
6.440000000000000000e+02
6.450000000000000000e+02
6.470000000000000000e+02
6.540000000000000000e+02
6.570000000000000000e+02
6.640000000000000000e+02
6.650000000000000000e+02
6.660000000000000000e+02
6.750000000000000000e+02
6.770000000000000000e+02
6.870000000000000000e+02
6.890000000000000000e+02
6.900000000000000000e+02
6.960000000000000000e+02
6.970000000000000000e+02
7.020000000000000000e+02
7.040000000000000000e+02
7.120000000000000000e+02
7.130000000000000000e+02
7.140000000000000000e+02
7.200000000000000000e+02
7.210000000000000000e+02
7.220000000000000000e+02
7.230000000000000000e+02
7.280000000000000000e+02
7.320000000000000000e+02
7.350000000000000000e+02
7.410000000000000000e+02
7.460000000000000000e+02
7.530000000000000000e+02
7.550000000000000000e+02
7.600000000000000000e+02
7.620000000000000000e+02
7.660000000000000000e+02
7.680000000000000000e+02
7.850000000000000000e+02
7.870000000000000000e+02
7.910000000000000000e+02
7.920000000000000000e+02
7.930000000000000000e+02
7.970000000000000000e+02
8.010000000000000000e+02
8.020000000000000000e+02
8.040000000000000000e+02
8.060000000000000000e+02
8.130000000000000000e+02
8.140000000000000000e+02
8.150000000000000000e+02
8.160000000000000000e+02
8.220000000000000000e+02
8.270000000000000000e+02
8.330000000000000000e+02
8.350000000000000000e+02
8.390000000000000000e+02
8.410000000000000000e+02
8.440000000000000000e+02
8.460000000000000000e+02
8.570000000000000000e+02
8.580000000000000000e+02
8.590000000000000000e+02
8.630000000000000000e+02
8.680000000000000000e+02
8.700000000000000000e+02
8.750000000000000000e+02
8.870000000000000000e+02
8.880000000000000000e+02
8.980000000000000000e+02
9.020000000000000000e+02
9.050000000000000000e+02
9.060000000000000000e+02
9.070000000000000000e+02
9.080000000000000000e+02
9.110000000000000000e+02
9.240000000000000000e+02
9.250000000000000000e+02
9.260000000000000000e+02
9.330000000000000000e+02
9.380000000000000000e+02
9.400000000000000000e+02
9.460000000000000000e+02
9.470000000000000000e+02
9.500000000000000000e+02
9.560000000000000000e+02
9.700000000000000000e+02
9.710000000000000000e+02
9.720000000000000000e+02
9.740000000000000000e+02
9.750000000000000000e+02
9.780000000000000000e+02
9.830000000000000000e+02
9.840000000000000000e+02
9.860000000000000000e+02
9.890000000000000000e+02
9.940000000000000000e+02
9.960000000000000000e+02
9.970000000000000000e+02
9.980000000000000000e+02
1.003000000000000000e+03
1.007000000000000000e+03
1.008000000000000000e+03
1.011000000000000000e+03
1.015000000000000000e+03
1.016000000000000000e+03
1.018000000000000000e+03
1.023000000000000000e+03
1.033000000000000000e+03
1.047000000000000000e+03
1.048000000000000000e+03
1.049000000000000000e+03
1.052000000000000000e+03
1.058000000000000000e+03
1.060000000000000000e+03
1.061000000000000000e+03
1.063000000000000000e+03
1.064000000000000000e+03
1.072000000000000000e+03
1.074000000000000000e+03
1.088000000000000000e+03
1.089000000000000000e+03
1.091000000000000000e+03
1.122000000000000000e+03
1.127000000000000000e+03
1.134000000000000000e+03
1.135000000000000000e+03
1.137000000000000000e+03
1.141000000000000000e+03
1.142000000000000000e+03
1.144000000000000000e+03
1.145000000000000000e+03
1.146000000000000000e+03
1.149000000000000000e+03
1.156000000000000000e+03
1.158000000000000000e+03
1.161000000000000000e+03
1.162000000000000000e+03
1.167000000000000000e+03
1.177000000000000000e+03
1.179000000000000000e+03
1.183000000000000000e+03
1.191000000000000000e+03
1.194000000000000000e+03
1.210000000000000000e+03
1.215000000000000000e+03
1.218000000000000000e+03
1.230000000000000000e+03
1.233000000000000000e+03
1.238000000000000000e+03
1.243000000000000000e+03
1.247000000000000000e+03
1.249000000000000000e+03
1.251000000000000000e+03
1.255000000000000000e+03
1.262000000000000000e+03
1.266000000000000000e+03
1.267000000000000000e+03
1.271000000000000000e+03
1.272000000000000000e+03
1.276000000000000000e+03
1.283000000000000000e+03
1.286000000000000000e+03
1.287000000000000000e+03
1.293000000000000000e+03
1.294000000000000000e+03
1.299000000000000000e+03
1.309000000000000000e+03
1.311000000000000000e+03
1.312000000000000000e+03
1.320000000000000000e+03
1.323000000000000000e+03
1.330000000000000000e+03
1.331000000000000000e+03
1.336000000000000000e+03
1.337000000000000000e+03
1.344000000000000000e+03
1.346000000000000000e+03
1.350000000000000000e+03
1.353000000000000000e+03
1.359000000000000000e+03
1.363000000000000000e+03
1.364000000000000000e+03
1.366000000000000000e+03
1.369000000000000000e+03
1.371000000000000000e+03
1.372000000000000000e+03
1.374000000000000000e+03
1.376000000000000000e+03
1.378000000000000000e+03
1.379000000000000000e+03
1.387000000000000000e+03
1.392000000000000000e+03
1.400000000000000000e+03
1.403000000000000000e+03
1.408000000000000000e+03
1.409000000000000000e+03
1.411000000000000000e+03
1.413000000000000000e+03
1.416000000000000000e+03
1.434000000000000000e+03
1.440000000000000000e+03
1.441000000000000000e+03
1.442000000000000000e+03
1.443000000000000000e+03
1.447000000000000000e+03
1.451000000000000000e+03
1.452000000000000000e+03
1.454000000000000000e+03
1.464000000000000000e+03
1.472000000000000000e+03
1.474000000000000000e+03
1.478000000000000000e+03
1.481000000000000000e+03
1.482000000000000000e+03
1.487000000000000000e+03
1.490000000000000000e+03
1.494000000000000000e+03
1.496000000000000000e+03
1.500000000000000000e+03
1.502000000000000000e+03
1.509000000000000000e+03
1.512000000000000000e+03
1.513000000000000000e+03
1.517000000000000000e+03
1.518000000000000000e+03
1.520000000000000000e+03
1.521000000000000000e+03
1.527000000000000000e+03
1.530000000000000000e+03
1.533000000000000000e+03
1.534000000000000000e+03
1.544000000000000000e+03
1.551000000000000000e+03
1.555000000000000000e+03
1.557000000000000000e+03
1.563000000000000000e+03
1.565000000000000000e+03
1.568000000000000000e+03
1.570000000000000000e+03
1.578000000000000000e+03
1.582000000000000000e+03
1.590000000000000000e+03
1.597000000000000000e+03
1.602000000000000000e+03
1.604000000000000000e+03
1.620000000000000000e+03
1.623000000000000000e+03
1.628000000000000000e+03
1.629000000000000000e+03
1.632000000000000000e+03
1.637000000000000000e+03
1.641000000000000000e+03
1.645000000000000000e+03
1.652000000000000000e+03
1.653000000000000000e+03
1.654000000000000000e+03
1.656000000000000000e+03
1.664000000000000000e+03
1.667000000000000000e+03
1.672000000000000000e+03
1.680000000000000000e+03
1.682000000000000000e+03
1.688000000000000000e+03
1.690000000000000000e+03
1.693000000000000000e+03
1.694000000000000000e+03
1.695000000000000000e+03
1.697000000000000000e+03
1.698000000000000000e+03
1.699000000000000000e+03
1.703000000000000000e+03
1.709000000000000000e+03
1.711000000000000000e+03
1.714000000000000000e+03
1.715000000000000000e+03
1.717000000000000000e+03
1.724000000000000000e+03
1.731000000000000000e+03
1.735000000000000000e+03
1.738000000000000000e+03
1.743000000000000000e+03
1.745000000000000000e+03
1.755000000000000000e+03
1.757000000000000000e+03
1.760000000000000000e+03
1.761000000000000000e+03
1.767000000000000000e+03
1.769000000000000000e+03
1.771000000000000000e+03
1.774000000000000000e+03
1.781000000000000000e+03
1.783000000000000000e+03
1.789000000000000000e+03
1.795000000000000000e+03
1.796000000000000000e+03
1.797000000000000000e+03
1.801000000000000000e+03
1.808000000000000000e+03
1.813000000000000000e+03
1.817000000000000000e+03
1.822000000000000000e+03
1.823000000000000000e+03
1.824000000000000000e+03
1.829000000000000000e+03
1.830000000000000000e+03
1.841000000000000000e+03
1.843000000000000000e+03
1.844000000000000000e+03
1.850000000000000000e+03
1.852000000000000000e+03
1.853000000000000000e+03
1.854000000000000000e+03
1.859000000000000000e+03
1.861000000000000000e+03
1.862000000000000000e+03
1.869000000000000000e+03
1.871000000000000000e+03
1.872000000000000000e+03
1.876000000000000000e+03
1.881000000000000000e+03
1.882000000000000000e+03
1.885000000000000000e+03
1.889000000000000000e+03
1.890000000000000000e+03
1.891000000000000000e+03
1.892000000000000000e+03
1.897000000000000000e+03
1.898000000000000000e+03
1.899000000000000000e+03
1.901000000000000000e+03
1.902000000000000000e+03
1.906000000000000000e+03
1.908000000000000000e+03
1.912000000000000000e+03
1.918000000000000000e+03
1.921000000000000000e+03
1.922000000000000000e+03
1.925000000000000000e+03
1.928000000000000000e+03
1.935000000000000000e+03
1.938000000000000000e+03
1.939000000000000000e+03
1.940000000000000000e+03
1.941000000000000000e+03
1.942000000000000000e+03
1.944000000000000000e+03
1.951000000000000000e+03
1.957000000000000000e+03
1.962000000000000000e+03
1.964000000000000000e+03
1.968000000000000000e+03
1.969000000000000000e+03
1.971000000000000000e+03
1.975000000000000000e+03
1.976000000000000000e+03
1.977000000000000000e+03
1.983000000000000000e+03
1.984000000000000000e+03
1.985000000000000000e+03
1.991000000000000000e+03
1.993000000000000000e+03
2.002000000000000000e+03
2.004000000000000000e+03
2.012000000000000000e+03
2.014000000000000000e+03
2.022000000000000000e+03
2.028000000000000000e+03
2.031000000000000000e+03
2.032000000000000000e+03
2.033000000000000000e+03
2.034000000000000000e+03
2.037000000000000000e+03
2.040000000000000000e+03
2.041000000000000000e+03
2.051000000000000000e+03
2.053000000000000000e+03
2.054000000000000000e+03
2.055000000000000000e+03
2.058000000000000000e+03
2.060000000000000000e+03
2.061000000000000000e+03
2.065000000000000000e+03
2.066000000000000000e+03
2.067000000000000000e+03
2.068000000000000000e+03
2.072000000000000000e+03
2.074000000000000000e+03
2.075000000000000000e+03
2.076000000000000000e+03
2.081000000000000000e+03
2.086000000000000000e+03
2.088000000000000000e+03
2.090000000000000000e+03
2.093000000000000000e+03
2.094000000000000000e+03
2.098000000000000000e+03
2.102000000000000000e+03
2.105000000000000000e+03
2.106000000000000000e+03
2.107000000000000000e+03
2.109000000000000000e+03
2.111000000000000000e+03
2.115000000000000000e+03
2.116000000000000000e+03
2.117000000000000000e+03
2.119000000000000000e+03
2.124000000000000000e+03
2.126000000000000000e+03
2.127000000000000000e+03
2.128000000000000000e+03
2.130000000000000000e+03
2.132000000000000000e+03
2.133000000000000000e+03
2.136000000000000000e+03
2.144000000000000000e+03
2.148000000000000000e+03
2.154000000000000000e+03
2.164000000000000000e+03
2.168000000000000000e+03
2.171000000000000000e+03
2.172000000000000000e+03
2.177000000000000000e+03
2.181000000000000000e+03
2.184000000000000000e+03
2.188000000000000000e+03
2.189000000000000000e+03
2.192000000000000000e+03
2.196000000000000000e+03
2.203000000000000000e+03
2.208000000000000000e+03
2.209000000000000000e+03
2.210000000000000000e+03
2.213000000000000000e+03
2.215000000000000000e+03
2.223000000000000000e+03
2.225000000000000000e+03
2.235000000000000000e+03
2.237000000000000000e+03
2.238000000000000000e+03
2.239000000000000000e+03
2.240000000000000000e+03
2.242000000000000000e+03
2.243000000000000000e+03
2.248000000000000000e+03
2.250000000000000000e+03
2.264000000000000000e+03
2.266000000000000000e+03
2.268000000000000000e+03
2.270000000000000000e+03
2.273000000000000000e+03
2.281000000000000000e+03
2.284000000000000000e+03
2.288000000000000000e+03
2.290000000000000000e+03
2.294000000000000000e+03
2.295000000000000000e+03
2.297000000000000000e+03
2.302000000000000000e+03
2.303000000000000000e+03
2.304000000000000000e+03
2.306000000000000000e+03
2.312000000000000000e+03
2.324000000000000000e+03
2.332000000000000000e+03
2.349000000000000000e+03
2.350000000000000000e+03
2.360000000000000000e+03
2.370000000000000000e+03
2.373000000000000000e+03
2.375000000000000000e+03
2.377000000000000000e+03
2.380000000000000000e+03
2.387000000000000000e+03
2.391000000000000000e+03
2.394000000000000000e+03
2.401000000000000000e+03
2.405000000000000000e+03
2.407000000000000000e+03
2.410000000000000000e+03
2.412000000000000000e+03
2.414000000000000000e+03
2.416000000000000000e+03
2.418000000000000000e+03
2.419000000000000000e+03
2.420000000000000000e+03
2.421000000000000000e+03
2.422000000000000000e+03
2.429000000000000000e+03
2.434000000000000000e+03
2.439000000000000000e+03
2.445000000000000000e+03
2.447000000000000000e+03
2.448000000000000000e+03
2.453000000000000000e+03
2.454000000000000000e+03
2.458000000000000000e+03
2.459000000000000000e+03
2.460000000000000000e+03
2.463000000000000000e+03
2.468000000000000000e+03
2.471000000000000000e+03
2.473000000000000000e+03
2.479000000000000000e+03
2.480000000000000000e+03
2.481000000000000000e+03
2.483000000000000000e+03
2.484000000000000000e+03
2.494000000000000000e+03
2.495000000000000000e+03
2.498000000000000000e+03
2.499000000000000000e+03
2.501000000000000000e+03
2.502000000000000000e+03
2.504000000000000000e+03
2.519000000000000000e+03
2.521000000000000000e+03
2.528000000000000000e+03
2.533000000000000000e+03
2.541000000000000000e+03
2.543000000000000000e+03
2.544000000000000000e+03
2.546000000000000000e+03
2.547000000000000000e+03
2.549000000000000000e+03
2.552000000000000000e+03
2.558000000000000000e+03
2.560000000000000000e+03
2.563000000000000000e+03
2.572000000000000000e+03
2.575000000000000000e+03
2.577000000000000000e+03
2.579000000000000000e+03
2.581000000000000000e+03
2.584000000000000000e+03
2.591000000000000000e+03
2.593000000000000000e+03
2.595000000000000000e+03
2.600000000000000000e+03
2.603000000000000000e+03
2.606000000000000000e+03
2.608000000000000000e+03
2.614000000000000000e+03
2.619000000000000000e+03
2.621000000000000000e+03
2.625000000000000000e+03
2.629000000000000000e+03
2.644000000000000000e+03
2.645000000000000000e+03
2.652000000000000000e+03
2.655000000000000000e+03
2.656000000000000000e+03
2.658000000000000000e+03
2.662000000000000000e+03
2.665000000000000000e+03
2.673000000000000000e+03
2.676000000000000000e+03
2.680000000000000000e+03
2.683000000000000000e+03
2.684000000000000000e+03
2.685000000000000000e+03
2.687000000000000000e+03
2.688000000000000000e+03
2.689000000000000000e+03
2.691000000000000000e+03
2.694000000000000000e+03
2.695000000000000000e+03
2.697000000000000000e+03
2.698000000000000000e+03
2.699000000000000000e+03
2.700000000000000000e+03
2.703000000000000000e+03
2.706000000000000000e+03
2.707000000000000000e+03
2.709000000000000000e+03
2.711000000000000000e+03
2.717000000000000000e+03
2.719000000000000000e+03
2.721000000000000000e+03
2.722000000000000000e+03
2.724000000000000000e+03
2.725000000000000000e+03
2.727000000000000000e+03
2.740000000000000000e+03
2.741000000000000000e+03
2.742000000000000000e+03
2.746000000000000000e+03
2.756000000000000000e+03
2.760000000000000000e+03
2.761000000000000000e+03
2.762000000000000000e+03
2.766000000000000000e+03
2.768000000000000000e+03
2.770000000000000000e+03
2.771000000000000000e+03
2.772000000000000000e+03
2.774000000000000000e+03
2.776000000000000000e+03
2.778000000000000000e+03
2.781000000000000000e+03
2.785000000000000000e+03
2.786000000000000000e+03
2.787000000000000000e+03
2.789000000000000000e+03
2.791000000000000000e+03
2.794000000000000000e+03
2.796000000000000000e+03
2.799000000000000000e+03
2.804000000000000000e+03
2.805000000000000000e+03
2.807000000000000000e+03
2.808000000000000000e+03
2.810000000000000000e+03
2.817000000000000000e+03
2.820000000000000000e+03
2.822000000000000000e+03
2.823000000000000000e+03
2.826000000000000000e+03
2.828000000000000000e+03
2.830000000000000000e+03
2.831000000000000000e+03
2.832000000000000000e+03
2.834000000000000000e+03
2.837000000000000000e+03
2.838000000000000000e+03
2.840000000000000000e+03
2.841000000000000000e+03
2.844000000000000000e+03
2.845000000000000000e+03
2.848000000000000000e+03
2.850000000000000000e+03
2.851000000000000000e+03
2.853000000000000000e+03
2.854000000000000000e+03
2.855000000000000000e+03
2.857000000000000000e+03
2.860000000000000000e+03
2.861000000000000000e+03
2.862000000000000000e+03
2.863000000000000000e+03
2.870000000000000000e+03
2.871000000000000000e+03
2.876000000000000000e+03
2.877000000000000000e+03
2.878000000000000000e+03
2.879000000000000000e+03
2.883000000000000000e+03
2.884000000000000000e+03
2.885000000000000000e+03
2.888000000000000000e+03
2.890000000000000000e+03
2.891000000000000000e+03
2.895000000000000000e+03
2.898000000000000000e+03
2.899000000000000000e+03
2.902000000000000000e+03
2.904000000000000000e+03
2.907000000000000000e+03
2.908000000000000000e+03
2.909000000000000000e+03
2.914000000000000000e+03
2.920000000000000000e+03
2.922000000000000000e+03
2.928000000000000000e+03
2.929000000000000000e+03
2.931000000000000000e+03
2.932000000000000000e+03
2.934000000000000000e+03
2.936000000000000000e+03
2.937000000000000000e+03
2.940000000000000000e+03
2.942000000000000000e+03
2.943000000000000000e+03
2.946000000000000000e+03
2.947000000000000000e+03
2.949000000000000000e+03
2.951000000000000000e+03
2.953000000000000000e+03
2.958000000000000000e+03
2.959000000000000000e+03
2.962000000000000000e+03
2.963000000000000000e+03
2.971000000000000000e+03
2.973000000000000000e+03
2.974000000000000000e+03
2.975000000000000000e+03
2.977000000000000000e+03
2.981000000000000000e+03
2.983000000000000000e+03
2.985000000000000000e+03
2.987000000000000000e+03
2.992000000000000000e+03
2.999000000000000000e+03
3.000000000000000000e+03
3.001000000000000000e+03
3.006000000000000000e+03
3.008000000000000000e+03
3.010000000000000000e+03
3.011000000000000000e+03
3.014000000000000000e+03
3.015000000000000000e+03
3.021000000000000000e+03
3.022000000000000000e+03
3.024000000000000000e+03
3.025000000000000000e+03
3.026000000000000000e+03
3.027000000000000000e+03
3.028000000000000000e+03
3.031000000000000000e+03
3.033000000000000000e+03
3.039000000000000000e+03
3.040000000000000000e+03
3.043000000000000000e+03
3.044000000000000000e+03
3.049000000000000000e+03
3.056000000000000000e+03
3.062000000000000000e+03
3.067000000000000000e+03
3.072000000000000000e+03
3.075000000000000000e+03
3.080000000000000000e+03
3.082000000000000000e+03
3.083000000000000000e+03
3.084000000000000000e+03
3.090000000000000000e+03
3.093000000000000000e+03
3.094000000000000000e+03
3.095000000000000000e+03
3.098000000000000000e+03
3.107000000000000000e+03
3.108000000000000000e+03
3.109000000000000000e+03
3.111000000000000000e+03
3.112000000000000000e+03
3.114000000000000000e+03
3.115000000000000000e+03
3.118000000000000000e+03
3.122000000000000000e+03
3.124000000000000000e+03
3.128000000000000000e+03
3.138000000000000000e+03
3.139000000000000000e+03
3.141000000000000000e+03
3.144000000000000000e+03
3.145000000000000000e+03
3.147000000000000000e+03
3.149000000000000000e+03
3.154000000000000000e+03
3.157000000000000000e+03
3.158000000000000000e+03
3.166000000000000000e+03
3.169000000000000000e+03
3.173000000000000000e+03
3.176000000000000000e+03
3.177000000000000000e+03
3.178000000000000000e+03
3.180000000000000000e+03
3.181000000000000000e+03
3.182000000000000000e+03
3.183000000000000000e+03
3.186000000000000000e+03
3.188000000000000000e+03
3.191000000000000000e+03
3.192000000000000000e+03
3.195000000000000000e+03
3.199000000000000000e+03
3.201000000000000000e+03
3.202000000000000000e+03
3.203000000000000000e+03
3.206000000000000000e+03
3.208000000000000000e+03
3.210000000000000000e+03
3.211000000000000000e+03
3.212000000000000000e+03
3.215000000000000000e+03
3.217000000000000000e+03
3.220000000000000000e+03
3.221000000000000000e+03
3.224000000000000000e+03
3.229000000000000000e+03
3.230000000000000000e+03
3.233000000000000000e+03
3.234000000000000000e+03
3.242000000000000000e+03
3.243000000000000000e+03
3.247000000000000000e+03
3.248000000000000000e+03
3.249000000000000000e+03
3.258000000000000000e+03
3.260000000000000000e+03
3.262000000000000000e+03
3.264000000000000000e+03
3.266000000000000000e+03
3.271000000000000000e+03
3.272000000000000000e+03
3.276000000000000000e+03
3.277000000000000000e+03
3.279000000000000000e+03
3.283000000000000000e+03
3.284000000000000000e+03
3.285000000000000000e+03
3.286000000000000000e+03
3.287000000000000000e+03
3.288000000000000000e+03
3.292000000000000000e+03
3.295000000000000000e+03
3.298000000000000000e+03
3.299000000000000000e+03
3.303000000000000000e+03
3.304000000000000000e+03
3.305000000000000000e+03
3.306000000000000000e+03
3.310000000000000000e+03
3.311000000000000000e+03
3.312000000000000000e+03
3.315000000000000000e+03
3.317000000000000000e+03
3.318000000000000000e+03
3.321000000000000000e+03
3.325000000000000000e+03
3.330000000000000000e+03
3.333000000000000000e+03
3.336000000000000000e+03
3.337000000000000000e+03
3.340000000000000000e+03
3.342000000000000000e+03
3.345000000000000000e+03
3.346000000000000000e+03
3.355000000000000000e+03
3.361000000000000000e+03
3.362000000000000000e+03
3.363000000000000000e+03
3.366000000000000000e+03
3.370000000000000000e+03
3.373000000000000000e+03
3.374000000000000000e+03
3.378000000000000000e+03
3.382000000000000000e+03
3.383000000000000000e+03
3.385000000000000000e+03
3.388000000000000000e+03
3.396000000000000000e+03
3.397000000000000000e+03
3.399000000000000000e+03
3.400000000000000000e+03
3.403000000000000000e+03
3.411000000000000000e+03
3.420000000000000000e+03
3.422000000000000000e+03
3.424000000000000000e+03
3.428000000000000000e+03
3.429000000000000000e+03
3.430000000000000000e+03
3.432000000000000000e+03
3.434000000000000000e+03
3.435000000000000000e+03
3.437000000000000000e+03
3.442000000000000000e+03
3.443000000000000000e+03
3.445000000000000000e+03
3.446000000000000000e+03
3.452000000000000000e+03
3.453000000000000000e+03
3.456000000000000000e+03
3.459000000000000000e+03
3.461000000000000000e+03
3.463000000000000000e+03
3.465000000000000000e+03
3.467000000000000000e+03
3.469000000000000000e+03
3.474000000000000000e+03
3.477000000000000000e+03
3.479000000000000000e+03
3.485000000000000000e+03
3.486000000000000000e+03
3.487000000000000000e+03
3.488000000000000000e+03
3.489000000000000000e+03
3.491000000000000000e+03
3.495000000000000000e+03
3.497000000000000000e+03
3.499000000000000000e+03
3.501000000000000000e+03
3.502000000000000000e+03
3.510000000000000000e+03
3.511000000000000000e+03
3.517000000000000000e+03
3.519000000000000000e+03
3.520000000000000000e+03
3.527000000000000000e+03
3.530000000000000000e+03
3.533000000000000000e+03
3.534000000000000000e+03
3.535000000000000000e+03
3.536000000000000000e+03
3.539000000000000000e+03
3.541000000000000000e+03
3.547000000000000000e+03
3.548000000000000000e+03
3.549000000000000000e+03
3.550000000000000000e+03
3.551000000000000000e+03
3.554000000000000000e+03
3.561000000000000000e+03
3.562000000000000000e+03
3.565000000000000000e+03
3.567000000000000000e+03
3.570000000000000000e+03
3.575000000000000000e+03
3.579000000000000000e+03
3.580000000000000000e+03
3.581000000000000000e+03
3.583000000000000000e+03
3.584000000000000000e+03
3.586000000000000000e+03
3.589000000000000000e+03
3.592000000000000000e+03
3.594000000000000000e+03
3.596000000000000000e+03
3.597000000000000000e+03
3.600000000000000000e+03
3.601000000000000000e+03
3.603000000000000000e+03
3.605000000000000000e+03
3.607000000000000000e+03
3.608000000000000000e+03
3.614000000000000000e+03
3.618000000000000000e+03
3.619000000000000000e+03
3.622000000000000000e+03
3.623000000000000000e+03
3.633000000000000000e+03
3.634000000000000000e+03
3.635000000000000000e+03
3.637000000000000000e+03
3.639000000000000000e+03
3.643000000000000000e+03
3.646000000000000000e+03
3.648000000000000000e+03
3.652000000000000000e+03
3.653000000000000000e+03
3.656000000000000000e+03
3.657000000000000000e+03
3.659000000000000000e+03
3.661000000000000000e+03
3.663000000000000000e+03
3.665000000000000000e+03
3.669000000000000000e+03
3.670000000000000000e+03
3.671000000000000000e+03
3.673000000000000000e+03
3.674000000000000000e+03
3.677000000000000000e+03
3.678000000000000000e+03
3.679000000000000000e+03
3.680000000000000000e+03
3.686000000000000000e+03
3.687000000000000000e+03
3.688000000000000000e+03
3.699000000000000000e+03
3.703000000000000000e+03
3.706000000000000000e+03
3.707000000000000000e+03
3.708000000000000000e+03
3.715000000000000000e+03
3.723000000000000000e+03
3.727000000000000000e+03
3.730000000000000000e+03
3.732000000000000000e+03
3.733000000000000000e+03
3.738000000000000000e+03
3.740000000000000000e+03
3.745000000000000000e+03
3.748000000000000000e+03
3.749000000000000000e+03
3.750000000000000000e+03
3.753000000000000000e+03
3.755000000000000000e+03
3.757000000000000000e+03
3.758000000000000000e+03
3.761000000000000000e+03
3.762000000000000000e+03
3.763000000000000000e+03
3.769000000000000000e+03
3.770000000000000000e+03
3.772000000000000000e+03
3.773000000000000000e+03
3.774000000000000000e+03
3.785000000000000000e+03
3.787000000000000000e+03
3.788000000000000000e+03
3.791000000000000000e+03
3.794000000000000000e+03
3.804000000000000000e+03
3.808000000000000000e+03
3.811000000000000000e+03
3.813000000000000000e+03
3.816000000000000000e+03
3.817000000000000000e+03
3.818000000000000000e+03
3.819000000000000000e+03
3.820000000000000000e+03
3.821000000000000000e+03
3.824000000000000000e+03
3.825000000000000000e+03
3.828000000000000000e+03
3.832000000000000000e+03
3.834000000000000000e+03
3.835000000000000000e+03
3.837000000000000000e+03
3.838000000000000000e+03
3.840000000000000000e+03
3.846000000000000000e+03
3.847000000000000000e+03
3.848000000000000000e+03
3.849000000000000000e+03
3.850000000000000000e+03
3.853000000000000000e+03
3.855000000000000000e+03
3.861000000000000000e+03
3.864000000000000000e+03
3.865000000000000000e+03
3.866000000000000000e+03
3.869000000000000000e+03
3.872000000000000000e+03
3.874000000000000000e+03
3.875000000000000000e+03
3.876000000000000000e+03
3.879000000000000000e+03
3.883000000000000000e+03
3.887000000000000000e+03
3.889000000000000000e+03
3.890000000000000000e+03
3.892000000000000000e+03
3.893000000000000000e+03
3.896000000000000000e+03
3.897000000000000000e+03
3.898000000000000000e+03
3.901000000000000000e+03
3.903000000000000000e+03
3.905000000000000000e+03
3.907000000000000000e+03
3.909000000000000000e+03
3.912000000000000000e+03
3.913000000000000000e+03
3.914000000000000000e+03
3.915000000000000000e+03
3.916000000000000000e+03
3.918000000000000000e+03
3.920000000000000000e+03
3.922000000000000000e+03
3.929000000000000000e+03
3.931000000000000000e+03
3.938000000000000000e+03
3.939000000000000000e+03
3.941000000000000000e+03
3.947000000000000000e+03
3.948000000000000000e+03
3.949000000000000000e+03
3.951000000000000000e+03
3.952000000000000000e+03
3.954000000000000000e+03
3.955000000000000000e+03
3.958000000000000000e+03
3.959000000000000000e+03
3.960000000000000000e+03
3.961000000000000000e+03
3.966000000000000000e+03
3.968000000000000000e+03
3.974000000000000000e+03
3.977000000000000000e+03
3.985000000000000000e+03
3.986000000000000000e+03
3.987000000000000000e+03
3.989000000000000000e+03
3.990000000000000000e+03
3.994000000000000000e+03
4.002000000000000000e+03
4.003000000000000000e+03
4.006000000000000000e+03
4.008000000000000000e+03
4.011000000000000000e+03
4.013000000000000000e+03
4.014000000000000000e+03
4.016000000000000000e+03
4.019000000000000000e+03
4.023000000000000000e+03
4.024000000000000000e+03
4.025000000000000000e+03
4.027000000000000000e+03
4.028000000000000000e+03
4.029000000000000000e+03
4.031000000000000000e+03
4.032000000000000000e+03
4.035000000000000000e+03
4.037000000000000000e+03
4.038000000000000000e+03
4.040000000000000000e+03
4.041000000000000000e+03
4.043000000000000000e+03
4.046000000000000000e+03
4.049000000000000000e+03
4.051000000000000000e+03
4.052000000000000000e+03
4.054000000000000000e+03
4.055000000000000000e+03
4.066000000000000000e+03
4.067000000000000000e+03
4.068000000000000000e+03
4.069000000000000000e+03
4.073000000000000000e+03
4.079000000000000000e+03
4.080000000000000000e+03
4.081000000000000000e+03
4.082000000000000000e+03
4.084000000000000000e+03
4.086000000000000000e+03
4.090000000000000000e+03
4.093000000000000000e+03
4.095000000000000000e+03
4.096000000000000000e+03
4.098000000000000000e+03
4.100000000000000000e+03
4.101000000000000000e+03
4.103000000000000000e+03
4.104000000000000000e+03
4.106000000000000000e+03
4.109000000000000000e+03
4.110000000000000000e+03
4.111000000000000000e+03
4.112000000000000000e+03
4.113000000000000000e+03
4.114000000000000000e+03
4.115000000000000000e+03
4.116000000000000000e+03
4.118000000000000000e+03
4.120000000000000000e+03
4.121000000000000000e+03
4.122000000000000000e+03
4.123000000000000000e+03
4.126000000000000000e+03
4.132000000000000000e+03
4.134000000000000000e+03
4.140000000000000000e+03
4.141000000000000000e+03
4.146000000000000000e+03
4.149000000000000000e+03
4.152000000000000000e+03
4.153000000000000000e+03
4.160000000000000000e+03
4.161000000000000000e+03
4.165000000000000000e+03
4.167000000000000000e+03
4.172000000000000000e+03
4.173000000000000000e+03
4.178000000000000000e+03
4.185000000000000000e+03
4.187000000000000000e+03
4.191000000000000000e+03
4.193000000000000000e+03
4.194000000000000000e+03
4.195000000000000000e+03
4.196000000000000000e+03
4.197000000000000000e+03
4.198000000000000000e+03
4.199000000000000000e+03
4.203000000000000000e+03
4.207000000000000000e+03
4.208000000000000000e+03
4.209000000000000000e+03
4.210000000000000000e+03
4.213000000000000000e+03
4.216000000000000000e+03
4.226000000000000000e+03
4.229000000000000000e+03
4.231000000000000000e+03
4.232000000000000000e+03
4.233000000000000000e+03
4.234000000000000000e+03
4.235000000000000000e+03
4.240000000000000000e+03
4.241000000000000000e+03
4.243000000000000000e+03
4.244000000000000000e+03
4.246000000000000000e+03
4.247000000000000000e+03
4.249000000000000000e+03
4.251000000000000000e+03
4.252000000000000000e+03
4.254000000000000000e+03
4.257000000000000000e+03
4.258000000000000000e+03
4.259000000000000000e+03
4.260000000000000000e+03
4.262000000000000000e+03
4.263000000000000000e+03
4.265000000000000000e+03
4.266000000000000000e+03
4.267000000000000000e+03
4.269000000000000000e+03
4.271000000000000000e+03
4.274000000000000000e+03
4.275000000000000000e+03
4.276000000000000000e+03
4.278000000000000000e+03
4.279000000000000000e+03
4.280000000000000000e+03
4.281000000000000000e+03
4.282000000000000000e+03
4.285000000000000000e+03
4.287000000000000000e+03
4.288000000000000000e+03
4.290000000000000000e+03
4.292000000000000000e+03
4.295000000000000000e+03
4.296000000000000000e+03
4.300000000000000000e+03
4.305000000000000000e+03
4.306000000000000000e+03
4.307000000000000000e+03
4.310000000000000000e+03
4.311000000000000000e+03
4.315000000000000000e+03
4.320000000000000000e+03
4.321000000000000000e+03
4.323000000000000000e+03
4.324000000000000000e+03
4.325000000000000000e+03
4.329000000000000000e+03
4.333000000000000000e+03
4.334000000000000000e+03
4.336000000000000000e+03
4.342000000000000000e+03
4.343000000000000000e+03
4.346000000000000000e+03
4.350000000000000000e+03
4.353000000000000000e+03
4.355000000000000000e+03
4.356000000000000000e+03
4.359000000000000000e+03
4.361000000000000000e+03
4.362000000000000000e+03
4.363000000000000000e+03
4.364000000000000000e+03
4.365000000000000000e+03
4.369000000000000000e+03
4.371000000000000000e+03
4.374000000000000000e+03
4.377000000000000000e+03
4.380000000000000000e+03
4.382000000000000000e+03
4.383000000000000000e+03
4.384000000000000000e+03
4.385000000000000000e+03
4.386000000000000000e+03
4.387000000000000000e+03
4.388000000000000000e+03
4.391000000000000000e+03
4.395000000000000000e+03
4.398000000000000000e+03
4.399000000000000000e+03
4.400000000000000000e+03
4.404000000000000000e+03
4.407000000000000000e+03
4.410000000000000000e+03
4.411000000000000000e+03
4.413000000000000000e+03
4.414000000000000000e+03
4.418000000000000000e+03
4.421000000000000000e+03
4.422000000000000000e+03
4.423000000000000000e+03
4.424000000000000000e+03
4.427000000000000000e+03
4.430000000000000000e+03
4.433000000000000000e+03
4.437000000000000000e+03
4.438000000000000000e+03
4.442000000000000000e+03
4.443000000000000000e+03
4.444000000000000000e+03
4.445000000000000000e+03
4.446000000000000000e+03
4.447000000000000000e+03
4.452000000000000000e+03
4.457000000000000000e+03
4.459000000000000000e+03
4.461000000000000000e+03
4.463000000000000000e+03
4.478000000000000000e+03
4.479000000000000000e+03
4.483000000000000000e+03
4.485000000000000000e+03
4.486000000000000000e+03
4.491000000000000000e+03
4.497000000000000000e+03
4.498000000000000000e+03
4.500000000000000000e+03
4.504000000000000000e+03
4.506000000000000000e+03
4.511000000000000000e+03
4.517000000000000000e+03
4.520000000000000000e+03
4.525000000000000000e+03
4.526000000000000000e+03
4.527000000000000000e+03
4.529000000000000000e+03
4.533000000000000000e+03
4.538000000000000000e+03
4.540000000000000000e+03
4.543000000000000000e+03
4.546000000000000000e+03
4.547000000000000000e+03
4.548000000000000000e+03
4.551000000000000000e+03
4.558000000000000000e+03
4.561000000000000000e+03
4.566000000000000000e+03
4.567000000000000000e+03
4.577000000000000000e+03
4.583000000000000000e+03
4.586000000000000000e+03
4.591000000000000000e+03
4.596000000000000000e+03
4.598000000000000000e+03
4.600000000000000000e+03
4.601000000000000000e+03
4.602000000000000000e+03
4.604000000000000000e+03
4.606000000000000000e+03
4.607000000000000000e+03
4.608000000000000000e+03
4.609000000000000000e+03
4.610000000000000000e+03
4.611000000000000000e+03
4.613000000000000000e+03
4.615000000000000000e+03
4.618000000000000000e+03
4.620000000000000000e+03
4.621000000000000000e+03
4.622000000000000000e+03
4.625000000000000000e+03
4.630000000000000000e+03
4.631000000000000000e+03
4.633000000000000000e+03
4.634000000000000000e+03
4.644000000000000000e+03
4.645000000000000000e+03
4.648000000000000000e+03
4.655000000000000000e+03
4.656000000000000000e+03
4.662000000000000000e+03
4.668000000000000000e+03
4.669000000000000000e+03
4.670000000000000000e+03
4.671000000000000000e+03
4.673000000000000000e+03
4.674000000000000000e+03
4.681000000000000000e+03
4.686000000000000000e+03
4.687000000000000000e+03
4.690000000000000000e+03
4.692000000000000000e+03
4.693000000000000000e+03
4.696000000000000000e+03
4.697000000000000000e+03
4.698000000000000000e+03
4.700000000000000000e+03
4.705000000000000000e+03
4.706000000000000000e+03
4.707000000000000000e+03
4.708000000000000000e+03
4.711000000000000000e+03
4.719000000000000000e+03
4.720000000000000000e+03
4.725000000000000000e+03
4.726000000000000000e+03
4.728000000000000000e+03
4.730000000000000000e+03
4.731000000000000000e+03
4.732000000000000000e+03
4.738000000000000000e+03
4.739000000000000000e+03
4.741000000000000000e+03
4.742000000000000000e+03
4.761000000000000000e+03
4.763000000000000000e+03
4.768000000000000000e+03
4.769000000000000000e+03
4.773000000000000000e+03
4.775000000000000000e+03
4.776000000000000000e+03
4.777000000000000000e+03
4.778000000000000000e+03
4.781000000000000000e+03
4.787000000000000000e+03
4.789000000000000000e+03
4.791000000000000000e+03
4.794000000000000000e+03
4.796000000000000000e+03
4.797000000000000000e+03
4.799000000000000000e+03
4.801000000000000000e+03
4.804000000000000000e+03
4.806000000000000000e+03
4.808000000000000000e+03
4.810000000000000000e+03
4.811000000000000000e+03
4.813000000000000000e+03
4.814000000000000000e+03
4.815000000000000000e+03
4.819000000000000000e+03
4.822000000000000000e+03
4.823000000000000000e+03
4.826000000000000000e+03
4.828000000000000000e+03
4.833000000000000000e+03
4.837000000000000000e+03
4.843000000000000000e+03
4.848000000000000000e+03
4.850000000000000000e+03
4.851000000000000000e+03
4.854000000000000000e+03
4.858000000000000000e+03
4.870000000000000000e+03
4.874000000000000000e+03
4.877000000000000000e+03
4.883000000000000000e+03
4.885000000000000000e+03
4.892000000000000000e+03
4.895000000000000000e+03
4.896000000000000000e+03
4.897000000000000000e+03
4.899000000000000000e+03
4.905000000000000000e+03
4.910000000000000000e+03
4.911000000000000000e+03
4.913000000000000000e+03
4.914000000000000000e+03
4.916000000000000000e+03
4.917000000000000000e+03
4.922000000000000000e+03
4.926000000000000000e+03
4.931000000000000000e+03
4.933000000000000000e+03
4.934000000000000000e+03
4.936000000000000000e+03
4.938000000000000000e+03
4.939000000000000000e+03
4.943000000000000000e+03
4.945000000000000000e+03
4.948000000000000000e+03
4.949000000000000000e+03
4.950000000000000000e+03
4.951000000000000000e+03
4.952000000000000000e+03
4.953000000000000000e+03
4.958000000000000000e+03
4.962000000000000000e+03
4.965000000000000000e+03
4.966000000000000000e+03
4.967000000000000000e+03
4.970000000000000000e+03
4.973000000000000000e+03
4.982000000000000000e+03
4.984000000000000000e+03
4.991000000000000000e+03
4.993000000000000000e+03
4.995000000000000000e+03
4.998000000000000000e+03
5.002000000000000000e+03
5.004000000000000000e+03
5.007000000000000000e+03
5.010000000000000000e+03
5.011000000000000000e+03
5.013000000000000000e+03
5.014000000000000000e+03
5.018000000000000000e+03
5.019000000000000000e+03
5.020000000000000000e+03
5.023000000000000000e+03
5.026000000000000000e+03
5.027000000000000000e+03
5.032000000000000000e+03
5.034000000000000000e+03
5.035000000000000000e+03
5.038000000000000000e+03
5.040000000000000000e+03
5.041000000000000000e+03
5.042000000000000000e+03
5.044000000000000000e+03
5.045000000000000000e+03
5.047000000000000000e+03
5.051000000000000000e+03
5.054000000000000000e+03
5.055000000000000000e+03
5.057000000000000000e+03
5.058000000000000000e+03
5.059000000000000000e+03
5.060000000000000000e+03
5.061000000000000000e+03
5.067000000000000000e+03
5.071000000000000000e+03
5.072000000000000000e+03
5.073000000000000000e+03
5.077000000000000000e+03
5.081000000000000000e+03
5.084000000000000000e+03
5.086000000000000000e+03
5.093000000000000000e+03
5.094000000000000000e+03
5.101000000000000000e+03
5.105000000000000000e+03
5.106000000000000000e+03
5.108000000000000000e+03
5.109000000000000000e+03
5.110000000000000000e+03
5.113000000000000000e+03
5.116000000000000000e+03
5.122000000000000000e+03
5.127000000000000000e+03
5.136000000000000000e+03
5.137000000000000000e+03
5.143000000000000000e+03
5.145000000000000000e+03
5.147000000000000000e+03
5.151000000000000000e+03
5.152000000000000000e+03
5.156000000000000000e+03
5.159000000000000000e+03
5.161000000000000000e+03
5.163000000000000000e+03
5.167000000000000000e+03
5.182000000000000000e+03
5.187000000000000000e+03
5.197000000000000000e+03
5.204000000000000000e+03
5.207000000000000000e+03
5.208000000000000000e+03
5.209000000000000000e+03
5.212000000000000000e+03
5.213000000000000000e+03
5.218000000000000000e+03
5.226000000000000000e+03
5.229000000000000000e+03
5.231000000000000000e+03
5.235000000000000000e+03
5.240000000000000000e+03
5.241000000000000000e+03
5.246000000000000000e+03
5.248000000000000000e+03
5.249000000000000000e+03
5.251000000000000000e+03
5.260000000000000000e+03
5.270000000000000000e+03
5.274000000000000000e+03
5.276000000000000000e+03
5.278000000000000000e+03
5.280000000000000000e+03
5.281000000000000000e+03
5.282000000000000000e+03
5.286000000000000000e+03
5.287000000000000000e+03
5.290000000000000000e+03
5.293000000000000000e+03
5.296000000000000000e+03
5.297000000000000000e+03
5.301000000000000000e+03
5.305000000000000000e+03
5.309000000000000000e+03
5.310000000000000000e+03
5.318000000000000000e+03
5.319000000000000000e+03
5.321000000000000000e+03
5.322000000000000000e+03
5.327000000000000000e+03
5.330000000000000000e+03
5.332000000000000000e+03
5.333000000000000000e+03
5.335000000000000000e+03
5.336000000000000000e+03
5.340000000000000000e+03
5.341000000000000000e+03
5.343000000000000000e+03
5.345000000000000000e+03
5.347000000000000000e+03
5.348000000000000000e+03
5.349000000000000000e+03
5.352000000000000000e+03
5.356000000000000000e+03
5.357000000000000000e+03
5.359000000000000000e+03
5.361000000000000000e+03
5.364000000000000000e+03
5.367000000000000000e+03
5.370000000000000000e+03
5.372000000000000000e+03
5.375000000000000000e+03
5.377000000000000000e+03
5.378000000000000000e+03
5.379000000000000000e+03
5.382000000000000000e+03
5.386000000000000000e+03
5.388000000000000000e+03
5.391000000000000000e+03
5.393000000000000000e+03
5.404000000000000000e+03
5.406000000000000000e+03
5.407000000000000000e+03
5.408000000000000000e+03
5.410000000000000000e+03
5.411000000000000000e+03
5.412000000000000000e+03
5.414000000000000000e+03
5.417000000000000000e+03
5.418000000000000000e+03
5.422000000000000000e+03
5.432000000000000000e+03
5.438000000000000000e+03
5.446000000000000000e+03
5.451000000000000000e+03
5.455000000000000000e+03
5.459000000000000000e+03
5.461000000000000000e+03
5.463000000000000000e+03
5.467000000000000000e+03
5.468000000000000000e+03
5.470000000000000000e+03
5.471000000000000000e+03
5.472000000000000000e+03
5.475000000000000000e+03
5.479000000000000000e+03
5.481000000000000000e+03
5.483000000000000000e+03
5.485000000000000000e+03
5.486000000000000000e+03
5.487000000000000000e+03
5.493000000000000000e+03
5.494000000000000000e+03
5.504000000000000000e+03
5.509000000000000000e+03
5.510000000000000000e+03
5.511000000000000000e+03
5.515000000000000000e+03
5.517000000000000000e+03
5.520000000000000000e+03
5.523000000000000000e+03
5.526000000000000000e+03
5.528000000000000000e+03
5.530000000000000000e+03
5.533000000000000000e+03
5.534000000000000000e+03
5.536000000000000000e+03
5.539000000000000000e+03
5.542000000000000000e+03
5.543000000000000000e+03
5.545000000000000000e+03
5.549000000000000000e+03
5.552000000000000000e+03
5.553000000000000000e+03
5.554000000000000000e+03
5.555000000000000000e+03
5.556000000000000000e+03
5.559000000000000000e+03
5.562000000000000000e+03
5.563000000000000000e+03
5.566000000000000000e+03
5.568000000000000000e+03
5.576000000000000000e+03
5.577000000000000000e+03
5.580000000000000000e+03
5.589000000000000000e+03
5.590000000000000000e+03
5.592000000000000000e+03
5.596000000000000000e+03
5.600000000000000000e+03
5.601000000000000000e+03
5.603000000000000000e+03
5.604000000000000000e+03
5.607000000000000000e+03
5.609000000000000000e+03
5.611000000000000000e+03
5.613000000000000000e+03
5.615000000000000000e+03
5.616000000000000000e+03
5.618000000000000000e+03
5.619000000000000000e+03
5.623000000000000000e+03
5.629000000000000000e+03
5.630000000000000000e+03
5.631000000000000000e+03
5.632000000000000000e+03
5.640000000000000000e+03
5.642000000000000000e+03
5.650000000000000000e+03
5.652000000000000000e+03
5.653000000000000000e+03
5.660000000000000000e+03
5.661000000000000000e+03
5.665000000000000000e+03
5.667000000000000000e+03
5.679000000000000000e+03
5.681000000000000000e+03
5.682000000000000000e+03
5.685000000000000000e+03
5.687000000000000000e+03
5.691000000000000000e+03
5.692000000000000000e+03
5.695000000000000000e+03
5.698000000000000000e+03
5.700000000000000000e+03
5.702000000000000000e+03
5.704000000000000000e+03
5.706000000000000000e+03
5.710000000000000000e+03
5.712000000000000000e+03
5.713000000000000000e+03
5.715000000000000000e+03
5.717000000000000000e+03
5.718000000000000000e+03
5.719000000000000000e+03
5.726000000000000000e+03
5.727000000000000000e+03
5.728000000000000000e+03
5.731000000000000000e+03
5.738000000000000000e+03
5.739000000000000000e+03
5.741000000000000000e+03
5.743000000000000000e+03
5.750000000000000000e+03
5.751000000000000000e+03
5.761000000000000000e+03
5.764000000000000000e+03
5.768000000000000000e+03
5.771000000000000000e+03
5.772000000000000000e+03
5.775000000000000000e+03
5.782000000000000000e+03
5.783000000000000000e+03
5.784000000000000000e+03
5.786000000000000000e+03
5.790000000000000000e+03
5.791000000000000000e+03
5.792000000000000000e+03
5.795000000000000000e+03
5.800000000000000000e+03
5.802000000000000000e+03
5.804000000000000000e+03
5.806000000000000000e+03
5.808000000000000000e+03
5.810000000000000000e+03
5.812000000000000000e+03
5.813000000000000000e+03
5.815000000000000000e+03
5.819000000000000000e+03
5.821000000000000000e+03
5.828000000000000000e+03
5.835000000000000000e+03
5.836000000000000000e+03
5.838000000000000000e+03
5.839000000000000000e+03
5.843000000000000000e+03
5.850000000000000000e+03
5.852000000000000000e+03
5.858000000000000000e+03
5.862000000000000000e+03
5.863000000000000000e+03
5.864000000000000000e+03
5.866000000000000000e+03
5.868000000000000000e+03
5.870000000000000000e+03
5.872000000000000000e+03
5.876000000000000000e+03
5.877000000000000000e+03
5.878000000000000000e+03
5.882000000000000000e+03
5.884000000000000000e+03
5.890000000000000000e+03
5.893000000000000000e+03
5.895000000000000000e+03
5.899000000000000000e+03
5.901000000000000000e+03
5.902000000000000000e+03
5.903000000000000000e+03
5.906000000000000000e+03
5.908000000000000000e+03
5.909000000000000000e+03
5.910000000000000000e+03
5.911000000000000000e+03
5.912000000000000000e+03
5.920000000000000000e+03
5.921000000000000000e+03
5.923000000000000000e+03
5.927000000000000000e+03
5.929000000000000000e+03
5.932000000000000000e+03
5.935000000000000000e+03
5.938000000000000000e+03
5.943000000000000000e+03
5.944000000000000000e+03
5.945000000000000000e+03
5.948000000000000000e+03
5.951000000000000000e+03
5.964000000000000000e+03
5.965000000000000000e+03
