4.700000000000000000e+03
2.585000000000000000e+03
4.000000000000000000e+00
6.000000000000000000e+00
7.000000000000000000e+00
1.000000000000000000e+01
1.100000000000000000e+01
1.300000000000000000e+01
1.500000000000000000e+01
2.100000000000000000e+01
2.200000000000000000e+01
2.300000000000000000e+01
2.400000000000000000e+01
3.000000000000000000e+01
4.300000000000000000e+01
4.400000000000000000e+01
4.800000000000000000e+01
5.400000000000000000e+01
5.600000000000000000e+01
5.900000000000000000e+01
6.200000000000000000e+01
7.200000000000000000e+01
7.600000000000000000e+01
7.900000000000000000e+01
8.100000000000000000e+01
8.300000000000000000e+01
8.700000000000000000e+01
9.000000000000000000e+01
9.100000000000000000e+01
9.400000000000000000e+01
9.600000000000000000e+01
9.800000000000000000e+01
1.050000000000000000e+02
1.140000000000000000e+02
1.150000000000000000e+02
1.220000000000000000e+02
1.260000000000000000e+02
1.300000000000000000e+02
1.310000000000000000e+02
1.360000000000000000e+02
1.430000000000000000e+02
1.440000000000000000e+02
1.460000000000000000e+02
1.480000000000000000e+02
1.490000000000000000e+02
1.500000000000000000e+02
1.550000000000000000e+02
1.580000000000000000e+02
1.590000000000000000e+02
1.600000000000000000e+02
1.640000000000000000e+02
1.710000000000000000e+02
1.740000000000000000e+02
1.750000000000000000e+02
1.760000000000000000e+02
1.810000000000000000e+02
1.820000000000000000e+02
1.830000000000000000e+02
1.870000000000000000e+02
1.900000000000000000e+02
1.910000000000000000e+02
1.940000000000000000e+02
1.950000000000000000e+02
1.960000000000000000e+02
1.980000000000000000e+02
2.000000000000000000e+02
2.060000000000000000e+02
2.100000000000000000e+02
2.170000000000000000e+02
2.180000000000000000e+02
2.210000000000000000e+02
2.270000000000000000e+02
2.280000000000000000e+02
2.360000000000000000e+02
2.370000000000000000e+02
2.380000000000000000e+02
2.390000000000000000e+02
2.420000000000000000e+02
2.460000000000000000e+02
2.490000000000000000e+02
2.510000000000000000e+02
2.560000000000000000e+02
2.570000000000000000e+02
2.670000000000000000e+02
2.770000000000000000e+02
2.780000000000000000e+02
2.820000000000000000e+02
2.850000000000000000e+02
2.890000000000000000e+02
3.000000000000000000e+02
3.100000000000000000e+02
3.110000000000000000e+02
3.130000000000000000e+02
3.170000000000000000e+02
3.180000000000000000e+02
3.210000000000000000e+02
3.230000000000000000e+02
3.250000000000000000e+02
3.290000000000000000e+02
3.320000000000000000e+02
3.330000000000000000e+02
3.340000000000000000e+02
3.370000000000000000e+02
3.380000000000000000e+02
3.420000000000000000e+02
3.490000000000000000e+02
3.570000000000000000e+02
3.580000000000000000e+02
3.640000000000000000e+02
3.650000000000000000e+02
3.700000000000000000e+02
3.710000000000000000e+02
3.760000000000000000e+02
3.770000000000000000e+02
3.800000000000000000e+02
3.810000000000000000e+02
3.820000000000000000e+02
3.830000000000000000e+02
3.860000000000000000e+02
3.870000000000000000e+02
3.900000000000000000e+02
3.910000000000000000e+02
3.930000000000000000e+02
3.960000000000000000e+02
3.970000000000000000e+02
3.980000000000000000e+02
4.020000000000000000e+02
4.030000000000000000e+02
4.040000000000000000e+02
4.100000000000000000e+02
4.130000000000000000e+02
4.140000000000000000e+02
4.160000000000000000e+02
4.210000000000000000e+02
4.230000000000000000e+02
4.280000000000000000e+02
4.380000000000000000e+02
4.430000000000000000e+02
4.480000000000000000e+02
4.490000000000000000e+02
4.510000000000000000e+02
4.520000000000000000e+02
4.600000000000000000e+02
4.610000000000000000e+02
4.680000000000000000e+02
4.690000000000000000e+02
4.700000000000000000e+02
4.720000000000000000e+02
4.740000000000000000e+02
4.800000000000000000e+02
4.900000000000000000e+02
4.920000000000000000e+02
4.970000000000000000e+02
4.980000000000000000e+02
4.990000000000000000e+02
5.000000000000000000e+02
5.050000000000000000e+02
5.060000000000000000e+02
5.170000000000000000e+02
5.180000000000000000e+02
5.440000000000000000e+02
5.460000000000000000e+02
5.490000000000000000e+02
5.500000000000000000e+02
5.510000000000000000e+02
5.520000000000000000e+02
5.540000000000000000e+02
5.590000000000000000e+02
5.600000000000000000e+02
5.840000000000000000e+02
5.910000000000000000e+02
5.990000000000000000e+02
6.010000000000000000e+02
6.020000000000000000e+02
6.060000000000000000e+02
6.120000000000000000e+02
6.150000000000000000e+02
6.160000000000000000e+02
6.190000000000000000e+02
6.230000000000000000e+02
6.270000000000000000e+02
6.300000000000000000e+02
6.320000000000000000e+02
6.400000000000000000e+02
6.450000000000000000e+02
6.470000000000000000e+02
6.490000000000000000e+02
6.510000000000000000e+02
6.520000000000000000e+02
6.560000000000000000e+02
6.580000000000000000e+02
6.650000000000000000e+02
6.660000000000000000e+02
6.670000000000000000e+02
6.680000000000000000e+02
6.720000000000000000e+02
6.730000000000000000e+02
6.750000000000000000e+02
6.820000000000000000e+02
6.880000000000000000e+02
6.890000000000000000e+02
6.900000000000000000e+02
6.930000000000000000e+02
6.940000000000000000e+02
6.970000000000000000e+02
6.990000000000000000e+02
7.010000000000000000e+02
7.020000000000000000e+02
7.100000000000000000e+02
7.120000000000000000e+02
7.130000000000000000e+02
7.140000000000000000e+02
7.220000000000000000e+02
7.230000000000000000e+02
7.280000000000000000e+02
7.290000000000000000e+02
7.530000000000000000e+02
7.540000000000000000e+02
7.570000000000000000e+02
7.590000000000000000e+02
7.650000000000000000e+02
7.710000000000000000e+02
7.730000000000000000e+02
7.780000000000000000e+02
7.830000000000000000e+02
7.840000000000000000e+02
7.850000000000000000e+02
7.860000000000000000e+02
7.870000000000000000e+02
7.880000000000000000e+02
7.900000000000000000e+02
7.920000000000000000e+02
7.950000000000000000e+02
7.960000000000000000e+02
7.970000000000000000e+02
7.990000000000000000e+02
8.020000000000000000e+02
8.030000000000000000e+02
8.040000000000000000e+02
8.050000000000000000e+02
8.060000000000000000e+02
8.110000000000000000e+02
8.130000000000000000e+02
8.140000000000000000e+02
8.150000000000000000e+02
8.160000000000000000e+02
8.210000000000000000e+02
8.220000000000000000e+02
8.230000000000000000e+02
8.240000000000000000e+02
8.270000000000000000e+02
8.300000000000000000e+02
8.310000000000000000e+02
8.390000000000000000e+02
8.410000000000000000e+02
8.420000000000000000e+02
8.450000000000000000e+02
8.460000000000000000e+02
8.510000000000000000e+02
8.600000000000000000e+02
8.610000000000000000e+02
8.630000000000000000e+02
8.640000000000000000e+02
8.700000000000000000e+02
8.750000000000000000e+02
8.870000000000000000e+02
8.880000000000000000e+02
8.890000000000000000e+02
8.970000000000000000e+02
9.000000000000000000e+02
9.070000000000000000e+02
9.080000000000000000e+02
9.100000000000000000e+02
9.110000000000000000e+02
9.120000000000000000e+02
9.140000000000000000e+02
9.240000000000000000e+02
9.260000000000000000e+02
9.300000000000000000e+02
9.330000000000000000e+02
9.350000000000000000e+02
9.390000000000000000e+02
9.400000000000000000e+02
9.410000000000000000e+02
9.460000000000000000e+02
9.470000000000000000e+02
9.500000000000000000e+02
9.560000000000000000e+02
9.660000000000000000e+02
9.670000000000000000e+02
9.700000000000000000e+02
9.750000000000000000e+02
9.840000000000000000e+02
9.860000000000000000e+02
9.890000000000000000e+02
9.930000000000000000e+02
9.950000000000000000e+02
1.003000000000000000e+03
1.004000000000000000e+03
1.005000000000000000e+03
1.006000000000000000e+03
1.007000000000000000e+03
1.008000000000000000e+03
1.017000000000000000e+03
1.018000000000000000e+03
1.020000000000000000e+03
1.025000000000000000e+03
1.027000000000000000e+03
1.028000000000000000e+03
1.033000000000000000e+03
1.034000000000000000e+03
1.035000000000000000e+03
1.041000000000000000e+03
1.042000000000000000e+03
1.049000000000000000e+03
1.051000000000000000e+03
1.052000000000000000e+03
1.053000000000000000e+03
1.054000000000000000e+03
1.056000000000000000e+03
1.057000000000000000e+03
1.062000000000000000e+03
1.064000000000000000e+03
1.073000000000000000e+03
1.074000000000000000e+03
1.075000000000000000e+03
1.078000000000000000e+03
1.079000000000000000e+03
1.088000000000000000e+03
1.090000000000000000e+03
1.100000000000000000e+03
1.101000000000000000e+03
1.103000000000000000e+03
1.110000000000000000e+03
1.116000000000000000e+03
1.118000000000000000e+03
1.124000000000000000e+03
1.126000000000000000e+03
1.127000000000000000e+03
1.135000000000000000e+03
1.137000000000000000e+03
1.141000000000000000e+03
1.142000000000000000e+03
1.145000000000000000e+03
1.146000000000000000e+03
1.155000000000000000e+03
1.158000000000000000e+03
1.162000000000000000e+03
1.163000000000000000e+03
1.165000000000000000e+03
1.166000000000000000e+03
1.168000000000000000e+03
1.172000000000000000e+03
1.177000000000000000e+03
1.185000000000000000e+03
1.189000000000000000e+03
1.191000000000000000e+03
1.197000000000000000e+03
1.209000000000000000e+03
1.210000000000000000e+03
1.211000000000000000e+03
1.213000000000000000e+03
1.215000000000000000e+03
1.223000000000000000e+03
1.228000000000000000e+03
1.229000000000000000e+03
1.232000000000000000e+03
1.233000000000000000e+03
1.240000000000000000e+03
1.244000000000000000e+03
1.247000000000000000e+03
1.249000000000000000e+03
1.250000000000000000e+03
1.253000000000000000e+03
1.261000000000000000e+03
1.269000000000000000e+03
1.271000000000000000e+03
1.276000000000000000e+03
1.277000000000000000e+03
1.279000000000000000e+03
1.282000000000000000e+03
1.288000000000000000e+03
1.289000000000000000e+03
1.291000000000000000e+03
1.293000000000000000e+03
1.298000000000000000e+03
1.299000000000000000e+03
1.305000000000000000e+03
1.306000000000000000e+03
1.307000000000000000e+03
1.311000000000000000e+03
1.312000000000000000e+03
1.313000000000000000e+03
1.316000000000000000e+03
1.317000000000000000e+03
1.318000000000000000e+03
1.320000000000000000e+03
1.322000000000000000e+03
1.323000000000000000e+03
1.327000000000000000e+03
1.336000000000000000e+03
1.345000000000000000e+03
1.348000000000000000e+03
1.350000000000000000e+03
1.352000000000000000e+03
1.353000000000000000e+03
1.357000000000000000e+03
1.363000000000000000e+03
1.369000000000000000e+03
1.371000000000000000e+03
1.372000000000000000e+03
1.379000000000000000e+03
1.383000000000000000e+03
1.386000000000000000e+03
1.392000000000000000e+03
1.395000000000000000e+03
1.396000000000000000e+03
1.403000000000000000e+03
1.405000000000000000e+03
1.408000000000000000e+03
1.411000000000000000e+03
1.413000000000000000e+03
1.414000000000000000e+03
1.415000000000000000e+03
1.416000000000000000e+03
1.417000000000000000e+03
1.419000000000000000e+03
1.423000000000000000e+03
1.425000000000000000e+03
1.429000000000000000e+03
1.431000000000000000e+03
1.432000000000000000e+03
1.433000000000000000e+03
1.436000000000000000e+03
1.440000000000000000e+03
1.441000000000000000e+03
1.446000000000000000e+03
1.447000000000000000e+03
1.450000000000000000e+03
1.452000000000000000e+03
1.453000000000000000e+03
1.454000000000000000e+03
1.460000000000000000e+03
1.461000000000000000e+03
1.468000000000000000e+03
1.469000000000000000e+03
1.471000000000000000e+03
1.478000000000000000e+03
1.481000000000000000e+03
1.482000000000000000e+03
1.489000000000000000e+03
1.492000000000000000e+03
1.494000000000000000e+03
1.496000000000000000e+03
1.499000000000000000e+03
1.500000000000000000e+03
1.501000000000000000e+03
1.503000000000000000e+03
1.509000000000000000e+03
1.512000000000000000e+03
1.513000000000000000e+03
1.516000000000000000e+03
1.518000000000000000e+03
1.519000000000000000e+03
1.526000000000000000e+03
1.527000000000000000e+03
1.528000000000000000e+03
1.529000000000000000e+03
1.533000000000000000e+03
1.535000000000000000e+03
1.543000000000000000e+03
1.546000000000000000e+03
1.551000000000000000e+03
1.554000000000000000e+03
1.557000000000000000e+03
1.560000000000000000e+03
1.561000000000000000e+03
1.563000000000000000e+03
1.565000000000000000e+03
1.566000000000000000e+03
1.568000000000000000e+03
1.570000000000000000e+03
1.572000000000000000e+03
1.574000000000000000e+03
1.578000000000000000e+03
1.581000000000000000e+03
1.582000000000000000e+03
1.593000000000000000e+03
1.600000000000000000e+03
1.602000000000000000e+03
1.603000000000000000e+03
1.604000000000000000e+03
1.609000000000000000e+03
1.614000000000000000e+03
1.620000000000000000e+03
1.623000000000000000e+03
1.628000000000000000e+03
1.629000000000000000e+03
1.630000000000000000e+03
1.632000000000000000e+03
1.635000000000000000e+03
1.636000000000000000e+03
1.637000000000000000e+03
1.638000000000000000e+03
1.639000000000000000e+03
1.640000000000000000e+03
1.641000000000000000e+03
1.646000000000000000e+03
1.647000000000000000e+03
1.658000000000000000e+03
1.662000000000000000e+03
1.664000000000000000e+03
1.665000000000000000e+03
1.667000000000000000e+03
1.672000000000000000e+03
1.673000000000000000e+03
1.674000000000000000e+03
1.680000000000000000e+03
1.682000000000000000e+03
1.684000000000000000e+03
1.698000000000000000e+03
1.702000000000000000e+03
1.703000000000000000e+03
1.707000000000000000e+03
1.709000000000000000e+03
1.712000000000000000e+03
1.714000000000000000e+03
1.716000000000000000e+03
1.718000000000000000e+03
1.723000000000000000e+03
1.725000000000000000e+03
1.726000000000000000e+03
1.728000000000000000e+03
1.734000000000000000e+03
1.745000000000000000e+03
1.755000000000000000e+03
1.760000000000000000e+03
1.762000000000000000e+03
1.768000000000000000e+03
1.769000000000000000e+03
1.771000000000000000e+03
1.772000000000000000e+03
1.773000000000000000e+03
1.774000000000000000e+03
1.775000000000000000e+03
1.780000000000000000e+03
1.782000000000000000e+03
1.784000000000000000e+03
1.787000000000000000e+03
1.788000000000000000e+03
1.792000000000000000e+03
1.796000000000000000e+03
1.797000000000000000e+03
1.807000000000000000e+03
1.808000000000000000e+03
1.810000000000000000e+03
1.811000000000000000e+03
1.812000000000000000e+03
1.814000000000000000e+03
1.816000000000000000e+03
1.817000000000000000e+03
1.820000000000000000e+03
1.822000000000000000e+03
1.823000000000000000e+03
1.824000000000000000e+03
1.827000000000000000e+03
1.829000000000000000e+03
1.830000000000000000e+03
1.831000000000000000e+03
1.832000000000000000e+03
1.839000000000000000e+03
1.843000000000000000e+03
1.844000000000000000e+03
1.847000000000000000e+03
1.850000000000000000e+03
1.851000000000000000e+03
1.852000000000000000e+03
1.854000000000000000e+03
1.861000000000000000e+03
1.871000000000000000e+03
1.872000000000000000e+03
1.878000000000000000e+03
1.880000000000000000e+03
1.881000000000000000e+03
1.884000000000000000e+03
1.886000000000000000e+03
1.888000000000000000e+03
1.889000000000000000e+03
1.890000000000000000e+03
1.892000000000000000e+03
1.895000000000000000e+03
1.896000000000000000e+03
1.899000000000000000e+03
1.900000000000000000e+03
1.906000000000000000e+03
1.907000000000000000e+03
1.908000000000000000e+03
1.910000000000000000e+03
1.912000000000000000e+03
1.914000000000000000e+03
1.916000000000000000e+03
1.917000000000000000e+03
1.919000000000000000e+03
1.923000000000000000e+03
1.924000000000000000e+03
1.925000000000000000e+03
1.927000000000000000e+03
1.928000000000000000e+03
1.929000000000000000e+03
1.931000000000000000e+03
1.932000000000000000e+03
1.934000000000000000e+03
1.935000000000000000e+03
1.938000000000000000e+03
1.940000000000000000e+03
1.941000000000000000e+03
1.946000000000000000e+03
1.952000000000000000e+03
1.954000000000000000e+03
1.957000000000000000e+03
1.962000000000000000e+03
1.966000000000000000e+03
1.968000000000000000e+03
1.969000000000000000e+03
1.971000000000000000e+03
1.972000000000000000e+03
1.975000000000000000e+03
1.977000000000000000e+03
1.986000000000000000e+03
1.991000000000000000e+03
1.995000000000000000e+03
1.997000000000000000e+03
2.001000000000000000e+03
2.008000000000000000e+03
2.009000000000000000e+03
2.012000000000000000e+03
2.013000000000000000e+03
2.014000000000000000e+03
2.015000000000000000e+03
2.019000000000000000e+03
2.021000000000000000e+03
2.022000000000000000e+03
2.024000000000000000e+03
2.028000000000000000e+03
2.036000000000000000e+03
2.037000000000000000e+03
2.038000000000000000e+03
2.039000000000000000e+03
2.040000000000000000e+03
2.045000000000000000e+03
2.049000000000000000e+03
2.051000000000000000e+03
2.053000000000000000e+03
2.054000000000000000e+03
2.055000000000000000e+03
2.057000000000000000e+03
2.058000000000000000e+03
2.059000000000000000e+03
2.060000000000000000e+03
2.062000000000000000e+03
2.067000000000000000e+03
2.068000000000000000e+03
2.069000000000000000e+03
2.070000000000000000e+03
2.072000000000000000e+03
2.073000000000000000e+03
2.074000000000000000e+03
2.079000000000000000e+03
2.080000000000000000e+03
2.081000000000000000e+03
2.083000000000000000e+03
2.090000000000000000e+03
2.092000000000000000e+03
2.093000000000000000e+03
2.097000000000000000e+03
2.103000000000000000e+03
2.107000000000000000e+03
2.109000000000000000e+03
2.111000000000000000e+03
2.115000000000000000e+03
2.117000000000000000e+03
2.118000000000000000e+03
2.121000000000000000e+03
2.122000000000000000e+03
2.123000000000000000e+03
2.127000000000000000e+03
2.129000000000000000e+03
2.132000000000000000e+03
2.133000000000000000e+03
2.134000000000000000e+03
2.135000000000000000e+03
2.136000000000000000e+03
2.138000000000000000e+03
2.139000000000000000e+03
2.143000000000000000e+03
2.154000000000000000e+03
2.162000000000000000e+03
2.163000000000000000e+03
2.164000000000000000e+03
2.165000000000000000e+03
2.168000000000000000e+03
2.171000000000000000e+03
2.172000000000000000e+03
2.174000000000000000e+03
2.176000000000000000e+03
2.177000000000000000e+03
2.179000000000000000e+03
2.181000000000000000e+03
2.185000000000000000e+03
2.187000000000000000e+03
2.189000000000000000e+03
2.193000000000000000e+03
2.195000000000000000e+03
2.197000000000000000e+03
2.200000000000000000e+03
2.202000000000000000e+03
2.203000000000000000e+03
2.206000000000000000e+03
2.208000000000000000e+03
2.210000000000000000e+03
2.212000000000000000e+03
2.222000000000000000e+03
2.223000000000000000e+03
2.225000000000000000e+03
2.227000000000000000e+03
2.229000000000000000e+03
2.231000000000000000e+03
2.232000000000000000e+03
2.235000000000000000e+03
2.237000000000000000e+03
2.239000000000000000e+03
2.243000000000000000e+03
2.244000000000000000e+03
2.249000000000000000e+03
2.251000000000000000e+03
2.255000000000000000e+03
2.256000000000000000e+03
2.257000000000000000e+03
2.258000000000000000e+03
2.259000000000000000e+03
2.263000000000000000e+03
2.265000000000000000e+03
2.266000000000000000e+03
2.268000000000000000e+03
2.273000000000000000e+03
2.277000000000000000e+03
2.279000000000000000e+03
2.281000000000000000e+03
2.283000000000000000e+03
2.284000000000000000e+03
2.288000000000000000e+03
2.291000000000000000e+03
2.295000000000000000e+03
2.300000000000000000e+03
2.301000000000000000e+03
2.306000000000000000e+03
2.312000000000000000e+03
2.315000000000000000e+03
2.317000000000000000e+03
2.318000000000000000e+03
2.319000000000000000e+03
2.330000000000000000e+03
2.334000000000000000e+03
2.337000000000000000e+03
2.338000000000000000e+03
2.341000000000000000e+03
2.342000000000000000e+03
2.343000000000000000e+03
2.346000000000000000e+03
2.349000000000000000e+03
2.354000000000000000e+03
2.357000000000000000e+03
2.358000000000000000e+03
2.361000000000000000e+03
2.362000000000000000e+03
2.364000000000000000e+03
2.365000000000000000e+03
2.367000000000000000e+03
2.369000000000000000e+03
2.370000000000000000e+03
2.376000000000000000e+03
2.377000000000000000e+03
2.381000000000000000e+03
2.382000000000000000e+03
2.385000000000000000e+03
2.388000000000000000e+03
2.392000000000000000e+03
2.394000000000000000e+03
2.405000000000000000e+03
2.407000000000000000e+03
2.409000000000000000e+03
2.410000000000000000e+03
2.412000000000000000e+03
2.414000000000000000e+03
2.416000000000000000e+03
2.418000000000000000e+03
2.419000000000000000e+03
2.420000000000000000e+03
2.421000000000000000e+03
2.422000000000000000e+03
2.427000000000000000e+03
2.429000000000000000e+03
2.430000000000000000e+03
2.434000000000000000e+03
2.436000000000000000e+03
2.437000000000000000e+03
2.445000000000000000e+03
2.446000000000000000e+03
2.447000000000000000e+03
2.451000000000000000e+03
2.453000000000000000e+03
2.454000000000000000e+03
2.460000000000000000e+03
2.463000000000000000e+03
2.464000000000000000e+03
2.465000000000000000e+03
2.466000000000000000e+03
2.468000000000000000e+03
2.471000000000000000e+03
2.474000000000000000e+03
2.476000000000000000e+03
2.478000000000000000e+03
2.479000000000000000e+03
2.481000000000000000e+03
2.483000000000000000e+03
2.484000000000000000e+03
2.485000000000000000e+03
2.487000000000000000e+03
2.495000000000000000e+03
2.497000000000000000e+03
2.498000000000000000e+03
2.500000000000000000e+03
2.502000000000000000e+03
2.505000000000000000e+03
2.508000000000000000e+03
2.512000000000000000e+03
2.516000000000000000e+03
2.520000000000000000e+03
2.527000000000000000e+03
2.528000000000000000e+03
2.533000000000000000e+03
2.534000000000000000e+03
2.537000000000000000e+03
2.539000000000000000e+03
2.541000000000000000e+03
2.544000000000000000e+03
2.546000000000000000e+03
2.547000000000000000e+03
2.548000000000000000e+03
2.550000000000000000e+03
2.552000000000000000e+03
2.553000000000000000e+03
2.555000000000000000e+03
2.557000000000000000e+03
2.558000000000000000e+03
2.560000000000000000e+03
2.563000000000000000e+03
2.564000000000000000e+03
2.567000000000000000e+03
2.572000000000000000e+03
2.574000000000000000e+03
2.575000000000000000e+03
2.579000000000000000e+03
2.583000000000000000e+03
2.584000000000000000e+03
2.589000000000000000e+03
2.591000000000000000e+03
2.593000000000000000e+03
2.595000000000000000e+03
2.596000000000000000e+03
2.597000000000000000e+03
2.599000000000000000e+03
2.600000000000000000e+03
2.601000000000000000e+03
2.603000000000000000e+03
2.614000000000000000e+03
2.623000000000000000e+03
2.625000000000000000e+03
2.629000000000000000e+03
2.631000000000000000e+03
2.632000000000000000e+03
2.634000000000000000e+03
2.637000000000000000e+03
2.649000000000000000e+03
2.651000000000000000e+03
2.652000000000000000e+03
2.653000000000000000e+03
2.655000000000000000e+03
2.658000000000000000e+03
2.663000000000000000e+03
2.664000000000000000e+03
2.665000000000000000e+03
2.669000000000000000e+03
2.673000000000000000e+03
2.674000000000000000e+03
2.677000000000000000e+03
2.678000000000000000e+03
2.680000000000000000e+03
2.683000000000000000e+03
2.684000000000000000e+03
2.685000000000000000e+03
2.686000000000000000e+03
2.688000000000000000e+03
2.689000000000000000e+03
2.691000000000000000e+03
2.695000000000000000e+03
2.697000000000000000e+03
2.698000000000000000e+03
2.701000000000000000e+03
2.702000000000000000e+03
2.703000000000000000e+03
2.705000000000000000e+03
2.706000000000000000e+03
2.707000000000000000e+03
2.709000000000000000e+03
2.711000000000000000e+03
2.712000000000000000e+03
2.719000000000000000e+03
2.720000000000000000e+03
2.725000000000000000e+03
2.727000000000000000e+03
2.730000000000000000e+03
2.734000000000000000e+03
2.735000000000000000e+03
2.740000000000000000e+03
2.741000000000000000e+03
2.742000000000000000e+03
2.744000000000000000e+03
2.745000000000000000e+03
2.746000000000000000e+03
2.750000000000000000e+03
2.751000000000000000e+03
2.753000000000000000e+03
2.754000000000000000e+03
2.756000000000000000e+03
2.757000000000000000e+03
2.758000000000000000e+03
2.763000000000000000e+03
2.767000000000000000e+03
2.770000000000000000e+03
2.771000000000000000e+03
2.774000000000000000e+03
2.784000000000000000e+03
2.785000000000000000e+03
2.786000000000000000e+03
2.787000000000000000e+03
2.788000000000000000e+03
2.793000000000000000e+03
2.795000000000000000e+03
2.797000000000000000e+03
2.799000000000000000e+03
2.800000000000000000e+03
2.804000000000000000e+03
2.808000000000000000e+03
2.809000000000000000e+03
2.810000000000000000e+03
2.812000000000000000e+03
2.813000000000000000e+03
2.814000000000000000e+03
2.817000000000000000e+03
2.818000000000000000e+03
2.819000000000000000e+03
2.821000000000000000e+03
2.822000000000000000e+03
2.824000000000000000e+03
2.825000000000000000e+03
2.827000000000000000e+03
2.834000000000000000e+03
2.839000000000000000e+03
2.840000000000000000e+03
2.844000000000000000e+03
2.845000000000000000e+03
2.848000000000000000e+03
2.850000000000000000e+03
2.851000000000000000e+03
2.853000000000000000e+03
2.854000000000000000e+03
2.855000000000000000e+03
2.858000000000000000e+03
2.860000000000000000e+03
2.862000000000000000e+03
2.863000000000000000e+03
2.864000000000000000e+03
2.866000000000000000e+03
2.867000000000000000e+03
2.868000000000000000e+03
2.870000000000000000e+03
2.871000000000000000e+03
2.874000000000000000e+03
2.878000000000000000e+03
2.883000000000000000e+03
2.885000000000000000e+03
2.890000000000000000e+03
2.891000000000000000e+03
2.892000000000000000e+03
2.893000000000000000e+03
2.895000000000000000e+03
2.898000000000000000e+03
2.899000000000000000e+03
2.900000000000000000e+03
2.901000000000000000e+03
2.905000000000000000e+03
2.908000000000000000e+03
2.909000000000000000e+03
2.911000000000000000e+03
2.914000000000000000e+03
2.917000000000000000e+03
2.920000000000000000e+03
2.922000000000000000e+03
2.924000000000000000e+03
2.927000000000000000e+03
2.929000000000000000e+03
2.930000000000000000e+03
2.931000000000000000e+03
2.932000000000000000e+03
2.933000000000000000e+03
2.939000000000000000e+03
2.940000000000000000e+03
2.942000000000000000e+03
2.943000000000000000e+03
2.945000000000000000e+03
2.946000000000000000e+03
2.947000000000000000e+03
2.948000000000000000e+03
2.951000000000000000e+03
2.953000000000000000e+03
2.954000000000000000e+03
2.958000000000000000e+03
2.960000000000000000e+03
2.971000000000000000e+03
2.972000000000000000e+03
2.973000000000000000e+03
2.975000000000000000e+03
2.977000000000000000e+03
2.981000000000000000e+03
2.982000000000000000e+03
2.983000000000000000e+03
2.984000000000000000e+03
2.986000000000000000e+03
2.987000000000000000e+03
2.992000000000000000e+03
2.995000000000000000e+03
2.998000000000000000e+03
2.999000000000000000e+03
3.002000000000000000e+03
3.003000000000000000e+03
3.005000000000000000e+03
3.006000000000000000e+03
3.007000000000000000e+03
3.008000000000000000e+03
3.010000000000000000e+03
3.011000000000000000e+03
3.015000000000000000e+03
3.020000000000000000e+03
3.023000000000000000e+03
3.024000000000000000e+03
3.025000000000000000e+03
3.028000000000000000e+03
3.032000000000000000e+03
3.033000000000000000e+03
3.035000000000000000e+03
3.038000000000000000e+03
3.040000000000000000e+03
3.046000000000000000e+03
3.052000000000000000e+03
3.055000000000000000e+03
3.057000000000000000e+03
3.063000000000000000e+03
3.066000000000000000e+03
3.067000000000000000e+03
3.069000000000000000e+03
3.071000000000000000e+03
3.072000000000000000e+03
3.075000000000000000e+03
3.079000000000000000e+03
3.080000000000000000e+03
3.081000000000000000e+03
3.082000000000000000e+03
3.083000000000000000e+03
3.086000000000000000e+03
3.089000000000000000e+03
3.090000000000000000e+03
3.094000000000000000e+03
3.095000000000000000e+03
3.100000000000000000e+03
3.101000000000000000e+03
3.102000000000000000e+03
3.103000000000000000e+03
3.109000000000000000e+03
3.111000000000000000e+03
3.112000000000000000e+03
3.114000000000000000e+03
3.115000000000000000e+03
3.118000000000000000e+03
3.123000000000000000e+03
3.124000000000000000e+03
3.127000000000000000e+03
3.128000000000000000e+03
3.134000000000000000e+03
3.135000000000000000e+03
3.138000000000000000e+03
3.139000000000000000e+03
3.140000000000000000e+03
3.145000000000000000e+03
3.147000000000000000e+03
3.149000000000000000e+03
3.152000000000000000e+03
3.155000000000000000e+03
3.156000000000000000e+03
3.157000000000000000e+03
3.158000000000000000e+03
3.161000000000000000e+03
3.162000000000000000e+03
3.163000000000000000e+03
3.164000000000000000e+03
3.165000000000000000e+03
3.176000000000000000e+03
3.177000000000000000e+03
3.178000000000000000e+03
3.180000000000000000e+03
3.181000000000000000e+03
3.182000000000000000e+03
3.188000000000000000e+03
3.189000000000000000e+03
3.191000000000000000e+03
3.194000000000000000e+03
3.201000000000000000e+03
3.203000000000000000e+03
3.206000000000000000e+03
3.208000000000000000e+03
3.212000000000000000e+03
3.213000000000000000e+03
3.214000000000000000e+03
3.215000000000000000e+03
3.216000000000000000e+03
3.217000000000000000e+03
3.219000000000000000e+03
3.221000000000000000e+03
3.223000000000000000e+03
3.230000000000000000e+03
3.233000000000000000e+03
3.234000000000000000e+03
3.235000000000000000e+03
3.239000000000000000e+03
3.242000000000000000e+03
3.243000000000000000e+03
3.246000000000000000e+03
3.247000000000000000e+03
3.248000000000000000e+03
3.250000000000000000e+03
3.251000000000000000e+03
3.257000000000000000e+03
3.258000000000000000e+03
3.260000000000000000e+03
3.263000000000000000e+03
3.264000000000000000e+03
3.265000000000000000e+03
3.272000000000000000e+03
3.273000000000000000e+03
3.277000000000000000e+03
3.279000000000000000e+03
3.285000000000000000e+03
3.287000000000000000e+03
3.288000000000000000e+03
3.292000000000000000e+03
3.294000000000000000e+03
3.295000000000000000e+03
3.296000000000000000e+03
3.298000000000000000e+03
3.300000000000000000e+03
3.303000000000000000e+03
3.306000000000000000e+03
3.307000000000000000e+03
3.309000000000000000e+03
3.310000000000000000e+03
3.312000000000000000e+03
3.314000000000000000e+03
3.319000000000000000e+03
3.320000000000000000e+03
3.324000000000000000e+03
3.325000000000000000e+03
3.330000000000000000e+03
3.331000000000000000e+03
3.334000000000000000e+03
3.337000000000000000e+03
3.338000000000000000e+03
3.340000000000000000e+03
3.341000000000000000e+03
3.342000000000000000e+03
3.343000000000000000e+03
3.344000000000000000e+03
3.346000000000000000e+03
3.350000000000000000e+03
3.353000000000000000e+03
3.354000000000000000e+03
3.361000000000000000e+03
3.362000000000000000e+03
3.363000000000000000e+03
3.367000000000000000e+03
3.368000000000000000e+03
3.370000000000000000e+03
3.374000000000000000e+03
3.378000000000000000e+03
3.383000000000000000e+03
3.385000000000000000e+03
3.386000000000000000e+03
3.388000000000000000e+03
3.392000000000000000e+03
3.396000000000000000e+03
3.397000000000000000e+03
3.399000000000000000e+03
3.401000000000000000e+03
3.403000000000000000e+03
3.406000000000000000e+03
3.409000000000000000e+03
3.419000000000000000e+03
3.420000000000000000e+03
3.421000000000000000e+03
3.422000000000000000e+03
3.423000000000000000e+03
3.424000000000000000e+03
3.429000000000000000e+03
3.431000000000000000e+03
3.432000000000000000e+03
3.436000000000000000e+03
3.440000000000000000e+03
3.441000000000000000e+03
3.442000000000000000e+03
3.444000000000000000e+03
3.445000000000000000e+03
3.446000000000000000e+03
3.449000000000000000e+03
3.453000000000000000e+03
3.456000000000000000e+03
3.460000000000000000e+03
3.463000000000000000e+03
3.465000000000000000e+03
3.467000000000000000e+03
3.468000000000000000e+03
3.469000000000000000e+03
3.476000000000000000e+03
3.477000000000000000e+03
3.479000000000000000e+03
3.481000000000000000e+03
3.483000000000000000e+03
3.484000000000000000e+03
3.485000000000000000e+03
3.486000000000000000e+03
3.487000000000000000e+03
3.488000000000000000e+03
3.491000000000000000e+03
3.495000000000000000e+03
3.496000000000000000e+03
3.497000000000000000e+03
3.498000000000000000e+03
3.499000000000000000e+03
3.502000000000000000e+03
3.503000000000000000e+03
3.504000000000000000e+03
3.513000000000000000e+03
3.519000000000000000e+03
3.521000000000000000e+03
3.522000000000000000e+03
3.524000000000000000e+03
3.525000000000000000e+03
3.528000000000000000e+03
3.533000000000000000e+03
3.534000000000000000e+03
3.535000000000000000e+03
3.540000000000000000e+03
3.541000000000000000e+03
3.544000000000000000e+03
3.546000000000000000e+03
3.548000000000000000e+03
3.552000000000000000e+03
3.555000000000000000e+03
3.561000000000000000e+03
3.565000000000000000e+03
3.567000000000000000e+03
3.571000000000000000e+03
3.572000000000000000e+03
3.573000000000000000e+03
3.577000000000000000e+03
3.579000000000000000e+03
3.586000000000000000e+03
3.587000000000000000e+03
3.591000000000000000e+03
3.592000000000000000e+03
3.593000000000000000e+03
3.594000000000000000e+03
3.596000000000000000e+03
3.597000000000000000e+03
3.598000000000000000e+03
3.600000000000000000e+03
3.601000000000000000e+03
3.603000000000000000e+03
3.605000000000000000e+03
3.607000000000000000e+03
3.608000000000000000e+03
3.609000000000000000e+03
3.615000000000000000e+03
3.618000000000000000e+03
3.619000000000000000e+03
3.624000000000000000e+03
3.628000000000000000e+03
3.629000000000000000e+03
3.633000000000000000e+03
3.634000000000000000e+03
3.635000000000000000e+03
3.636000000000000000e+03
3.640000000000000000e+03
3.641000000000000000e+03
3.642000000000000000e+03
3.644000000000000000e+03
3.645000000000000000e+03
3.646000000000000000e+03
3.647000000000000000e+03
3.652000000000000000e+03
3.654000000000000000e+03
3.657000000000000000e+03
3.658000000000000000e+03
3.659000000000000000e+03
3.663000000000000000e+03
3.664000000000000000e+03
3.666000000000000000e+03
3.670000000000000000e+03
3.672000000000000000e+03
3.673000000000000000e+03
3.675000000000000000e+03
3.677000000000000000e+03
3.678000000000000000e+03
3.680000000000000000e+03
3.682000000000000000e+03
3.685000000000000000e+03
3.686000000000000000e+03
3.688000000000000000e+03
3.689000000000000000e+03
3.690000000000000000e+03
3.691000000000000000e+03
3.692000000000000000e+03
3.693000000000000000e+03
3.694000000000000000e+03
3.695000000000000000e+03
3.699000000000000000e+03
3.701000000000000000e+03
3.708000000000000000e+03
3.709000000000000000e+03
3.710000000000000000e+03
3.713000000000000000e+03
3.715000000000000000e+03
3.716000000000000000e+03
3.720000000000000000e+03
3.722000000000000000e+03
3.723000000000000000e+03
3.725000000000000000e+03
3.728000000000000000e+03
3.729000000000000000e+03
3.731000000000000000e+03
3.735000000000000000e+03
3.737000000000000000e+03
3.738000000000000000e+03
3.739000000000000000e+03
3.741000000000000000e+03
3.743000000000000000e+03
3.745000000000000000e+03
3.750000000000000000e+03
3.751000000000000000e+03
3.755000000000000000e+03
3.756000000000000000e+03
3.757000000000000000e+03
3.765000000000000000e+03
3.766000000000000000e+03
3.771000000000000000e+03
3.772000000000000000e+03
3.773000000000000000e+03
3.774000000000000000e+03
3.776000000000000000e+03
3.780000000000000000e+03
3.782000000000000000e+03
3.783000000000000000e+03
3.785000000000000000e+03
3.787000000000000000e+03
3.788000000000000000e+03
3.789000000000000000e+03
3.790000000000000000e+03
3.793000000000000000e+03
3.797000000000000000e+03
3.798000000000000000e+03
3.799000000000000000e+03
3.800000000000000000e+03
3.802000000000000000e+03
3.803000000000000000e+03
3.806000000000000000e+03
3.807000000000000000e+03
3.811000000000000000e+03
3.812000000000000000e+03
3.813000000000000000e+03
3.815000000000000000e+03
3.818000000000000000e+03
3.820000000000000000e+03
3.821000000000000000e+03
3.823000000000000000e+03
3.824000000000000000e+03
3.825000000000000000e+03
3.829000000000000000e+03
3.832000000000000000e+03
3.834000000000000000e+03
3.837000000000000000e+03
3.839000000000000000e+03
3.840000000000000000e+03
3.843000000000000000e+03
3.847000000000000000e+03
3.848000000000000000e+03
3.850000000000000000e+03
3.851000000000000000e+03
3.853000000000000000e+03
3.855000000000000000e+03
3.856000000000000000e+03
3.859000000000000000e+03
3.860000000000000000e+03
3.863000000000000000e+03
3.864000000000000000e+03
3.865000000000000000e+03
3.867000000000000000e+03
3.868000000000000000e+03
3.874000000000000000e+03
3.876000000000000000e+03
3.878000000000000000e+03
3.883000000000000000e+03
3.884000000000000000e+03
3.889000000000000000e+03
3.890000000000000000e+03
3.891000000000000000e+03
3.892000000000000000e+03
3.898000000000000000e+03
3.900000000000000000e+03
3.901000000000000000e+03
3.902000000000000000e+03
3.905000000000000000e+03
3.906000000000000000e+03
3.907000000000000000e+03
3.909000000000000000e+03
3.910000000000000000e+03
3.912000000000000000e+03
3.913000000000000000e+03
3.915000000000000000e+03
3.917000000000000000e+03
3.920000000000000000e+03
3.922000000000000000e+03
3.932000000000000000e+03
3.935000000000000000e+03
3.938000000000000000e+03
3.947000000000000000e+03
3.949000000000000000e+03
3.951000000000000000e+03
3.953000000000000000e+03
3.954000000000000000e+03
3.955000000000000000e+03
3.957000000000000000e+03
3.958000000000000000e+03
3.960000000000000000e+03
3.962000000000000000e+03
3.963000000000000000e+03
3.964000000000000000e+03
3.967000000000000000e+03
3.968000000000000000e+03
3.972000000000000000e+03
3.974000000000000000e+03
3.976000000000000000e+03
3.977000000000000000e+03
3.982000000000000000e+03
3.983000000000000000e+03
3.984000000000000000e+03
3.985000000000000000e+03
3.986000000000000000e+03
3.987000000000000000e+03
3.988000000000000000e+03
3.989000000000000000e+03
3.992000000000000000e+03
3.998000000000000000e+03
4.001000000000000000e+03
4.002000000000000000e+03
4.004000000000000000e+03
4.009000000000000000e+03
4.011000000000000000e+03
4.014000000000000000e+03
4.017000000000000000e+03
4.020000000000000000e+03
4.021000000000000000e+03
4.023000000000000000e+03
4.025000000000000000e+03
4.027000000000000000e+03
4.028000000000000000e+03
4.029000000000000000e+03
4.031000000000000000e+03
4.032000000000000000e+03
4.035000000000000000e+03
4.037000000000000000e+03
4.038000000000000000e+03
4.039000000000000000e+03
4.040000000000000000e+03
4.042000000000000000e+03
4.045000000000000000e+03
4.047000000000000000e+03
4.049000000000000000e+03
4.050000000000000000e+03
4.051000000000000000e+03
4.056000000000000000e+03
4.058000000000000000e+03
4.059000000000000000e+03
4.069000000000000000e+03
4.072000000000000000e+03
4.073000000000000000e+03
4.074000000000000000e+03
4.077000000000000000e+03
4.078000000000000000e+03
4.080000000000000000e+03
4.081000000000000000e+03
4.083000000000000000e+03
4.084000000000000000e+03
4.086000000000000000e+03
4.087000000000000000e+03
4.088000000000000000e+03
4.089000000000000000e+03
4.090000000000000000e+03
4.091000000000000000e+03
4.092000000000000000e+03
4.093000000000000000e+03
4.095000000000000000e+03
4.096000000000000000e+03
4.098000000000000000e+03
4.100000000000000000e+03
4.101000000000000000e+03
4.104000000000000000e+03
4.105000000000000000e+03
4.110000000000000000e+03
4.113000000000000000e+03
4.114000000000000000e+03
4.115000000000000000e+03
4.116000000000000000e+03
4.117000000000000000e+03
4.118000000000000000e+03
4.120000000000000000e+03
4.121000000000000000e+03
4.126000000000000000e+03
4.131000000000000000e+03
4.137000000000000000e+03
4.138000000000000000e+03
4.139000000000000000e+03
4.140000000000000000e+03
4.141000000000000000e+03
4.143000000000000000e+03
4.146000000000000000e+03
4.147000000000000000e+03
4.149000000000000000e+03
4.150000000000000000e+03
4.154000000000000000e+03
4.157000000000000000e+03
4.160000000000000000e+03
4.161000000000000000e+03
4.163000000000000000e+03
4.164000000000000000e+03
4.170000000000000000e+03
4.171000000000000000e+03
4.173000000000000000e+03
4.177000000000000000e+03
4.179000000000000000e+03
4.180000000000000000e+03
4.186000000000000000e+03
4.188000000000000000e+03
4.193000000000000000e+03
4.194000000000000000e+03
4.204000000000000000e+03
4.206000000000000000e+03
4.207000000000000000e+03
4.209000000000000000e+03
4.211000000000000000e+03
4.213000000000000000e+03
4.217000000000000000e+03
4.218000000000000000e+03
4.221000000000000000e+03
4.222000000000000000e+03
4.224000000000000000e+03
4.225000000000000000e+03
4.226000000000000000e+03
4.227000000000000000e+03
4.230000000000000000e+03
4.231000000000000000e+03
4.232000000000000000e+03
4.234000000000000000e+03
4.238000000000000000e+03
4.239000000000000000e+03
4.240000000000000000e+03
4.241000000000000000e+03
4.243000000000000000e+03
4.244000000000000000e+03
4.245000000000000000e+03
4.246000000000000000e+03
4.247000000000000000e+03
4.248000000000000000e+03
4.250000000000000000e+03
4.252000000000000000e+03
4.253000000000000000e+03
4.256000000000000000e+03
4.257000000000000000e+03
4.258000000000000000e+03
4.259000000000000000e+03
4.260000000000000000e+03
4.262000000000000000e+03
4.263000000000000000e+03
4.264000000000000000e+03
4.265000000000000000e+03
4.266000000000000000e+03
4.267000000000000000e+03
4.269000000000000000e+03
4.270000000000000000e+03
4.271000000000000000e+03
4.274000000000000000e+03
4.275000000000000000e+03
4.277000000000000000e+03
4.278000000000000000e+03
4.279000000000000000e+03
4.280000000000000000e+03
4.281000000000000000e+03
4.285000000000000000e+03
4.287000000000000000e+03
4.288000000000000000e+03
4.289000000000000000e+03
4.290000000000000000e+03
4.293000000000000000e+03
4.296000000000000000e+03
4.305000000000000000e+03
4.307000000000000000e+03
4.311000000000000000e+03
4.312000000000000000e+03
4.313000000000000000e+03
4.314000000000000000e+03
4.315000000000000000e+03
4.317000000000000000e+03
4.319000000000000000e+03
4.321000000000000000e+03
4.325000000000000000e+03
4.332000000000000000e+03
4.333000000000000000e+03
4.334000000000000000e+03
4.335000000000000000e+03
4.336000000000000000e+03
4.344000000000000000e+03
4.345000000000000000e+03
4.346000000000000000e+03
4.347000000000000000e+03
4.350000000000000000e+03
4.353000000000000000e+03
4.355000000000000000e+03
4.360000000000000000e+03
4.361000000000000000e+03
4.362000000000000000e+03
4.363000000000000000e+03
4.364000000000000000e+03
4.367000000000000000e+03
4.371000000000000000e+03
4.373000000000000000e+03
4.376000000000000000e+03
4.377000000000000000e+03
4.378000000000000000e+03
4.379000000000000000e+03
4.380000000000000000e+03
4.381000000000000000e+03
4.382000000000000000e+03
4.383000000000000000e+03
4.384000000000000000e+03
4.385000000000000000e+03
4.388000000000000000e+03
4.390000000000000000e+03
4.391000000000000000e+03
4.392000000000000000e+03
4.396000000000000000e+03
4.398000000000000000e+03
4.399000000000000000e+03
4.400000000000000000e+03
4.402000000000000000e+03
4.404000000000000000e+03
4.406000000000000000e+03
4.407000000000000000e+03
4.410000000000000000e+03
4.411000000000000000e+03
4.412000000000000000e+03
4.413000000000000000e+03
4.418000000000000000e+03
4.419000000000000000e+03
4.420000000000000000e+03
4.421000000000000000e+03
4.422000000000000000e+03
4.423000000000000000e+03
4.424000000000000000e+03
4.425000000000000000e+03
4.427000000000000000e+03
4.428000000000000000e+03
4.429000000000000000e+03
4.430000000000000000e+03
4.431000000000000000e+03
4.435000000000000000e+03
4.436000000000000000e+03
4.447000000000000000e+03
4.448000000000000000e+03
4.452000000000000000e+03
4.453000000000000000e+03
4.456000000000000000e+03
4.458000000000000000e+03
4.459000000000000000e+03
4.462000000000000000e+03
4.463000000000000000e+03
4.464000000000000000e+03
4.470000000000000000e+03
4.473000000000000000e+03
4.483000000000000000e+03
4.485000000000000000e+03
4.486000000000000000e+03
4.490000000000000000e+03
4.493000000000000000e+03
4.497000000000000000e+03
4.500000000000000000e+03
4.503000000000000000e+03
4.506000000000000000e+03
4.514000000000000000e+03
4.515000000000000000e+03
4.517000000000000000e+03
4.527000000000000000e+03
4.529000000000000000e+03
4.531000000000000000e+03
4.532000000000000000e+03
4.537000000000000000e+03
4.540000000000000000e+03
4.546000000000000000e+03
4.547000000000000000e+03
4.548000000000000000e+03
4.552000000000000000e+03
4.553000000000000000e+03
4.557000000000000000e+03
4.559000000000000000e+03
4.560000000000000000e+03
4.561000000000000000e+03
4.564000000000000000e+03
4.565000000000000000e+03
4.568000000000000000e+03
4.577000000000000000e+03
4.581000000000000000e+03
4.591000000000000000e+03
4.594000000000000000e+03
4.598000000000000000e+03
4.599000000000000000e+03
4.600000000000000000e+03
4.606000000000000000e+03
4.607000000000000000e+03
4.614000000000000000e+03
4.616000000000000000e+03
4.617000000000000000e+03
4.618000000000000000e+03
4.619000000000000000e+03
4.620000000000000000e+03
4.622000000000000000e+03
4.625000000000000000e+03
4.626000000000000000e+03
4.630000000000000000e+03
4.631000000000000000e+03
4.633000000000000000e+03
4.634000000000000000e+03
4.635000000000000000e+03
4.636000000000000000e+03
4.638000000000000000e+03
4.639000000000000000e+03
4.641000000000000000e+03
4.643000000000000000e+03
4.647000000000000000e+03
4.648000000000000000e+03
4.650000000000000000e+03
4.652000000000000000e+03
4.653000000000000000e+03
4.654000000000000000e+03
4.655000000000000000e+03
4.656000000000000000e+03
4.659000000000000000e+03
4.662000000000000000e+03
4.664000000000000000e+03
4.666000000000000000e+03
4.668000000000000000e+03
4.671000000000000000e+03
4.676000000000000000e+03
4.679000000000000000e+03
4.680000000000000000e+03
4.687000000000000000e+03
4.689000000000000000e+03
4.690000000000000000e+03
4.691000000000000000e+03
4.695000000000000000e+03
4.696000000000000000e+03
4.703000000000000000e+03
4.705000000000000000e+03
4.716000000000000000e+03
4.719000000000000000e+03
4.721000000000000000e+03
4.725000000000000000e+03
4.726000000000000000e+03
4.727000000000000000e+03
4.728000000000000000e+03
4.731000000000000000e+03
4.732000000000000000e+03
4.737000000000000000e+03
4.738000000000000000e+03
4.739000000000000000e+03
4.741000000000000000e+03
4.743000000000000000e+03
4.756000000000000000e+03
4.760000000000000000e+03
4.763000000000000000e+03
4.769000000000000000e+03
4.772000000000000000e+03
4.773000000000000000e+03
4.776000000000000000e+03
4.777000000000000000e+03
4.778000000000000000e+03
4.781000000000000000e+03
4.783000000000000000e+03
4.784000000000000000e+03
4.785000000000000000e+03
4.786000000000000000e+03
4.787000000000000000e+03
4.788000000000000000e+03
4.790000000000000000e+03
4.794000000000000000e+03
4.796000000000000000e+03
4.799000000000000000e+03
4.801000000000000000e+03
4.802000000000000000e+03
4.803000000000000000e+03
4.806000000000000000e+03
4.807000000000000000e+03
4.810000000000000000e+03
4.812000000000000000e+03
4.815000000000000000e+03
4.817000000000000000e+03
4.818000000000000000e+03
4.819000000000000000e+03
4.821000000000000000e+03
4.822000000000000000e+03
4.824000000000000000e+03
4.826000000000000000e+03
4.830000000000000000e+03
4.831000000000000000e+03
4.833000000000000000e+03
4.839000000000000000e+03
4.844000000000000000e+03
4.849000000000000000e+03
4.850000000000000000e+03
4.851000000000000000e+03
4.852000000000000000e+03
4.854000000000000000e+03
4.860000000000000000e+03
4.865000000000000000e+03
4.866000000000000000e+03
4.869000000000000000e+03
4.871000000000000000e+03
4.873000000000000000e+03
4.874000000000000000e+03
4.875000000000000000e+03
4.876000000000000000e+03
4.878000000000000000e+03
4.884000000000000000e+03
4.885000000000000000e+03
4.888000000000000000e+03
4.890000000000000000e+03
4.893000000000000000e+03
4.896000000000000000e+03
4.897000000000000000e+03
4.899000000000000000e+03
4.906000000000000000e+03
4.908000000000000000e+03
4.911000000000000000e+03
4.913000000000000000e+03
4.922000000000000000e+03
4.925000000000000000e+03
4.931000000000000000e+03
4.934000000000000000e+03
4.936000000000000000e+03
4.937000000000000000e+03
4.938000000000000000e+03
4.945000000000000000e+03
4.946000000000000000e+03
4.949000000000000000e+03
4.950000000000000000e+03
4.951000000000000000e+03
4.952000000000000000e+03
4.953000000000000000e+03
4.955000000000000000e+03
4.957000000000000000e+03
4.958000000000000000e+03
4.962000000000000000e+03
4.963000000000000000e+03
4.964000000000000000e+03
4.970000000000000000e+03
4.980000000000000000e+03
4.981000000000000000e+03
4.984000000000000000e+03
4.985000000000000000e+03
4.989000000000000000e+03
4.990000000000000000e+03
4.991000000000000000e+03
4.992000000000000000e+03
4.994000000000000000e+03
4.995000000000000000e+03
4.998000000000000000e+03
4.999000000000000000e+03
5.002000000000000000e+03
5.010000000000000000e+03
5.011000000000000000e+03
5.012000000000000000e+03
5.014000000000000000e+03
5.016000000000000000e+03
5.019000000000000000e+03
5.025000000000000000e+03
5.028000000000000000e+03
5.032000000000000000e+03
5.033000000000000000e+03
5.035000000000000000e+03
5.040000000000000000e+03
5.041000000000000000e+03
5.043000000000000000e+03
5.048000000000000000e+03
5.050000000000000000e+03
5.054000000000000000e+03
5.055000000000000000e+03
5.057000000000000000e+03
5.058000000000000000e+03
5.059000000000000000e+03
5.061000000000000000e+03
5.063000000000000000e+03
5.065000000000000000e+03
5.067000000000000000e+03
5.068000000000000000e+03
5.070000000000000000e+03
5.071000000000000000e+03
5.073000000000000000e+03
5.075000000000000000e+03
5.077000000000000000e+03
5.081000000000000000e+03
5.084000000000000000e+03
5.089000000000000000e+03
5.090000000000000000e+03
5.093000000000000000e+03
5.094000000000000000e+03
5.095000000000000000e+03
5.098000000000000000e+03
5.101000000000000000e+03
5.106000000000000000e+03
5.108000000000000000e+03
5.109000000000000000e+03
5.110000000000000000e+03
5.112000000000000000e+03
5.115000000000000000e+03
5.116000000000000000e+03
5.127000000000000000e+03
5.130000000000000000e+03
5.131000000000000000e+03
5.133000000000000000e+03
5.137000000000000000e+03
5.144000000000000000e+03
5.155000000000000000e+03
5.156000000000000000e+03
5.158000000000000000e+03
5.159000000000000000e+03
5.161000000000000000e+03
5.163000000000000000e+03
5.164000000000000000e+03
5.175000000000000000e+03
5.176000000000000000e+03
5.183000000000000000e+03
5.185000000000000000e+03
5.189000000000000000e+03
5.191000000000000000e+03
5.194000000000000000e+03
5.199000000000000000e+03
5.202000000000000000e+03
5.207000000000000000e+03
5.208000000000000000e+03
5.209000000000000000e+03
5.211000000000000000e+03
5.213000000000000000e+03
5.217000000000000000e+03
5.228000000000000000e+03
5.229000000000000000e+03
5.233000000000000000e+03
5.239000000000000000e+03
5.240000000000000000e+03
5.241000000000000000e+03
5.245000000000000000e+03
5.247000000000000000e+03
5.255000000000000000e+03
5.256000000000000000e+03
5.258000000000000000e+03
5.266000000000000000e+03
5.267000000000000000e+03
5.270000000000000000e+03
5.273000000000000000e+03
5.276000000000000000e+03
5.280000000000000000e+03
5.284000000000000000e+03
5.289000000000000000e+03
5.290000000000000000e+03
5.294000000000000000e+03
5.295000000000000000e+03
5.297000000000000000e+03
5.298000000000000000e+03
5.305000000000000000e+03
5.309000000000000000e+03
5.310000000000000000e+03
5.314000000000000000e+03
5.316000000000000000e+03
5.319000000000000000e+03
5.323000000000000000e+03
5.324000000000000000e+03
5.332000000000000000e+03
5.333000000000000000e+03
5.335000000000000000e+03
5.336000000000000000e+03
5.337000000000000000e+03
5.340000000000000000e+03
5.343000000000000000e+03
5.345000000000000000e+03
5.352000000000000000e+03
5.355000000000000000e+03
5.356000000000000000e+03
5.357000000000000000e+03
5.358000000000000000e+03
5.363000000000000000e+03
5.367000000000000000e+03
5.369000000000000000e+03
5.371000000000000000e+03
5.373000000000000000e+03
5.374000000000000000e+03
5.376000000000000000e+03
5.377000000000000000e+03
5.378000000000000000e+03
5.381000000000000000e+03
5.382000000000000000e+03
5.386000000000000000e+03
5.388000000000000000e+03
5.389000000000000000e+03
5.390000000000000000e+03
5.394000000000000000e+03
5.395000000000000000e+03
5.396000000000000000e+03
5.397000000000000000e+03
5.399000000000000000e+03
5.401000000000000000e+03
5.405000000000000000e+03
5.407000000000000000e+03
5.408000000000000000e+03
5.410000000000000000e+03
5.412000000000000000e+03
5.413000000000000000e+03
5.414000000000000000e+03
5.417000000000000000e+03
5.423000000000000000e+03
5.432000000000000000e+03
5.434000000000000000e+03
5.436000000000000000e+03
5.437000000000000000e+03
5.438000000000000000e+03
5.444000000000000000e+03
5.446000000000000000e+03
5.451000000000000000e+03
5.453000000000000000e+03
5.455000000000000000e+03
5.456000000000000000e+03
5.458000000000000000e+03
5.461000000000000000e+03
5.463000000000000000e+03
5.467000000000000000e+03
5.468000000000000000e+03
5.471000000000000000e+03
5.472000000000000000e+03
5.475000000000000000e+03
5.476000000000000000e+03
5.479000000000000000e+03
5.488000000000000000e+03
5.499000000000000000e+03
5.500000000000000000e+03
5.503000000000000000e+03
5.504000000000000000e+03
5.511000000000000000e+03
5.512000000000000000e+03
5.516000000000000000e+03
5.527000000000000000e+03
5.528000000000000000e+03
5.532000000000000000e+03
5.533000000000000000e+03
5.536000000000000000e+03
5.539000000000000000e+03
5.544000000000000000e+03
5.546000000000000000e+03
5.547000000000000000e+03
5.549000000000000000e+03
5.553000000000000000e+03
5.555000000000000000e+03
5.556000000000000000e+03
5.559000000000000000e+03
5.560000000000000000e+03
5.566000000000000000e+03
5.567000000000000000e+03
5.573000000000000000e+03
5.576000000000000000e+03
5.577000000000000000e+03
5.583000000000000000e+03
5.584000000000000000e+03
5.586000000000000000e+03
5.589000000000000000e+03
5.590000000000000000e+03
5.591000000000000000e+03
5.592000000000000000e+03
5.596000000000000000e+03
5.600000000000000000e+03
5.603000000000000000e+03
5.604000000000000000e+03
5.606000000000000000e+03
5.609000000000000000e+03
5.612000000000000000e+03
5.613000000000000000e+03
5.615000000000000000e+03
5.616000000000000000e+03
5.618000000000000000e+03
5.619000000000000000e+03
5.626000000000000000e+03
5.631000000000000000e+03
5.632000000000000000e+03
5.637000000000000000e+03
5.641000000000000000e+03
5.647000000000000000e+03
5.648000000000000000e+03
5.649000000000000000e+03
5.650000000000000000e+03
5.653000000000000000e+03
5.654000000000000000e+03
5.655000000000000000e+03
5.657000000000000000e+03
5.658000000000000000e+03
5.659000000000000000e+03
5.661000000000000000e+03
5.665000000000000000e+03
5.666000000000000000e+03
5.667000000000000000e+03
5.672000000000000000e+03
5.676000000000000000e+03
5.679000000000000000e+03
5.684000000000000000e+03
5.688000000000000000e+03
5.689000000000000000e+03
5.691000000000000000e+03
5.692000000000000000e+03
5.702000000000000000e+03
5.703000000000000000e+03
5.704000000000000000e+03
5.706000000000000000e+03
5.707000000000000000e+03
5.710000000000000000e+03
5.715000000000000000e+03
5.718000000000000000e+03
5.726000000000000000e+03
5.728000000000000000e+03
5.730000000000000000e+03
5.733000000000000000e+03
5.737000000000000000e+03
5.739000000000000000e+03
5.741000000000000000e+03
5.743000000000000000e+03
5.746000000000000000e+03
5.747000000000000000e+03
5.749000000000000000e+03
5.751000000000000000e+03
5.762000000000000000e+03
5.765000000000000000e+03
5.768000000000000000e+03
5.771000000000000000e+03
5.772000000000000000e+03
5.773000000000000000e+03
5.774000000000000000e+03
5.777000000000000000e+03
5.783000000000000000e+03
5.784000000000000000e+03
5.786000000000000000e+03
5.791000000000000000e+03
5.792000000000000000e+03
5.793000000000000000e+03
5.795000000000000000e+03
5.797000000000000000e+03
5.798000000000000000e+03
5.805000000000000000e+03
5.806000000000000000e+03
5.808000000000000000e+03
5.810000000000000000e+03
5.813000000000000000e+03
5.814000000000000000e+03
5.817000000000000000e+03
5.819000000000000000e+03
5.821000000000000000e+03
5.822000000000000000e+03
5.826000000000000000e+03
5.829000000000000000e+03
5.835000000000000000e+03
5.836000000000000000e+03
5.838000000000000000e+03
5.842000000000000000e+03
5.844000000000000000e+03
5.847000000000000000e+03
5.851000000000000000e+03
5.856000000000000000e+03
5.858000000000000000e+03
5.860000000000000000e+03
5.863000000000000000e+03
5.864000000000000000e+03
5.866000000000000000e+03
5.868000000000000000e+03
5.869000000000000000e+03
5.874000000000000000e+03
5.877000000000000000e+03
5.881000000000000000e+03
5.882000000000000000e+03
5.883000000000000000e+03
5.884000000000000000e+03
5.888000000000000000e+03
5.893000000000000000e+03
5.894000000000000000e+03
5.895000000000000000e+03
5.898000000000000000e+03
5.900000000000000000e+03
5.901000000000000000e+03
5.902000000000000000e+03
5.908000000000000000e+03
5.910000000000000000e+03
5.912000000000000000e+03
5.913000000000000000e+03
5.914000000000000000e+03
5.916000000000000000e+03
5.919000000000000000e+03
5.920000000000000000e+03
5.921000000000000000e+03
5.923000000000000000e+03
5.933000000000000000e+03
5.934000000000000000e+03
5.935000000000000000e+03
5.938000000000000000e+03
5.943000000000000000e+03
5.944000000000000000e+03
5.948000000000000000e+03
5.950000000000000000e+03
5.956000000000000000e+03
5.964000000000000000e+03
