3.900000000000000000e+01
2.680000000000000000e+02
3.180000000000000000e+02
4.290000000000000000e+02
3.980000000000000000e+02
2.570000000000000000e+02
8.000000000000000000e+00
3.600000000000000000e+01
3.360000000000000000e+02
2.110000000000000000e+02
8.900000000000000000e+01
2.800000000000000000e+01
2.300000000000000000e+01
1.970000000000000000e+02
2.500000000000000000e+01
4.000000000000000000e+01
1.200000000000000000e+01
4.110000000000000000e+02
3.470000000000000000e+02
2.600000000000000000e+01
3.400000000000000000e+01
3.890000000000000000e+02
3.770000000000000000e+02
2.620000000000000000e+02
5.300000000000000000e+01
3.900000000000000000e+02
1.300000000000000000e+01
4.010000000000000000e+02
4.090000000000000000e+02
1.570000000000000000e+02
6.400000000000000000e+01
3.550000000000000000e+02
2.200000000000000000e+01
4.100000000000000000e+02
4.440000000000000000e+02
6.200000000000000000e+01
1.400000000000000000e+01
2.700000000000000000e+01
4.160000000000000000e+02
3.210000000000000000e+02
4.180000000000000000e+02
4.370000000000000000e+02
2.010000000000000000e+02
2.900000000000000000e+01
2.260000000000000000e+02
8.600000000000000000e+01
1.800000000000000000e+01
1.600000000000000000e+02
3.490000000000000000e+02
3.390000000000000000e+02
