1.061200000000000000e+04
1.009100000000000000e+04
7.335000000000000000e+03
5.890000000000000000e+03
6.496000000000000000e+03
8.073000000000000000e+03
2.446000000000000000e+03
1.100600000000000000e+04
3.580000000000000000e+03
9.070000000000000000e+02
4.371000000000000000e+03
1.074800000000000000e+04
7.008000000000000000e+03
8.527000000000000000e+03
7.717000000000000000e+03
3.528000000000000000e+03
7.888000000000000000e+03
6.590000000000000000e+02
1.282000000000000000e+03
1.051700000000000000e+04
7.243000000000000000e+03
8.017000000000000000e+03
3.291000000000000000e+03
8.295000000000000000e+03
1.064000000000000000e+03
7.999000000000000000e+03
3.247000000000000000e+03
9.004000000000000000e+03
9.911000000000000000e+03
4.127000000000000000e+03
6.422000000000000000e+03
2.939000000000000000e+03
3.926000000000000000e+03
3.251000000000000000e+03
1.346000000000000000e+03
2.705000000000000000e+03
4.706000000000000000e+03
4.542000000000000000e+03
8.463000000000000000e+03
4.040000000000000000e+03
2.934000000000000000e+03
9.261000000000000000e+03
9.878000000000000000e+03
9.856000000000000000e+03
1.658000000000000000e+03
6.034000000000000000e+03
2.630000000000000000e+02
8.829000000000000000e+03
8.550000000000000000e+02
9.513000000000000000e+03
