1.061200000000000000e+04
1.009100000000000000e+04
7.335000000000000000e+03
6.496000000000000000e+03
8.073000000000000000e+03
9.065000000000000000e+03
2.880000000000000000e+02
6.306000000000000000e+03
1.205000000000000000e+03
6.430000000000000000e+03
7.718000000000000000e+03
1.002900000000000000e+04
6.702000000000000000e+03
3.911000000000000000e+03
6.590000000000000000e+02
5.140000000000000000e+03
6.652000000000000000e+03
1.591000000000000000e+03
8.527000000000000000e+03
8.477000000000000000e+03
2.630000000000000000e+02
9.300000000000000000e+02
3.580000000000000000e+03
8.898000000000000000e+03
8.360000000000000000e+02
9.911000000000000000e+03
9.719000000000000000e+03
7.888000000000000000e+03
6.558000000000000000e+03
9.261000000000000000e+03
5.420000000000000000e+03
1.064000000000000000e+03
9.513000000000000000e+03
4.222000000000000000e+03
1.419000000000000000e+03
7.008000000000000000e+03
7.243000000000000000e+03
8.017000000000000000e+03
3.291000000000000000e+03
4.988000000000000000e+03
3.643000000000000000e+03
1.560000000000000000e+03
7.999000000000000000e+03
4.127000000000000000e+03
1.057700000000000000e+04
1.720000000000000000e+03
8.295000000000000000e+03
3.251000000000000000e+03
6.142000000000000000e+03
4.003000000000000000e+03
