1.061200000000000000e+04
1.012400000000000000e+04
7.768000000000000000e+03
7.738000000000000000e+03
7.254000000000000000e+03
1.078800000000000000e+04
4.976000000000000000e+03
1.584000000000000000e+03
3.735000000000000000e+03
6.164000000000000000e+03
8.950000000000000000e+03
1.457000000000000000e+03
7.940000000000000000e+02
9.028000000000000000e+03
8.585000000000000000e+03
1.055700000000000000e+04
8.463000000000000000e+03
1.131000000000000000e+03
2.159000000000000000e+03
3.417000000000000000e+03
8.829000000000000000e+03
2.775000000000000000e+03
1.057700000000000000e+04
1.051700000000000000e+04
4.040000000000000000e+03
7.718000000000000000e+03
3.251000000000000000e+03
5.967000000000000000e+03
1.720000000000000000e+03
7.456000000000000000e+03
4.409000000000000000e+03
2.934000000000000000e+03
1.115800000000000000e+04
2.176000000000000000e+03
4.375000000000000000e+03
7.087000000000000000e+03
9.261000000000000000e+03
7.999000000000000000e+03
3.247000000000000000e+03
2.583000000000000000e+03
4.222000000000000000e+03
3.291000000000000000e+03
3.546000000000000000e+03
1.050500000000000000e+04
4.685000000000000000e+03
3.580000000000000000e+03
5.420000000000000000e+03
9.300000000000000000e+02
6.590000000000000000e+02
3.981000000000000000e+03
