6.966000000000000000e+03
6.660000000000000000e+02
3.135000000000000000e+03
8.284000000000000000e+03
5.563000000000000000e+03
5.099000000000000000e+03
7.444000000000000000e+03
5.687000000000000000e+03
7.815000000000000000e+03
4.900000000000000000e+03
5.577000000000000000e+03
7.668000000000000000e+03
6.448000000000000000e+03
4.989000000000000000e+03
8.778000000000000000e+03
7.030000000000000000e+03
5.210000000000000000e+03
8.001000000000000000e+03
7.773000000000000000e+03
4.236000000000000000e+03
8.276000000000000000e+03
8.786000000000000000e+03
1.163000000000000000e+03
4.228000000000000000e+03
6.358000000000000000e+03
5.887000000000000000e+03
8.793000000000000000e+03
5.237000000000000000e+03
6.994000000000000000e+03
5.093000000000000000e+03
5.550000000000000000e+03
7.885000000000000000e+03
3.185000000000000000e+03
4.347000000000000000e+03
7.556000000000000000e+03
5.209000000000000000e+03
8.673000000000000000e+03
5.348000000000000000e+03
7.718000000000000000e+03
8.002000000000000000e+03
7.884000000000000000e+03
7.666000000000000000e+03
7.816000000000000000e+03
5.239000000000000000e+03
6.694000000000000000e+03
5.438000000000000000e+03
1.077000000000000000e+03
7.661000000000000000e+03
4.124000000000000000e+03
8.894000000000000000e+03
