4.162000000000000000e+03
2.710000000000000000e+03
3.077000000000000000e+03
2.806000000000000000e+03
8.510000000000000000e+02
3.358000000000000000e+03
5.760000000000000000e+02
1.789000000000000000e+03
3.425000000000000000e+03
1.701000000000000000e+03
2.525000000000000000e+03
4.709000000000000000e+03
9.900000000000000000e+01
2.084000000000000000e+03
4.479000000000000000e+03
4.203000000000000000e+03
3.341000000000000000e+03
2.526000000000000000e+03
8.930000000000000000e+02
5.571000000000000000e+03
8.170000000000000000e+02
3.270000000000000000e+03
4.798000000000000000e+03
4.926000000000000000e+03
1.677000000000000000e+03
5.510000000000000000e+03
8.400000000000000000e+01
4.867000000000000000e+03
5.152000000000000000e+03
3.300000000000000000e+02
5.427000000000000000e+03
3.665000000000000000e+03
2.231000000000000000e+03
3.474000000000000000e+03
1.310000000000000000e+03
8.320000000000000000e+02
3.576000000000000000e+03
9.200000000000000000e+02
4.014000000000000000e+03
2.884000000000000000e+03
1.113000000000000000e+03
1.452000000000000000e+03
8.900000000000000000e+02
5.038000000000000000e+03
5.472000000000000000e+03
3.790000000000000000e+02
3.505000000000000000e+03
2.989000000000000000e+03
8.530000000000000000e+02
2.450000000000000000e+02
