2.664000000000000000e+03
2.756000000000000000e+03
1.870000000000000000e+03
5.188000000000000000e+03
4.988000000000000000e+03
1.163000000000000000e+03
3.101000000000000000e+03
2.000000000000000000e+01
1.782000000000000000e+03
5.486000000000000000e+03
4.792000000000000000e+03
3.767000000000000000e+03
4.743000000000000000e+03
4.491000000000000000e+03
4.155000000000000000e+03
1.012000000000000000e+03
4.084000000000000000e+03
2.518000000000000000e+03
3.108000000000000000e+03
1.311000000000000000e+03
3.994000000000000000e+03
2.106000000000000000e+03
2.740000000000000000e+02
2.630000000000000000e+03
1.317000000000000000e+03
2.433000000000000000e+03
2.497000000000000000e+03
4.867000000000000000e+03
3.056000000000000000e+03
3.160000000000000000e+02
5.535000000000000000e+03
2.264000000000000000e+03
1.384000000000000000e+03
1.797000000000000000e+03
5.740000000000000000e+02
3.921000000000000000e+03
4.061000000000000000e+03
4.859000000000000000e+03
3.593000000000000000e+03
2.966000000000000000e+03
2.998000000000000000e+03
2.314000000000000000e+03
2.000000000000000000e+00
1.310000000000000000e+03
2.876000000000000000e+03
1.075000000000000000e+03
5.180000000000000000e+03
3.302000000000000000e+03
1.387000000000000000e+03
3.175000000000000000e+03
