1.365000000000000000e+03
2.865000000000000000e+03
2.598000000000000000e+03
2.540000000000000000e+03
1.200000000000000000e+02
3.850000000000000000e+03
3.119000000000000000e+03
1.355000000000000000e+03
2.772000000000000000e+03
1.428000000000000000e+03
3.463000000000000000e+03
2.896000000000000000e+03
5.542000000000000000e+03
3.415000000000000000e+03
1.344000000000000000e+03
2.773000000000000000e+03
2.695000000000000000e+03
1.598000000000000000e+03
3.196000000000000000e+03
4.546000000000000000e+03
4.845000000000000000e+03
1.695000000000000000e+03
2.436000000000000000e+03
3.926000000000000000e+03
5.704000000000000000e+03
3.237000000000000000e+03
6.480000000000000000e+02
5.656000000000000000e+03
3.459000000000000000e+03
2.458000000000000000e+03
2.028000000000000000e+03
1.189000000000000000e+03
4.117000000000000000e+03
2.600000000000000000e+02
4.570000000000000000e+03
4.786000000000000000e+03
4.274000000000000000e+03
3.468000000000000000e+03
2.982000000000000000e+03
2.208000000000000000e+03
3.383000000000000000e+03
8.730000000000000000e+02
1.151000000000000000e+03
4.600000000000000000e+01
5.383000000000000000e+03
2.487000000000000000e+03
1.830000000000000000e+02
5.280000000000000000e+02
4.931000000000000000e+03
4.869000000000000000e+03
