2.419000000000000000e+03
1.665000000000000000e+03
1.372000000000000000e+03
1.553000000000000000e+03
1.490000000000000000e+03
1.612000000000000000e+03
1.554000000000000000e+03
1.305000000000000000e+03
1.791000000000000000e+03
1.607000000000000000e+03
7.250000000000000000e+02
1.233000000000000000e+03
5.880000000000000000e+02
1.477000000000000000e+03
9.200000000000000000e+02
1.235000000000000000e+03
9.040000000000000000e+02
5.040000000000000000e+02
9.100000000000000000e+02
1.237000000000000000e+03
1.683000000000000000e+03
8.010000000000000000e+02
2.970000000000000000e+02
7.200000000000000000e+02
1.231000000000000000e+03
8.280000000000000000e+02
1.655000000000000000e+03
1.627000000000000000e+03
1.011000000000000000e+03
6.110000000000000000e+02
1.194000000000000000e+03
1.234000000000000000e+03
5.200000000000000000e+02
5.020000000000000000e+02
1.956000000000000000e+03
3.010000000000000000e+02
1.236000000000000000e+03
9.090000000000000000e+02
1.736000000000000000e+03
9.240000000000000000e+02
7.760000000000000000e+02
6.950000000000000000e+02
5.580000000000000000e+02
9.060000000000000000e+02
1.411000000000000000e+03
1.682000000000000000e+03
8.270000000000000000e+02
5.840000000000000000e+02
1.291000000000000000e+03
8.540000000000000000e+02
