2.419000000000000000e+03
1.665000000000000000e+03
1.554000000000000000e+03
1.413000000000000000e+03
1.305000000000000000e+03
1.612000000000000000e+03
1.655000000000000000e+03
1.607000000000000000e+03
1.839000000000000000e+03
1.553000000000000000e+03
1.360000000000000000e+03
1.423000000000000000e+03
1.233000000000000000e+03
7.250000000000000000e+02
1.791000000000000000e+03
1.011000000000000000e+03
7.160000000000000000e+02
1.231000000000000000e+03
8.010000000000000000e+02
1.625000000000000000e+03
6.110000000000000000e+02
1.237000000000000000e+03
5.880000000000000000e+02
1.805000000000000000e+03
1.235000000000000000e+03
5.040000000000000000e+02
1.627000000000000000e+03
7.200000000000000000e+02
2.970000000000000000e+02
6.940000000000000000e+02
1.411000000000000000e+03
9.100000000000000000e+02
1.682000000000000000e+03
8.280000000000000000e+02
4.700000000000000000e+02
4.490000000000000000e+02
1.324000000000000000e+03
1.234000000000000000e+03
1.683000000000000000e+03
8.540000000000000000e+02
6.950000000000000000e+02
6.670000000000000000e+02
9.620000000000000000e+02
1.236000000000000000e+03
1.140000000000000000e+03
1.738000000000000000e+03
6.650000000000000000e+02
9.060000000000000000e+02
1.901000000000000000e+03
7.760000000000000000e+02
