7.800000000000000000e+02
1.324000000000000000e+03
4.190000000000000000e+02
4.960000000000000000e+02
8.780000000000000000e+02
8.030000000000000000e+02
1.368000000000000000e+03
7.440000000000000000e+02
1.184000000000000000e+03
2.125000000000000000e+03
1.583000000000000000e+03
1.458000000000000000e+03
1.760000000000000000e+03
1.364000000000000000e+03
8.400000000000000000e+01
8.630000000000000000e+02
1.522000000000000000e+03
2.245000000000000000e+03
3.840000000000000000e+02
1.362000000000000000e+03
2.369000000000000000e+03
8.160000000000000000e+02
1.125000000000000000e+03
2.123000000000000000e+03
1.559000000000000000e+03
8.230000000000000000e+02
7.430000000000000000e+02
2.366000000000000000e+03
1.422000000000000000e+03
8.860000000000000000e+02
2.057000000000000000e+03
1.644000000000000000e+03
5.650000000000000000e+02
1.543000000000000000e+03
2.277000000000000000e+03
1.069000000000000000e+03
8.570000000000000000e+02
2.850000000000000000e+02
4.420000000000000000e+02
1.244000000000000000e+03
3.870000000000000000e+02
1.105000000000000000e+03
1.643000000000000000e+03
1.373000000000000000e+03
1.342000000000000000e+03
1.363000000000000000e+03
2.184000000000000000e+03
2.980000000000000000e+02
8.770000000000000000e+02
1.997000000000000000e+03
