1.081000000000000000e+03
1.992000000000000000e+03
2.096000000000000000e+03
1.996000000000000000e+03
1.521000000000000000e+03
2.323000000000000000e+03
1.422000000000000000e+03
2.245000000000000000e+03
2.366000000000000000e+03
1.522000000000000000e+03
2.057000000000000000e+03
1.760000000000000000e+03
1.644000000000000000e+03
1.458000000000000000e+03
1.364000000000000000e+03
7.430000000000000000e+02
1.523000000000000000e+03
1.482000000000000000e+03
2.123000000000000000e+03
1.071000000000000000e+03
7.440000000000000000e+02
8.160000000000000000e+02
5.650000000000000000e+02
1.937000000000000000e+03
1.185000000000000000e+03
1.362000000000000000e+03
1.519000000000000000e+03
1.672000000000000000e+03
2.217000000000000000e+03
3.840000000000000000e+02
2.369000000000000000e+03
1.184000000000000000e+03
1.344000000000000000e+03
4.420000000000000000e+02
1.643000000000000000e+03
2.850000000000000000e+02
1.559000000000000000e+03
1.824000000000000000e+03
1.245000000000000000e+03
8.230000000000000000e+02
1.355000000000000000e+03
1.459000000000000000e+03
1.368000000000000000e+03
6.840000000000000000e+02
3.870000000000000000e+02
1.069000000000000000e+03
1.483000000000000000e+03
8.760000000000000000e+02
2.125000000000000000e+03
1.583000000000000000e+03
