9.100000000000000000e+01
4.000000000000000000e+00
1.440000000000000000e+02
1.020000000000000000e+02
6.600000000000000000e+01
1.570000000000000000e+02
0.000000000000000000e+00
1.450000000000000000e+02
5.900000000000000000e+01
6.500000000000000000e+01
1.060000000000000000e+02
1.210000000000000000e+02
1.220000000000000000e+02
8.900000000000000000e+01
1.630000000000000000e+02
7.200000000000000000e+01
1.900000000000000000e+01
7.700000000000000000e+01
7.000000000000000000e+00
7.900000000000000000e+01
4.400000000000000000e+01
7.300000000000000000e+01
1.080000000000000000e+02
7.400000000000000000e+01
6.100000000000000000e+01
1.550000000000000000e+02
1.530000000000000000e+02
5.500000000000000000e+01
3.800000000000000000e+01
1.560000000000000000e+02
1.000000000000000000e+01
1.100000000000000000e+02
1.050000000000000000e+02
1.400000000000000000e+01
1.500000000000000000e+01
5.400000000000000000e+01
2.700000000000000000e+01
2.600000000000000000e+01
1.490000000000000000e+02
3.900000000000000000e+01
1.410000000000000000e+02
1.360000000000000000e+02
8.700000000000000000e+01
1.460000000000000000e+02
2.400000000000000000e+01
1.200000000000000000e+02
2.900000000000000000e+01
1.270000000000000000e+02
3.300000000000000000e+01
3.200000000000000000e+01
