9.010000000000000000e+02
1.215000000000000000e+03
2.650000000000000000e+02
3.240000000000000000e+02
3.840000000000000000e+02
4.440000000000000000e+02
5.040000000000000000e+02
1.275000000000000000e+03
6.880000000000000000e+02
7.480000000000000000e+02
6.290000000000000000e+02
6.890000000000000000e+02
1.335000000000000000e+03
4.900000000000000000e+01
4.800000000000000000e+01
4.700000000000000000e+01
1.157000000000000000e+03
1.217000000000000000e+03
8.080000000000000000e+02
8.680000000000000000e+02
1.276000000000000000e+03
1.216000000000000000e+03
1.800000000000000000e+02
1.210000000000000000e+02
1.364000000000000000e+03
1.424000000000000000e+03
1.454000000000000000e+03
1.480000000000000000e+02
1.470000000000000000e+02
1.460000000000000000e+02
1.450000000000000000e+02
2.070000000000000000e+02
2.080000000000000000e+02
2.060000000000000000e+02
2.050000000000000000e+02
4.470000000000000000e+02
4.460000000000000000e+02
3.870000000000000000e+02
3.880000000000000000e+02
3.890000000000000000e+02
4.490000000000000000e+02
1.156000000000000000e+03
1.520000000000000000e+02
9.200000000000000000e+01
9.300000000000000000e+01
1.540000000000000000e+02
9.400000000000000000e+01
1.550000000000000000e+02
1.560000000000000000e+02
9.500000000000000000e+01
