[24, 48, 59, 67, 72, 76, 88, 94, 120, 121, 130, 136, 148, 155, 160, 167, 177, 181, 213, 214]
[16, 22, 36, 59, 68, 70, 82, 84, 88, 90, 94, 125, 130, 142, 149, 150, 154, 162, 212, 214]
[4, 15, 26, 46, 48, 57, 58, 112, 120, 124, 129, 130, 141, 149, 172, 196, 197, 210, 213, 214]
[22, 24, 48, 63, 70, 78, 79, 82, 83, 88, 94, 123, 130, 142, 154, 162, 174, 175, 187, 205]
[13, 22, 27, 59, 70, 79, 94, 97, 111, 121, 123, 130, 151, 154, 157, 163, 169, 171, 183, 202]
[]
[]
[]
[]
[24, 48, 59, 72, 74, 76, 84, 88, 94, 111, 120, 121, 130, 155, 160, 167, 171, 177, 202, 214]
[12, 24, 59, 72, 76, 94, 95, 115, 119, 120, 130, 141, 156, 160, 163, 168, 171, 181, 183, 204]
[4, 22, 57, 69, 70, 84, 100, 118, 120, 125, 126, 131, 154, 186, 196, 197, 202, 208, 210, 214]
[24, 59, 64, 72, 84, 95, 105, 120, 129, 130, 141, 163, 168, 171, 173, 177, 181, 184, 191, 215]
[12, 20, 24, 31, 59, 60, 84, 91, 95, 115, 125, 127, 129, 141, 158, 175, 184, 202, 204, 215]
[]
[]
[]
[]
[4, 24, 39, 44, 80, 84, 94, 105, 111, 120, 129, 132, 141, 155, 167, 171, 184, 196, 202, 208]
[19, 22, 24, 29, 31, 41, 59, 60, 65, 67, 70, 120, 137, 154, 167, 168, 184, 204, 213, 214]
[4, 13, 15, 24, 51, 63, 84, 105, 115, 120, 123, 127, 129, 132, 141, 159, 171, 188, 196, 202]
[4, 8, 24, 51, 72, 84, 91, 115, 127, 128, 137, 139, 140, 141, 149, 152, 159, 167, 196, 208]
[19, 51, 60, 82, 84, 91, 115, 120, 121, 123, 125, 127, 130, 140, 167, 175, 196, 208, 212, 214]
[]
[]
[]
[]
[10, 24, 38, 50, 59, 94, 114, 120, 121, 126, 130, 142, 144, 150, 155, 158, 170, 186, 190, 214]
[6, 12, 33, 34, 41, 67, 78, 95, 105, 117, 148, 158, 166, 170, 177, 186, 197, 205, 214, 215]
[14, 45, 59, 74, 84, 86, 93, 94, 98, 100, 109, 144, 155, 158, 162, 174, 177, 197, 213, 214]
[12, 18, 23, 38, 41, 54, 55, 59, 62, 90, 103, 138, 144, 150, 155, 160, 170, 197, 210, 213]
[18, 38, 42, 43, 50, 54, 59, 62, 66, 70, 84, 95, 113, 120, 144, 160, 167, 209, 210, 214]
[]
[]
[]
[]
[]
[6, 31, 38, 50, 59, 62, 63, 67, 72, 79, 83, 109, 123, 139, 150, 170, 175, 198, 203, 209]
[17, 22, 48, 55, 77, 79, 82, 83, 89, 94, 101, 115, 118, 161, 167, 169, 175, 177, 190, 210]
[26, 30, 31, 38, 41, 55, 66, 79, 83, 85, 94, 98, 103, 115, 130, 144, 169, 175, 176, 177]
[31, 42, 55, 61, 79, 85, 91, 109, 118, 125, 127, 130, 144, 149, 151, 167, 171, 182, 203, 205]
[]
[]
[]
[]
[25, 31, 37, 38, 39, 45, 50, 59, 67, 79, 86, 109, 130, 163, 170, 174, 196, 208, 213, 214]
[9, 14, 67, 69, 74, 105, 111, 117, 121, 129, 130, 132, 141, 151, 169, 174, 177, 181, 189, 205]
[3, 4, 15, 19, 26, 31, 35, 79, 87, 99, 115, 121, 139, 147, 168, 169, 175, 195, 196, 213]
[17, 41, 43, 61, 71, 73, 91, 97, 121, 127, 130, 151, 158, 174, 179, 181, 191, 196, 202, 207]
[3, 15, 27, 37, 39, 44, 75, 87, 99, 115, 127, 130, 135, 147, 159, 163, 195, 202, 207, 213]
[]
[]
[]
[]
[4, 15, 24, 44, 80, 84, 94, 106, 111, 120, 129, 132, 141, 155, 167, 171, 177, 196, 202, 208]
[23, 24, 34, 47, 59, 82, 95, 100, 107, 166, 167, 168, 179, 192, 202, 203, 204, 208, 213, 215]
[16, 28, 40, 43, 76, 84, 88, 94, 111, 124, 129, 132, 136, 172, 177, 184, 196, 202, 208, 214]
[3, 13, 15, 24, 60, 75, 87, 115, 120, 127, 129, 141, 159, 167, 168, 171, 184, 195, 202, 208]
[4, 8, 13, 19, 24, 27, 39, 51, 59, 75, 84, 91, 115, 125, 127, 141, 159, 163, 195, 196]
[]
[]
[]
[]
[24, 59, 60, 72, 74, 76, 88, 94, 120, 121, 130, 136, 148, 155, 156, 160, 171, 177, 181, 214]
[14, 20, 33, 34, 42, 44, 45, 57, 60, 61, 69, 72, 117, 144, 148, 162, 166, 168, 177, 210]
[12, 16, 33, 45, 59, 72, 76, 78, 83, 94, 100, 106, 123, 155, 167, 177, 181, 194, 197, 214]
[4, 12, 14, 24, 44, 59, 60, 80, 102, 111, 160, 162, 168, 171, 177, 184, 196, 202, 204, 214]
[4, 15, 20, 27, 44, 45, 57, 59, 72, 73, 80, 148, 156, 160, 171, 174, 196, 209, 214, 215]
[]
[]
[]
[]
[17, 24, 26, 38, 41, 50, 59, 72, 84, 94, 120, 121, 130, 137, 144, 155, 167, 170, 177, 197]
[12, 28, 38, 45, 50, 57, 59, 60, 64, 78, 81, 129, 141, 150, 165, 170, 184, 201, 204, 214]
[5, 14, 29, 35, 38, 41, 50, 67, 94, 98, 113, 118, 120, 130, 131, 150, 158, 185, 213, 214]
[14, 26, 31, 41, 60, 67, 72, 81, 84, 93, 94, 117, 119, 158, 165, 183, 184, 194, 197, 210]
[9, 14, 28, 31, 69, 72, 74, 86, 94, 117, 119, 138, 144, 170, 171, 174, 175, 184, 189, 197]
[]
[]
[]
[]
[16, 39, 42, 51, 70, 75, 79, 83, 94, 100, 114, 115, 120, 125, 130, 144, 149, 159, 194, 214]
[10, 12, 17, 22, 24, 39, 41, 75, 89, 94, 101, 109, 125, 130, 137, 139, 142, 161, 205, 214]
[12, 30, 34, 66, 71, 72, 75, 83, 98, 115, 122, 133, 142, 156, 158, 166, 194, 206, 212, 214]
[12, 22, 23, 24, 26, 31, 41, 42, 79, 94, 118, 130, 131, 142, 154, 159, 190, 202, 209, 214]
[4, 16, 17, 20, 22, 41, 42, 44, 88, 94, 118, 121, 142, 148, 160, 161, 202, 204, 209, 214]
[]
[]
[]
[]
