[27, 29, 31, 33, 35, 37, 39, 41, 56, 57, 58, 60, 65, 67, 69, 71, 75, 79, 83, 87]
[21, 23, 31, 33, 35, 37, 39, 41, 43, 54, 60, 62, 64, 66, 68, 70, 72, 74, 76, 78]
[25, 35, 37, 39, 41, 43, 45, 47, 48, 49, 51, 53, 55, 57, 59, 61, 69, 71, 73, 78]
[3, 5, 7, 9, 37, 39, 41, 43, 45, 47, 49, 53, 55, 67, 75, 79, 81, 83, 85, 89]
[37, 39, 41, 43, 45, 47, 49, 51, 53, 55, 57, 59, 61, 63, 65, 67, 69, 71, 73, 75]
[]
[]
[]
[]
[]
[]
[]
[]
[]
[20, 22, 24, 26, 28, 30, 32, 34, 36, 48, 50, 52, 55, 57, 61, 63, 69, 71, 86, 88]
[18, 20, 22, 24, 26, 28, 30, 32, 34, 36, 38, 40, 42, 55, 57, 59, 61, 63, 65, 67]
[42, 44, 46, 48, 50, 52, 54, 56, 58, 60, 62, 63, 64, 65, 68, 78, 80, 82, 86, 88]
[14, 16, 18, 20, 22, 24, 30, 32, 34, 36, 38, 44, 46, 48, 50, 54, 56, 63, 75, 77]
[12, 14, 16, 18, 20, 22, 24, 26, 28, 30, 32, 34, 49, 51, 53, 54, 56, 57, 59, 78]
[]
[]
[]
[]
[]
[]
[]
[]
[]
[27, 29, 31, 33, 35, 37, 39, 41, 54, 56, 58, 60, 65, 67, 69, 71, 75, 79, 83, 85]
[21, 23, 29, 33, 35, 37, 39, 41, 43, 49, 51, 62, 64, 66, 68, 70, 72, 74, 76, 78]
[35, 37, 39, 41, 43, 45, 47, 49, 51, 52, 53, 55, 57, 59, 61, 69, 71, 73, 83, 85]
[1, 3, 5, 7, 9, 37, 41, 43, 45, 47, 49, 53, 55, 67, 69, 77, 79, 81, 83, 85]
[35, 37, 39, 41, 43, 45, 47, 49, 51, 53, 55, 57, 59, 61, 63, 65, 67, 69, 73, 75]
[]
[]
[]
[]
[]
[]
[]
[]
[]
[24, 26, 28, 30, 32, 34, 36, 42, 46, 48, 50, 52, 55, 57, 63, 69, 71, 73, 86, 88]
[16, 18, 20, 22, 24, 26, 28, 30, 32, 34, 36, 38, 40, 42, 57, 59, 61, 63, 65, 67]
[40, 42, 44, 46, 48, 50, 52, 54, 56, 58, 60, 62, 64, 65, 68, 70, 80, 82, 86, 88]
[14, 16, 18, 20, 22, 24, 30, 32, 34, 36, 38, 44, 46, 48, 50, 56, 63, 73, 75, 77]
[14, 16, 18, 20, 22, 24, 26, 28, 30, 32, 49, 51, 53, 54, 55, 56, 57, 59, 61, 62]
[]
[]
[]
[]
[]
[]
[]
[]
[]
[27, 29, 31, 33, 35, 37, 39, 41, 54, 56, 58, 59, 60, 65, 67, 69, 71, 75, 79, 81]
[21, 29, 33, 35, 37, 39, 41, 43, 49, 51, 60, 62, 64, 66, 68, 70, 72, 74, 76, 78]
[25, 35, 37, 39, 41, 43, 45, 47, 49, 51, 52, 53, 55, 57, 59, 61, 65, 71, 73, 85]
[1, 3, 5, 7, 11, 37, 39, 41, 43, 45, 47, 49, 53, 55, 67, 81, 83, 85, 87, 89]
[35, 37, 39, 41, 43, 45, 47, 49, 51, 53, 55, 57, 59, 61, 63, 65, 67, 69, 71, 73]
[]
[]
[]
[]
[]
[]
[]
[]
[]
[24, 26, 28, 30, 32, 34, 36, 48, 50, 53, 55, 57, 61, 63, 67, 69, 71, 73, 86, 88]
[18, 20, 22, 24, 26, 28, 30, 32, 34, 36, 38, 40, 42, 57, 59, 60, 61, 63, 65, 67]
[40, 42, 44, 46, 48, 50, 52, 54, 56, 58, 60, 62, 64, 66, 68, 70, 80, 82, 86, 88]
[16, 18, 20, 22, 24, 26, 30, 32, 34, 36, 38, 42, 44, 46, 48, 50, 54, 73, 75, 77]
[12, 14, 16, 18, 20, 22, 24, 26, 28, 30, 32, 34, 49, 51, 53, 54, 56, 57, 59, 78]
[]
[]
[]
[]
[]
[]
[]
[]
[]
[27, 29, 31, 33, 35, 37, 39, 41, 52, 56, 57, 58, 65, 67, 69, 71, 75, 79, 83, 87]
[21, 37, 39, 41, 43, 49, 51, 53, 58, 60, 62, 64, 66, 68, 70, 72, 74, 76, 78, 79]
[35, 37, 39, 41, 43, 45, 49, 51, 53, 55, 57, 59, 61, 63, 65, 69, 73, 83, 85, 87]
[1, 3, 5, 7, 9, 35, 37, 39, 41, 43, 45, 47, 49, 53, 55, 77, 81, 83, 85, 89]
[35, 37, 39, 41, 43, 45, 47, 49, 51, 53, 55, 57, 59, 61, 63, 65, 67, 69, 73, 75]
[]
[]
[]
[]
[]
[]
[]
[]
[]
[24, 26, 28, 30, 32, 34, 36, 48, 50, 55, 57, 63, 65, 67, 69, 71, 73, 79, 86, 88]
[20, 22, 24, 26, 28, 30, 32, 34, 36, 38, 40, 42, 44, 55, 57, 59, 60, 61, 63, 67]
[40, 42, 44, 46, 48, 50, 52, 54, 56, 58, 60, 62, 64, 68, 70, 72, 78, 80, 82, 86]
[18, 20, 22, 24, 26, 28, 30, 32, 34, 36, 38, 40, 42, 44, 46, 48, 56, 73, 75, 77]
[12, 14, 16, 18, 20, 22, 24, 26, 28, 30, 32, 42, 49, 51, 53, 54, 56, 57, 59, 78]
[]
[]
[]
[]
[]
[]
[]
[]
[]
[27, 29, 33, 35, 37, 39, 41, 48, 50, 52, 54, 56, 65, 67, 69, 71, 75, 83, 85, 87]
[21, 39, 41, 43, 49, 51, 53, 55, 57, 62, 64, 65, 67, 68, 70, 72, 74, 76, 78, 83]
[37, 39, 41, 43, 45, 52, 53, 55, 57, 59, 61, 63, 65, 67, 69, 71, 73, 83, 85, 87]
[1, 3, 5, 7, 9, 11, 13, 35, 37, 39, 41, 43, 45, 47, 49, 53, 55, 81, 83, 85]
[37, 39, 41, 43, 45, 47, 49, 51, 53, 55, 57, 59, 61, 63, 65, 67, 69, 73, 75, 77]
[]
[]
[]
[]
[]
[]
[]
[]
[]
[20, 22, 24, 26, 28, 30, 32, 34, 36, 38, 48, 57, 63, 65, 67, 69, 71, 79, 86, 88]
[16, 18, 20, 22, 24, 26, 28, 30, 32, 34, 36, 38, 40, 42, 44, 57, 59, 61, 62, 71]
[34, 36, 42, 44, 46, 48, 50, 52, 54, 56, 58, 60, 62, 64, 68, 70, 72, 78, 80, 82]
[18, 20, 22, 24, 30, 32, 34, 36, 38, 40, 42, 44, 46, 48, 50, 56, 73, 75, 77, 79]
[14, 16, 20, 22, 24, 26, 28, 30, 32, 34, 42, 49, 51, 53, 54, 56, 57, 59, 76, 78]
[]
[]
[]
[]
[]
[]
[]
[]
[]
[33, 35, 37, 39, 41, 43, 48, 50, 52, 54, 56, 57, 65, 67, 69, 71, 75, 79, 81, 83]
[21, 25, 29, 41, 43, 45, 47, 51, 53, 57, 64, 65, 67, 68, 69, 70, 72, 74, 76, 78]
[37, 39, 41, 43, 53, 55, 57, 59, 61, 63, 67, 69, 71, 73, 79, 81, 83, 85, 87, 89]
[1, 3, 5, 7, 9, 11, 33, 35, 37, 39, 41, 43, 45, 47, 49, 53, 55, 69, 71, 73]
[35, 37, 39, 41, 43, 45, 47, 49, 51, 53, 55, 57, 59, 61, 63, 65, 67, 69, 71, 73]
[]
[]
[]
[]
[]
[]
[]
[]
[]
[20, 22, 24, 26, 28, 30, 32, 34, 36, 38, 55, 57, 61, 63, 65, 67, 69, 71, 86, 88]
[18, 20, 22, 24, 26, 28, 30, 32, 34, 36, 38, 40, 42, 44, 55, 57, 59, 60, 61, 63]
[36, 40, 42, 44, 46, 48, 50, 52, 54, 56, 58, 60, 62, 64, 68, 70, 72, 78, 80, 82]
[8, 10, 12, 14, 16, 18, 20, 22, 24, 26, 28, 30, 32, 34, 36, 38, 42, 61, 75, 77]
[12, 14, 20, 22, 24, 26, 28, 30, 32, 42, 49, 51, 53, 54, 55, 56, 57, 59, 61, 63]
[]
[]
[]
[]
[]
[]
[]
[]
[]
[27, 33, 35, 37, 39, 41, 43, 48, 50, 52, 54, 56, 57, 65, 67, 69, 71, 75, 79, 83]
[25, 29, 31, 35, 37, 39, 41, 43, 45, 47, 49, 51, 53, 65, 67, 69, 70, 72, 74, 76]
[35, 37, 39, 41, 43, 47, 53, 55, 57, 59, 61, 65, 69, 73, 79, 81, 83, 85, 87, 89]
[1, 3, 5, 7, 9, 11, 13, 17, 35, 37, 39, 41, 43, 45, 47, 49, 53, 55, 83, 85]
[35, 37, 39, 41, 43, 45, 47, 49, 51, 55, 57, 59, 61, 63, 65, 67, 69, 71, 73, 77]
[]
[]
[]
[]
[]
[]
[]
[]
[]
[20, 22, 24, 26, 28, 30, 32, 34, 36, 38, 48, 50, 57, 63, 65, 67, 69, 71, 86, 88]
[14, 16, 18, 20, 22, 24, 26, 28, 30, 32, 34, 36, 38, 40, 42, 55, 63, 66, 86, 88]
[34, 36, 38, 40, 42, 44, 46, 48, 50, 52, 54, 56, 58, 60, 62, 66, 68, 70, 78, 80]
[10, 14, 16, 18, 20, 22, 24, 26, 28, 30, 32, 34, 36, 38, 61, 63, 73, 75, 77, 89]
[14, 18, 20, 22, 24, 26, 28, 30, 32, 34, 36, 40, 42, 49, 51, 54, 56, 57, 61, 76]
[]
[]
[]
[]
[]
[]
[]
[]
[]
[35, 37, 39, 41, 43, 48, 50, 52, 54, 56, 67, 71, 73, 75, 77, 79, 81, 83, 85, 87]
[25, 27, 29, 31, 33, 35, 37, 41, 46, 48, 50, 51, 52, 54, 56, 58, 66, 67, 68, 76]
[19, 35, 37, 39, 41, 43, 45, 47, 57, 59, 61, 69, 71, 73, 79, 81, 83, 85, 87, 89]
[1, 3, 5, 7, 9, 11, 13, 15, 17, 23, 35, 37, 41, 43, 45, 47, 49, 53, 83, 85]
[35, 37, 39, 41, 43, 45, 47, 49, 51, 55, 57, 59, 61, 63, 65, 67, 69, 71, 73, 77]
[]
[]
[]
[]
[]
[]
[]
[]
[]
