[262, 292, 438, 913, 2818, 3266, 3378, 3604, 4177, 4398, 4733, 4996, 6541, 6628, 6853, 6854, 7408, 7633, 7745, 8006]
[286, 403, 511, 593, 1414, 3677, 3707, 3760, 4094, 4717, 4789, 4901, 4939, 5052, 5723, 8201, 8313, 8894, 9010, 9572]
[]
[493, 494, 602, 603, 604, 704, 823, 945, 3553, 3653, 3665, 3984, 4001, 7997, 8443, 8444, 8992, 8997, 9011, 9688]
[175, 604, 740, 1827, 1994, 2161, 2162, 2270, 2272, 2767, 3524, 4230, 7781, 7892, 7893, 7980, 8467, 8598, 9042, 9704]
[]
[]
[]
[]
[812, 923, 1143, 1147, 1479, 1480, 2787, 3215, 3768, 4045, 4126, 4492, 5164, 5725, 6846, 7139, 7727, 8443, 8754, 9689]
[74, 178, 553, 640, 665, 1113, 2700, 3781, 4040, 4151, 4377, 4598, 4988, 5687, 5911, 8615, 8725, 8842, 9682, 9847]
[]
[605, 2145, 2377, 2826, 3083, 3589, 3872, 4369, 5118, 5550, 5662, 5672, 6880, 7216, 8335, 8431, 8634, 8767, 8970, 9306]
[410, 629, 630, 1827, 2043, 2161, 2270, 2272, 2380, 2495, 2546, 7980, 8004, 8094, 8467, 8598, 8931, 9135, 9354, 9486]
[]
[]
[]
[]
[392, 813, 925, 1143, 1480, 2787, 3346, 3431, 5725, 6173, 6174, 6286, 6846, 7499, 7519, 7632, 7933, 8156, 8419, 8754]
[74, 187, 527, 640, 643, 1225, 1226, 3781, 4542, 4990, 5099, 5238, 5462, 5572, 5684, 5911, 8840, 9514, 9622, 10015]
[]
[1256, 1356, 1359, 1915, 1925, 2249, 2361, 2362, 3030, 3306, 3990, 3991, 4875, 5157, 5240, 6669, 7623, 8078, 8872, 8984]
[170, 174, 387, 2082, 2666, 5616, 5772, 6740, 7753, 7820, 7821, 7868, 8004, 8051, 8268, 8581, 8596, 8597, 8691, 9151]
[]
[]
[]
[]
[288, 1034, 1136, 1480, 2375, 3121, 3322, 3353, 3878, 3990, 5501, 5949, 6882, 7519, 7991, 8443, 8753, 8754, 9093, 9771]
[175, 779, 1001, 3225, 3817, 3818, 3928, 4040, 4151, 4228, 4377, 4564, 5572, 5573, 5684, 5911, 6358, 6548, 6994, 8837]
[]
[608, 3872, 5676, 5788, 5900, 6013, 6320, 8204, 8205, 8327, 8444, 8446, 8552, 8553, 8557, 8653, 8767, 8768, 8878, 9192]
[936, 1648, 1834, 2652, 2654, 2878, 2991, 4197, 4309, 4647, 7781, 7866, 7891, 8379, 9353, 9373, 9464, 9682, 9701, 9704]
[]
[]
[]
[]
[388, 582, 1025, 1030, 1136, 1247, 1480, 2375, 3072, 3208, 3353, 4604, 4639, 5838, 6398, 6510, 6511, 7632, 8865, 9093]
[74, 289, 411, 522, 640, 892, 1226, 4039, 4117, 4151, 5130, 5572, 5573, 5796, 5911, 6022, 6357, 6882, 8726, 9402]
[]
[136, 242, 248, 356, 360, 471, 608, 1200, 1313, 3534, 3552, 3565, 6880, 7105, 7216, 7328, 8223, 8558, 8561, 9443]
[513, 1827, 2270, 2271, 2558, 2777, 2991, 3228, 3452, 3524, 3782, 3790, 7669, 7781, 7893, 8467, 8496, 8541, 9151, 9352]
[]
[]
[]
[]
[388, 391, 582, 1025, 1030, 1136, 1247, 1586, 2832, 3072, 4604, 4713, 5611, 5838, 6510, 6511, 6915, 7632, 8753, 8865]
[289, 411, 553, 892, 1001, 1226, 4039, 4040, 5130, 5461, 5572, 5573, 5687, 5796, 6022, 6357, 6693, 6805, 8837, 9402]
[]
[241, 242, 608, 3534, 4663, 4888, 5431, 5550, 5672, 6768, 6880, 7328, 8223, 8331, 8443, 8444, 8557, 8561, 8665, 9443]
[513, 2162, 2270, 2272, 2991, 3452, 3524, 3637, 3790, 4196, 7781, 7866, 7893, 8173, 8428, 8429, 8496, 8598, 9373, 9682]
[]
[]
[]
[]
[803, 2832, 3353, 4101, 4604, 5500, 5611, 5721, 5723, 6172, 6882, 6915, 7519, 7631, 7632, 7992, 8106, 8419, 8754, 9093]
[74, 411, 640, 665, 1001, 4789, 4904, 5015, 5130, 5461, 5572, 5573, 5796, 5911, 6804, 6805, 8732, 8840, 9398, 9847]
[68, 69, 158, 295, 3514, 3905, 5151, 5263, 5375, 5487, 6827, 7475, 7811, 10032, 10036, 10144, 10247, 10252, 10254, 10255]
[731, 1252, 2153, 4144, 4653, 4663, 4776, 5005, 5348, 5689, 6095, 6334, 7105, 7216, 7343, 8544, 8553, 8782, 9192, 9682]
[175, 496, 740, 853, 2670, 2767, 3303, 4204, 7980, 8094, 8379, 8496, 8497, 8597, 8598, 8687, 9042, 9244, 9245, 9373]
[]
[]
[]
[]
[484, 511, 701, 812, 923, 1368, 1482, 1483, 2942, 3053, 3598, 3707, 4492, 4827, 4939, 5385, 7370, 7724, 8438, 8439]
[75, 187, 485, 636, 974, 2127, 3553, 3665, 8500, 8612, 8613, 8614, 8833, 8840, 8842, 8843, 8954, 8955, 8956, 9547]
[]
[241, 731, 732, 3440, 4663, 5104, 5215, 5900, 6012, 6097, 6656, 6768, 6880, 7105, 7328, 8327, 8553, 8561, 8665, 9192]
[1648, 2270, 2558, 2670, 2766, 2991, 3303, 3452, 3524, 3637, 3790, 7781, 7866, 8173, 8429, 8597, 8598, 8687, 9373, 9682]
[]
[]
[]
[]
[391, 803, 923, 1034, 1136, 2284, 2615, 2720, 4101, 4462, 5050, 5611, 6283, 6994, 7138, 7500, 7632, 8753, 8754, 8865]
[74, 4343, 4488, 4677, 4789, 4904, 4988, 5354, 5466, 5572, 5684, 5687, 5796, 5911, 6805, 8726, 8837, 8840, 8952, 9847]
[659, 770, 771, 886, 2463, 2687, 2872, 3205, 3317, 3318, 3319, 3429, 7695, 7696, 7697, 8032, 8726, 8727, 8839, 9179]
[136, 608, 830, 834, 1175, 1177, 1313, 1381, 1382, 1489, 2338, 3534, 3552, 7105, 7216, 7217, 7441, 8223, 8781, 8782]
[392, 2564, 2654, 2670, 3187, 3220, 3452, 4307, 6218, 6442, 7781, 8379, 8382, 8575, 8598, 8687, 9352, 9373, 9465, 9682]
[]
[]
[]
[]
[707, 1254, 1365, 2394, 2832, 3166, 3391, 4639, 5611, 5947, 6172, 7519, 7520, 7632, 7744, 7992, 8419, 8754, 8755, 9093]
[74, 412, 526, 639, 640, 668, 3782, 4904, 4908, 5354, 5796, 6022, 6025, 6804, 6805, 6882, 8726, 8732, 8951, 9906]
[659, 770, 771, 883, 886, 2461, 8032, 8726, 8727, 8839, 8840, 9179, 9628, 9741, 10076, 10077, 10078, 10079, 10302, 10303]
[136, 608, 1313, 2378, 3760, 4437, 5115, 5210, 5321, 5899, 7328, 8321, 8336, 8443, 8553, 8557, 8665, 8775, 8778, 8888]
[935, 1047, 1834, 2654, 2670, 3452, 3637, 3790, 3894, 4005, 4118, 4647, 7781, 7866, 8379, 8448, 9353, 9373, 9464, 9802]
[]
[]
[]
[]
