1.540000000000000000e+03
6.566000000000000000e+03
6.522000000000000000e+03
2.390000000000000000e+03
8.326000000000000000e+03
3.100000000000000000e+02
8.322000000000000000e+03
2.037000000000000000e+03
7.219000000000000000e+03
2.190000000000000000e+02
4.054000000000000000e+03
5.004000000000000000e+03
1.045000000000000000e+03
1.054000000000000000e+03
2.636000000000000000e+03
2.532000000000000000e+03
6.927000000000000000e+03
9.134000000000000000e+03
6.439000000000000000e+03
9.626000000000000000e+03
2.308000000000000000e+03
1.247000000000000000e+03
7.630000000000000000e+02
6.685000000000000000e+03
1.288000000000000000e+03
9.190000000000000000e+02
3.256000000000000000e+03
5.046000000000000000e+03
7.927000000000000000e+03
7.747000000000000000e+03
2.255000000000000000e+03
2.850000000000000000e+03
3.652000000000000000e+03
2.979000000000000000e+03
4.300000000000000000e+03
7.836000000000000000e+03
9.569000000000000000e+03
3.063000000000000000e+03
3.205000000000000000e+03
3.865000000000000000e+03
5.389000000000000000e+03
6.427000000000000000e+03
6.078000000000000000e+03
1.831000000000000000e+03
5.399000000000000000e+03
2.919000000000000000e+03
1.857000000000000000e+03
4.197000000000000000e+03
2.782000000000000000e+03
7.760000000000000000e+02
