2.372000000000000000e+03
9.394000000000000000e+03
1.288000000000000000e+03
9.214000000000000000e+03
6.522000000000000000e+03
1.054000000000000000e+03
7.520000000000000000e+02
4.054000000000000000e+03
5.399000000000000000e+03
2.255000000000000000e+03
5.462000000000000000e+03
6.927000000000000000e+03
5.119000000000000000e+03
5.004000000000000000e+03
9.879000000000000000e+03
1.567000000000000000e+03
5.780000000000000000e+02
2.636000000000000000e+03
3.264000000000000000e+03
5.186000000000000000e+03
2.190000000000000000e+02
8.322000000000000000e+03
3.205000000000000000e+03
5.860000000000000000e+02
2.532000000000000000e+03
3.217000000000000000e+03
6.210000000000000000e+02
6.427000000000000000e+03
4.812000000000000000e+03
3.652000000000000000e+03
2.390000000000000000e+03
9.305000000000000000e+03
3.256000000000000000e+03
8.377000000000000000e+03
7.271000000000000000e+03
3.220000000000000000e+03
1.045000000000000000e+03
4.152000000000000000e+03
7.259000000000000000e+03
3.381000000000000000e+03
7.860000000000000000e+03
6.162000000000000000e+03
8.853000000000000000e+03
3.758000000000000000e+03
6.509000000000000000e+03
3.266000000000000000e+03
3.660000000000000000e+03
1.882000000000000000e+03
2.979000000000000000e+03
6.439000000000000000e+03
