7.650000000000000000e+02
6.078000000000000000e+03
6.427000000000000000e+03
9.214000000000000000e+03
5.004000000000000000e+03
4.855000000000000000e+03
2.190000000000000000e+02
8.326000000000000000e+03
1.054000000000000000e+03
4.054000000000000000e+03
2.850000000000000000e+03
3.639000000000000000e+03
6.522000000000000000e+03
5.780000000000000000e+02
2.636000000000000000e+03
7.223000000000000000e+03
6.509000000000000000e+03
7.334000000000000000e+03
4.152000000000000000e+03
8.322000000000000000e+03
8.289000000000000000e+03
2.037000000000000000e+03
1.197000000000000000e+03
6.927000000000000000e+03
4.197000000000000000e+03
2.979000000000000000e+03
8.856000000000000000e+03
5.399000000000000000e+03
3.652000000000000000e+03
3.205000000000000000e+03
1.485000000000000000e+03
8.678000000000000000e+03
2.880000000000000000e+02
8.069000000000000000e+03
8.266000000000000000e+03
3.160000000000000000e+03
7.760000000000000000e+02
5.595000000000000000e+03
4.811000000000000000e+03
4.350000000000000000e+02
8.238000000000000000e+03
5.346000000000000000e+03
7.860000000000000000e+03
5.261000000000000000e+03
7.195000000000000000e+03
2.255000000000000000e+03
7.259000000000000000e+03
1.288000000000000000e+03
7.271000000000000000e+03
2.532000000000000000e+03
