4.191000000000000000e+03
4.812000000000000000e+03
2.190000000000000000e+02
1.288000000000000000e+03
5.004000000000000000e+03
3.652000000000000000e+03
4.388000000000000000e+03
1.054000000000000000e+03
2.636000000000000000e+03
6.522000000000000000e+03
8.909000000000000000e+03
4.197000000000000000e+03
2.532000000000000000e+03
6.427000000000000000e+03
6.210000000000000000e+02
9.274000000000000000e+03
5.780000000000000000e+02
5.399000000000000000e+03
2.979000000000000000e+03
4.152000000000000000e+03
2.331000000000000000e+03
2.255000000000000000e+03
9.377000000000000000e+03
1.828000000000000000e+03
4.193000000000000000e+03
2.880000000000000000e+02
5.186000000000000000e+03
2.390000000000000000e+03
6.852000000000000000e+03
5.219000000000000000e+03
8.501000000000000000e+03
6.439000000000000000e+03
5.646000000000000000e+03
8.322000000000000000e+03
6.670000000000000000e+03
2.308000000000000000e+03
2.850000000000000000e+03
1.045000000000000000e+03
7.259000000000000000e+03
7.860000000000000000e+03
3.982000000000000000e+03
4.836000000000000000e+03
9.115000000000000000e+03
8.099000000000000000e+03
6.186000000000000000e+03
8.180000000000000000e+02
5.961000000000000000e+03
7.204000000000000000e+03
5.389000000000000000e+03
7.650000000000000000e+02
