7.768000000000000000e+03
4.412000000000000000e+03
3.113000000000000000e+03
2.046000000000000000e+03
6.022000000000000000e+03
9.153000000000000000e+03
8.082000000000000000e+03
1.009100000000000000e+04
3.742000000000000000e+03
1.114300000000000000e+04
7.335000000000000000e+03
4.580000000000000000e+02
3.610000000000000000e+02
6.649000000000000000e+03
4.632000000000000000e+03
1.061200000000000000e+04
7.757000000000000000e+03
6.078000000000000000e+03
6.500000000000000000e+01
1.064100000000000000e+04
4.270000000000000000e+02
1.012400000000000000e+04
5.261000000000000000e+03
6.772000000000000000e+03
9.613000000000000000e+03
1.945000000000000000e+03
6.230000000000000000e+03
9.743000000000000000e+03
8.010000000000000000e+03
9.396000000000000000e+03
6.559000000000000000e+03
1.009200000000000000e+04
1.030500000000000000e+04
8.486000000000000000e+03
5.900000000000000000e+03
1.936000000000000000e+03
8.781000000000000000e+03
9.356000000000000000e+03
7.597000000000000000e+03
3.315000000000000000e+03
6.123000000000000000e+03
1.016800000000000000e+04
5.262000000000000000e+03
5.740000000000000000e+02
4.368000000000000000e+03
5.093000000000000000e+03
3.834000000000000000e+03
7.393000000000000000e+03
8.880000000000000000e+03
2.316000000000000000e+03
