7.768000000000000000e+03
9.153000000000000000e+03
6.500000000000000000e+01
4.580000000000000000e+02
9.396000000000000000e+03
1.009100000000000000e+04
1.877000000000000000e+03
6.649000000000000000e+03
3.834000000000000000e+03
5.022000000000000000e+03
3.664000000000000000e+03
7.335000000000000000e+03
1.005900000000000000e+04
8.010000000000000000e+03
1.012400000000000000e+04
1.114300000000000000e+04
1.061200000000000000e+04
8.880000000000000000e+03
2.046000000000000000e+03
3.445000000000000000e+03
5.104000000000000000e+03
8.082000000000000000e+03
1.017800000000000000e+04
3.742000000000000000e+03
9.448000000000000000e+03
6.772000000000000000e+03
2.125000000000000000e+03
9.356000000000000000e+03
9.193000000000000000e+03
9.613000000000000000e+03
4.270000000000000000e+02
4.368000000000000000e+03
5.262000000000000000e+03
1.030500000000000000e+04
1.602000000000000000e+03
6.324000000000000000e+03
9.250000000000000000e+03
9.743000000000000000e+03
1.329000000000000000e+03
5.261000000000000000e+03
8.013000000000000000e+03
9.935000000000000000e+03
1.088700000000000000e+04
1.009200000000000000e+04
6.078000000000000000e+03
3.406000000000000000e+03
6.022000000000000000e+03
8.834000000000000000e+03
8.040000000000000000e+02
7.393000000000000000e+03
