1.870000000000000000e+03
3.817000000000000000e+03
4.204000000000000000e+03
3.992000000000000000e+03
3.790000000000000000e+02
7.380000000000000000e+02
8.640000000000000000e+02
8.900000000000000000e+01
4.240000000000000000e+03
1.194000000000000000e+03
4.279000000000000000e+03
5.540000000000000000e+02
1.897000000000000000e+03
1.597000000000000000e+03
3.100000000000000000e+01
9.020000000000000000e+02
4.419000000000000000e+03
3.337000000000000000e+03
4.030000000000000000e+03
4.306000000000000000e+03
2.534000000000000000e+03
7.390000000000000000e+02
1.004000000000000000e+03
2.013000000000000000e+03
4.281000000000000000e+03
8.840000000000000000e+02
1.438000000000000000e+03
1.037000000000000000e+03
6.020000000000000000e+02
3.954000000000000000e+03
5.800000000000000000e+02
4.020000000000000000e+03
1.812000000000000000e+03
6.900000000000000000e+02
2.119000000000000000e+03
2.770000000000000000e+02
3.568000000000000000e+03
1.416000000000000000e+03
4.009000000000000000e+03
2.959000000000000000e+03
4.156000000000000000e+03
2.410000000000000000e+03
2.617000000000000000e+03
7.280000000000000000e+02
3.434000000000000000e+03
2.975000000000000000e+03
1.676000000000000000e+03
7.150000000000000000e+02
8.180000000000000000e+02
3.820000000000000000e+02
