1.870000000000000000e+03
9.750000000000000000e+02
3.384000000000000000e+03
3.158000000000000000e+03
4.240000000000000000e+03
2.534000000000000000e+03
5.000000000000000000e+00
2.975000000000000000e+03
3.579000000000000000e+03
3.992000000000000000e+03
3.790000000000000000e+02
4.030000000000000000e+03
4.265000000000000000e+03
3.817000000000000000e+03
8.500000000000000000e+01
2.499000000000000000e+03
2.331000000000000000e+03
3.307000000000000000e+03
4.279000000000000000e+03
1.597000000000000000e+03
8.840000000000000000e+02
3.600000000000000000e+01
1.755000000000000000e+03
4.020000000000000000e+03
8.640000000000000000e+02
4.419000000000000000e+03
7.380000000000000000e+02
1.604000000000000000e+03
2.410000000000000000e+03
2.803000000000000000e+03
1.507000000000000000e+03
2.870000000000000000e+03
1.897000000000000000e+03
1.978000000000000000e+03
1.290000000000000000e+03
2.858000000000000000e+03
5.540000000000000000e+02
3.658000000000000000e+03
9.800000000000000000e+02
8.900000000000000000e+01
1.812000000000000000e+03
2.650000000000000000e+03
2.903000000000000000e+03
4.156000000000000000e+03
3.632000000000000000e+03
9.230000000000000000e+02
1.438000000000000000e+03
2.668000000000000000e+03
2.472000000000000000e+03
3.467000000000000000e+03
