1.870000000000000000e+03
3.817000000000000000e+03
3.020000000000000000e+03
4.030000000000000000e+03
3.769000000000000000e+03
4.240000000000000000e+03
8.500000000000000000e+01
4.345000000000000000e+03
1.597000000000000000e+03
5.000000000000000000e+00
3.299000000000000000e+03
4.279000000000000000e+03
3.992000000000000000e+03
3.792000000000000000e+03
4.281000000000000000e+03
1.194000000000000000e+03
8.030000000000000000e+02
1.131000000000000000e+03
2.979000000000000000e+03
3.237000000000000000e+03
7.380000000000000000e+02
4.020000000000000000e+03
2.617000000000000000e+03
6.190000000000000000e+02
2.085000000000000000e+03
2.410000000000000000e+03
1.845000000000000000e+03
4.422000000000000000e+03
3.614000000000000000e+03
2.975000000000000000e+03
8.900000000000000000e+01
9.800000000000000000e+02
4.009000000000000000e+03
4.820000000000000000e+02
2.961000000000000000e+03
1.955000000000000000e+03
1.978000000000000000e+03
3.369000000000000000e+03
1.037000000000000000e+03
7.290000000000000000e+02
2.465000000000000000e+03
2.794000000000000000e+03
2.813000000000000000e+03
7.280000000000000000e+02
4.280000000000000000e+03
3.158000000000000000e+03
3.658000000000000000e+03
5.540000000000000000e+02
2.534000000000000000e+03
2.348000000000000000e+03
