6.966000000000000000e+03
6.660000000000000000e+02
8.854000000000000000e+03
9.618000000000000000e+03
7.190000000000000000e+03
8.950000000000000000e+02
6.501000000000000000e+03
1.019400000000000000e+04
3.475000000000000000e+03
8.400000000000000000e+01
5.845000000000000000e+03
6.670000000000000000e+02
9.864000000000000000e+03
7.077000000000000000e+03
9.566000000000000000e+03
2.805000000000000000e+03
5.000000000000000000e+00
6.965000000000000000e+03
6.710000000000000000e+02
7.281000000000000000e+03
6.967000000000000000e+03
9.281000000000000000e+03
6.051000000000000000e+03
9.751000000000000000e+03
7.076000000000000000e+03
3.150000000000000000e+02
6.690000000000000000e+02
9.857000000000000000e+03
6.614000000000000000e+03
6.964000000000000000e+03
2.750000000000000000e+02
6.700000000000000000e+02
6.853000000000000000e+03
9.970000000000000000e+03
7.512000000000000000e+03
7.189000000000000000e+03
3.090000000000000000e+02
6.680000000000000000e+02
8.966000000000000000e+03
9.567000000000000000e+03
8.936000000000000000e+03
6.404000000000000000e+03
2.300000000000000000e+02
1.010200000000000000e+04
3.240000000000000000e+02
6.276000000000000000e+03
6.294000000000000000e+03
5.570000000000000000e+02
9.956000000000000000e+03
7.625000000000000000e+03
