1.815000000000000000e+03
4.842000000000000000e+03
4.283000000000000000e+03
3.921000000000000000e+03
2.585000000000000000e+03
5.004000000000000000e+03
4.959000000000000000e+03
4.162000000000000000e+03
2.710000000000000000e+03
2.996000000000000000e+03
4.793000000000000000e+03
5.598000000000000000e+03
3.455000000000000000e+03
5.574000000000000000e+03
3.170000000000000000e+03
3.077000000000000000e+03
4.646000000000000000e+03
2.397000000000000000e+03
4.107000000000000000e+03
1.778000000000000000e+03
4.518000000000000000e+03
3.762000000000000000e+03
2.659000000000000000e+03
5.634000000000000000e+03
3.950000000000000000e+02
4.237000000000000000e+03
4.395000000000000000e+03
2.565000000000000000e+03
1.522000000000000000e+03
4.560000000000000000e+02
4.977000000000000000e+03
4.685000000000000000e+03
5.171000000000000000e+03
3.660000000000000000e+03
3.594000000000000000e+03
3.283000000000000000e+03
2.428000000000000000e+03
4.212000000000000000e+03
1.767000000000000000e+03
2.978000000000000000e+03
2.965000000000000000e+03
4.285000000000000000e+03
2.671000000000000000e+03
3.323000000000000000e+03
1.236000000000000000e+03
1.973000000000000000e+03
3.349000000000000000e+03
2.837000000000000000e+03
7.730000000000000000e+02
2.991000000000000000e+03
