2.419000000000000000e+03
1.261000000000000000e+03
1.000000000000000000e+02
2.306000000000000000e+03
1.778000000000000000e+03
1.665000000000000000e+03
2.199000000000000000e+03
6.730000000000000000e+02
6.200000000000000000e+02
2.363000000000000000e+03
5.690000000000000000e+02
1.101000000000000000e+03
2.307000000000000000e+03
2.190000000000000000e+02
1.299000000000000000e+03
1.640000000000000000e+02
7.300000000000000000e+02
2.418000000000000000e+03
1.040000000000000000e+03
2.309000000000000000e+03
9.200000000000000000e+01
1.308000000000000000e+03
1.723000000000000000e+03
2.414000000000000000e+03
2.198000000000000000e+03
1.720000000000000000e+03
2.407000000000000000e+03
2.364000000000000000e+03
6.230000000000000000e+02
1.355000000000000000e+03
4.900000000000000000e+01
2.253000000000000000e+03
6.780000000000000000e+02
1.800000000000000000e+01
1.151000000000000000e+03
2.358000000000000000e+03
3.850000000000000000e+02
1.307000000000000000e+03
5.650000000000000000e+02
2.254000000000000000e+03
1.835000000000000000e+03
1.670000000000000000e+03
7.280000000000000000e+02
2.361000000000000000e+03
5.300000000000000000e+01
6.750000000000000000e+02
2.252000000000000000e+03
1.630000000000000000e+02
1.264000000000000000e+03
7.840000000000000000e+02
