[20, 24, 41, 46, 47, 61, 68, 69, 70, 77, 84, 85, 86, 87, ]
[0, 15, 23, 24, 36, 45, 47, 52, 62, 66, 75, 82, 87, ]
[0, 7, 12, 14, 18, 19, 21, 24, 25, 30, 49, 55, 56, 59, 64, 71, 75, 77, 86, ]
[2, 4, 7, 21, 49, 55, 56, 59, 64, 71, 75, 77, 86, ]
[20, 24, 41, 46, 47, 61, 68, 69, 70, 77, 87, ]
[1, 4, 8, 10, 12, 13, 15, 16, 26, 33, 34, 49, 50, 55, 56, 59, 64, 71, 75, 77, 86, ]
[1, 4, 5, 7, 9, 15, 16, 19, 22, 34, 50, 53, 54, 67, 68, 69, 74, 78, 84, 86, 87, 88, ]
[0, 4, 7, 12, 14, 18, 19, 21, 25, 30, 32, 33, 34, 36, 37, 41, 44, 51, 54, 56, 57, 60, 61, 64, 65, 71, 74, 79, 82, 85, 87, ]
[20, 24, 41, 46, 47, 61, 68, 69, 70, 77, 87, ]
[1, 2, 4, 5, 7, 21, 44, 46, 51, 55, 56, 57, 60, 61, 64, 65, 71, 74, 79, 82, 85, ]
[2, 4, 7, 21, 30, 32, 33, 34, 35, 36, 37, 41, 43, 44, 45, 48, 49, 51, 52, 57, 59, 63, 64, 65, 67, 72, 73, 78, 80, 86, 88, 89, ]
[1, 2, 4, 5, 7, 21, 44, 46, 51, 55, 56, 57, 60, 61, 64, 65, 71, 74, 79, 82, 85, ]
[4, 6, 7, 10, 12, 13, 15, 16, 26, 31, 33, 34, 43, 44, 46, 51, 53, 56, 57, 60, 61, 63, 64, 65, 71, 74, 79, 82, 85, ]
[15, 17, 33, 54, 58, 62, 64, 65, 72, 81, 83, 85, ]
[0, 3, 6, 9, 11, 13, 14, 19, 20, 21, 23, 24, 29, 31, 32, 35, 39, 41, 46, 49, 54, 55, 56, 60, 62, 63, 66, 67, 68, 70, 73, 77, 80, 85, 86, ]