[1, 71, 165, 186, 225, 515, 586, ]
[38, 80, 396, 471, 520, 576, 589, ]
[3, 389, 576, 580, ]
[79, 187, 198, 394, 396, 456, 515, ]
[48, 260, 395, 396, 402, 462, 471, 519, ]
[12, 94, 175, 226, 415, 613, ]
[25, 133, 177, 362, 425, 494, 513, ]
[0, 1, 168, 417, 584, ]
[3, 9, 169, 215, ]
[9, 102, 146, 305, 395, 426, 514, ]
[102, 186, 393, 395, 460, 546, ]
[10, 27, 104, 133, 145, 271, ]
[129, 196, 203, 218, 298, ]
[112, 165, 170, 189, 206, 553, ]
[10, 78, 92, 144, 549, ]
[133, 395, 401, 459, 488, 552, ]
[171, 184, 392, 393, ]
[8, 23, 205, 216, ]
[76, 106, 413, 415, 445, 491, ]
[1, 361, 396, 492, 527, 583, ]
[3, 122, 213, 332, 456, ]
[4, 224, 471, 479, 480, 551, 572, ]
[14, 17, 140, 326, 432, 582, ]
[5, 170, 411, 473, 584, ]
[21, 179, 227, 477, ]
[389, 483, 494, 580, ]