[44, 71, 186, 225, 476, 515, 586, ]
[38, 80, 396, 471, 520, 576, 589, ]
[1, 389, 495, 580, ]
[26, 47, 394, 427, 428, 470, 533, 550, 572, ]
[48, 111, 158, 273, 395, 462, 519, 536, ]
[182, 202, 210, 415, 569, ]
[0, 126, 133, 425, 475, 513, 527, ]
[0, 1, 168, 417, 584, ]
[3, 9, 169, 215, ]
[9, 102, 146, 305, 395, 426, 514, ]
[0, 39, 178, 186, 393, 395, ]
[10, 27, 104, 133, 145, 271, ]
[2, 105, 165, 299, 371, 609, ]
[12, 44, 111, 166, 189, 206, ]
[1, 28, 99, 176, 265, 549, ]
[145, 395, 401, 457, 488, 552, ]
[171, 184, 392, 393, ]
[8, 23, 205, 216, ]
[76, 106, 413, 415, 445, 491, ]
[17, 164, 337, 361, 396, 527, ]
[4, 122, 215, 332, 456, ]
[3, 293, 471, 479, 480, 551, 572, ]
[1, 42, 140, 326, 432, 582, ]
[5, 170, 411, 473, 584, ]
[10, 21, 179, 477, ]
[389, 483, 494, 580, ]