[3, 71, 186, 225, 364, 515, 586, ]
[38, 222, 237, 396, 471, 520, 576, ]
[3, 389, 576, 580, ]
[363, 394, 405, 428, 470, 487, 538, 607, ]
[48, 111, 158, 273, 395, 462, 519, 536, ]
[1, 175, 177, 411, 415, 608, ]
[48, 133, 187, 240, 425, 513, 527, ]
[0, 1, 168, 417, 584, ]
[3, 9, 169, 215, ]
[9, 102, 146, 305, 395, 426, 514, ]
[0, 39, 178, 186, 393, 395, ]
[10, 27, 104, 133, 145, 271, ]
[0, 31, 129, 196, 203, 298, ]
[1, 111, 170, 189, 206, 371, ]
[50, 144, 186, 209, 549, ]
[82, 395, 401, 459, 488, 552, ]
[0, 175, 184, 392, 393, ]
[8, 23, 205, 216, ]
[76, 106, 413, 415, 445, 491, ]
[0, 13, 134, 361, 396, 488, 527, ]
[13, 122, 179, 332, 456, ]
[8, 196, 471, 479, 480, 551, 572, ]
[13, 17, 140, 326, 432, 582, ]
[5, 170, 411, 473, 584, ]
[21, 179, 227, 477, ]
[389, 483, 494, 580, ]