[47, 71, 186, 506, 515, 572, 586, ]
[0, 16, 40, 252, 395, 470, 482, 519, 564, ]
[3, 389, 576, 580, ]
[4, 46, 394, 428, 470, 513, 523, 538, ]
[48, 260, 395, 396, 403, 462, 471, 519, ]
[1, 175, 177, 411, 415, 608, ]
[20, 133, 177, 425, 474, 513, 527, ]
[0, 1, 168, 417, 584, ]
[3, 9, 169, 215, ]
[0, 102, 146, 316, 395, 426, 514, ]
[0, 39, 178, 186, 393, 395, ]
[1, 14, 143, 165, 200, 234, ]
[0, 31, 129, 196, 203, 298, ]
[7, 111, 150, 165, 189, 206, ]
[1, 28, 99, 176, 265, 549, ]
[226, 254, 395, 401, 457, 488, ]
[171, 184, 392, 393, ]
[8, 23, 205, 216, ]
[76, 106, 413, 415, 445, 491, ]
[70, 198, 361, 487, 527, 576, ]
[3, 122, 213, 332, 456, ]
[2, 188, 461, 479, 523, 543, 551, ]
[14, 17, 140, 326, 432, 582, ]
[5, 170, 411, 473, 584, ]
[10, 21, 179, 477, ]
[389, 483, 494, 580, ]