[3, 71, 186, 225, 364, 515, 586, ]
[0, 114, 132, 395, 453, 471, 481, 515, 519, ]
[3, 389, 576, 580, ]
[0, 220, 363, 394, 428, 470, 487, 538, 565, ]
[13, 80, 254, 260, 274, 395, 456, 466, 502, ]
[1, 175, 177, 411, 415, 608, ]
[25, 133, 240, 361, 425, 513, 559, ]
[0, 1, 168, 417, 584, ]
[3, 9, 169, 215, ]
[17, 101, 314, 361, 426, 516, 547, ]
[102, 186, 393, 395, 460, 546, ]
[10, 27, 104, 133, 145, 271, ]
[0, 129, 147, 196, 203, 298, ]
[135, 138, 189, 214, 303, 371, ]
[50, 144, 186, 209, 549, ]
[145, 395, 401, 457, 488, 552, ]
[0, 175, 184, 392, 393, ]
[8, 23, 205, 216, ]
[76, 106, 413, 415, 445, 491, ]
[70, 198, 361, 487, 527, 576, ]
[3, 122, 213, 332, 456, ]
[0, 220, 229, 461, 514, 551, 581, ]
[14, 17, 140, 326, 432, 582, ]
[5, 170, 411, 473, 584, ]
[21, 179, 227, 477, ]
[389, 483, 494, 580, ]