1.070000000000000000e+02
1.440000000000000000e+02
4.000000000000000000e+00
6.600000000000000000e+01
3.000000000000000000e+01
1.450000000000000000e+02
1.460000000000000000e+02
7.500000000000000000e+01
3.600000000000000000e+01
1.560000000000000000e+02
1.630000000000000000e+02
9.800000000000000000e+01
1.520000000000000000e+02
9.000000000000000000e+01
2.100000000000000000e+01
2.400000000000000000e+01
3.800000000000000000e+01
0.000000000000000000e+00
6.500000000000000000e+01
5.100000000000000000e+01
6.200000000000000000e+01
1.200000000000000000e+02
6.800000000000000000e+01
1.100000000000000000e+02
1.510000000000000000e+02
1.500000000000000000e+01
8.100000000000000000e+01
1.530000000000000000e+02
1.290000000000000000e+02
7.900000000000000000e+01
9.200000000000000000e+01
6.000000000000000000e+00
7.100000000000000000e+01
1.160000000000000000e+02
7.600000000000000000e+01
9.100000000000000000e+01
1.040000000000000000e+02
1.430000000000000000e+02
6.000000000000000000e+01
1.500000000000000000e+02
1.030000000000000000e+02
1.250000000000000000e+02
8.500000000000000000e+01
6.100000000000000000e+01
2.900000000000000000e+01
5.700000000000000000e+01
4.300000000000000000e+01
8.000000000000000000e+00
1.640000000000000000e+02
4.600000000000000000e+01
