6.000000000000000000e+01
1.500000000000000000e+01
6.900000000000000000e+01
2.170000000000000000e+02
4.150000000000000000e+02
2.480000000000000000e+02
3.400000000000000000e+01
2.310000000000000000e+02
3.200000000000000000e+01
1.130000000000000000e+02
6.300000000000000000e+01
1.210000000000000000e+02
2.530000000000000000e+02
2.100000000000000000e+01
7.700000000000000000e+01
8.300000000000000000e+01
2.990000000000000000e+02
3.300000000000000000e+01
1.470000000000000000e+02
3.100000000000000000e+02
8.900000000000000000e+01
2.180000000000000000e+02
2.610000000000000000e+02
3.600000000000000000e+01
1.200000000000000000e+02
3.980000000000000000e+02
3.540000000000000000e+02
1.060000000000000000e+02
7.300000000000000000e+01
1.620000000000000000e+02
6.500000000000000000e+01
3.400000000000000000e+02
1.220000000000000000e+02
2.050000000000000000e+02
3.040000000000000000e+02
3.700000000000000000e+02
4.250000000000000000e+02
3.720000000000000000e+02
1.960000000000000000e+02
2.270000000000000000e+02
1.280000000000000000e+02
4.090000000000000000e+02
2.570000000000000000e+02
2.940000000000000000e+02
6.200000000000000000e+01
1.680000000000000000e+02
2.300000000000000000e+01
2.400000000000000000e+01
2.680000000000000000e+02
3.800000000000000000e+01
