2.250000000000000000e+02
2.600000000000000000e+01
4.300000000000000000e+01
2.400000000000000000e+01
3.010000000000000000e+02
2.800000000000000000e+01
5.220000000000000000e+02
6.300000000000000000e+01
2.700000000000000000e+01
3.200000000000000000e+02
7.380000000000000000e+02
2.900000000000000000e+01
4.100000000000000000e+01
2.200000000000000000e+01
1.013000000000000000e+03
5.900000000000000000e+01
2.490000000000000000e+02
6.610000000000000000e+02
2.300000000000000000e+01
9.900000000000000000e+01
3.100000000000000000e+01
7.950000000000000000e+02
5.800000000000000000e+01
5.200000000000000000e+02
2.500000000000000000e+01
7.040000000000000000e+02
5.300000000000000000e+01
9.940000000000000000e+02
8.900000000000000000e+02
3.000000000000000000e+01
8.600000000000000000e+01
9.800000000000000000e+01
6.200000000000000000e+01
6.070000000000000000e+02
6.000000000000000000e+01
5.320000000000000000e+02
2.000000000000000000e+01
1.016000000000000000e+03
7.980000000000000000e+02
9.100000000000000000e+01
8.540000000000000000e+02
5.500000000000000000e+01
9.510000000000000000e+02
5.700000000000000000e+01
8.480000000000000000e+02
1.260000000000000000e+02
5.750000000000000000e+02
6.780000000000000000e+02
9.500000000000000000e+01
1.012000000000000000e+03
