[7, 50, 82, 125, 132, 178, 196, 210, 215, 294, 323, 358, 359, 381, 417, 480, 525, 527, 529, 530, 531, 539, 561, 575, 581, 607, 613, 647, 667, 694, 707, 710, 739, 753, 773, 800, 807, 822, 828, 840, 890, 901, 948, 952, 960, 996, 1011, ]
[3, 13, 62, 127, 196, 202, 254, 261, 285, 326, 343, 354, 405, 415, 420, 436, 449, 476, 479, 484, 488, 501, 524, 525, 526, 533, 534, 535, 554, 579, 612, 631, 650, 674, 681, 709, 711, 726, 743, 744, 758, 774, 782, 790, 818, 832, 840, 891, 900, 905, 967, 983, 991, 995, ]
[7, 33, 68, 121, 147, 242, 264, 313, 355, 357, 461, 504, 519, 528, 534, 544, 549, 562, 596, 597, 601, 621, 646, 662, 664, 679, 742, 793, 824, 833, 834, 864, 890, 896, 922, 924, 925, 928, 960, 1002, ]
[34, 67, 98, 114, 126, 131, 135, 158, 160, 161, 162, 163, 192, 193, 194, 219, 228, 276, 278, 326, 419, 459, 464, 471, 487, 500, 505, 512, 519, 526, 527, 539, 551, 566, 572, 588, 591, 603, 616, 624, 628, 633, 634, 638, 642, 646, 690, 710, 711, 717, 776, 785, 801, 807, 832, 907, 928, 929, 930, 931, 959, 964, 965, 1008, 1021, ]
[0, 2, 33, 34, 38, 68, 85, 178, 256, 269, 287, 355, 361, 438, 461, 464, 487, 493, 501, 522, 525, 526, 531, 532, 542, 557, 558, 560, 565, 579, 585, 593, 603, 616, 623, 627, 631, 639, 644, 656, 661, 679, 741, 742, 776, 784, 798, 810, 817, 824, 837, 868, 960, 963, 966, 993, 1001, 1014, 1015, ]
[8, 11, 14, 24, 33, 42, 44, 92, 186, 196, 199, 287, 296, 304, 335, 384, 390, 439, 466, 499, 503, 520, 524, 531, 549, 567, 573, 578, 584, 590, 594, 595, 654, 659, 679, 710, 739, 745, 747, 773, 779, 843, 852, 867, 926, 943, 959, 981, 1002, 1012, ]
[11, 31, 63, 64, 93, 105, 112, 142, 149, 216, 247, 260, 309, 310, 311, 312, 328, 340, 355, 383, 410, 442, 455, 475, 487, 548, 558, 581, 599, 605, 607, 615, 633, 637, 690, 698, 699, 724, 726, 730, 741, 756, 760, 761, 762, 792, 798, 855, 859, 885, 917, 947, 966, 979, 1019, ]
[16, 26, 33, 36, 41, 42, 64, 76, 93, 106, 164, 289, 297, 341, 355, 396, 430, 456, 480, 486, 490, 496, 518, 519, 529, 536, 537, 543, 559, 585, 614, 616, 634, 660, 694, 707, 739, 741, 748, 760, 802, 803, 812, 901, 923, 950, 962, 965, 987, 995, 1001, 1005, ]
[8, 31, 40, 50, 161, 220, 263, 264, 301, 319, 326, 339, 342, 394, 405, 442, 468, 484, 488, 519, 531, 535, 546, 551, 555, 563, 570, 597, 627, 629, 630, 639, 655, 676, 702, 720, 800, 802, 805, 849, 850, 904, 949, 957, 966, ]
[4, 33, 93, 94, 102, 126, 149, 157, 169, 187, 200, 234, 271, 306, 323, 355, 360, 384, 418, 422, 434, 439, 469, 478, 493, 504, 527, 587, 598, 605, 615, 621, 627, 634, 638, 647, 666, 698, 726, 736, 742, 746, 769, 776, 794, 804, 806, 819, 846, 871, 927, 932, 934, 948, 962, 966, 979, 998, 999, ]
[249, 273, 377, 426, 464, 469, 480, 481, 482, 498, 504, 507, 511, 513, 514, 544, 546, 570, 576, 577, 578, 608, 609, 632, 642, 672, 679, 686, 698, 770, 810, 832, 934, 1003, 1010, ]
[0, 1, 41, 51, 61, 73, 76, 104, 105, 128, 133, 153, 158, 190, 191, 196, 266, 285, 323, 403, 405, 419, 469, 471, 481, 488, 492, 494, 521, 540, 553, 563, 565, 607, 616, 623, 640, 650, 671, 674, 678, 693, 703, 712, 771, 781, 820, 836, 872, 926, 928, 987, 1018, ]
[10, 15, 97, 102, 125, 210, 243, 255, 267, 299, 300, 332, 346, 363, 384, 389, 407, 455, 480, 499, 531, 549, 562, 563, 567, 568, 594, 595, 602, 625, 626, 627, 644, 652, 733, 736, 739, 760, 778, 807, 816, 818, 846, 864, 867, 899, 928, 929, 1003, 1013, 1023, ]
[33, 37, 45, 64, 66, 69, 94, 95, 104, 118, 127, 136, 205, 225, 230, 294, 318, 322, 327, 352, 385, 392, 409, 427, 433, 437, 453, 456, 488, 519, 526, 528, 530, 532, 563, 581, 583, 586, 588, 623, 624, 630, 632, 637, 645, 646, 647, 671, 676, 695, 709, 735, 739, 740, 745, 746, 756, 768, 771, 779, 803, 806, 808, 867, 901, 940, 947, 961, 969, 990, 991, ]
[13, 60, 71, 80, 126, 127, 135, 159, 187, 188, 229, 266, 287, 295, 326, 328, 340, 355, 380, 410, 416, 439, 471, 499, 517, 529, 538, 549, 561, 613, 616, 712, 724, 727, 771, 778, 801, 850, 868, 882, 895, 992, ]