[140, 141, 162, 177, 196, 197, 199, 296, 310, 324, 358, 360, 394, 405, 425, 427, 436, 455, 469, 487, 489, 492, 496, 502, 517, 521, 526, 530, 532, 533, 538, 551, 563, 573, 575, 600, 614, 619, 647, 662, 680, 694, 741, 744, 756, 759, 775, 779, 789, 804, 809, 839, 840, 846, 871, 886, 903, 937, 991, 1020, ]
[0, 1, 41, 42, 54, 59, 64, 70, 99, 100, 103, 108, 112, 134, 136, 146, 156, 157, 169, 171, 196, 199, 200, 216, 223, 233, 240, 243, 268, 269, 281, 287, 296, 297, 305, 315, 319, 331, 333, 335, 342, 371, 373, 392, 402, 421, 435, 436, 461, 466, 468, 475, 476, 477, 484, 487, 492, 496, 500, 519, 520, 530, 535, 536, 550, 555, 575, 584, 596, 602, 611, 612, 620, 627, 631, 640, 647, 661, 665, 675, 679, 685, 687, 710, 711, 713, 715, 718, 719, 740, 743, 757, 767, 776, 777, 806, 826, 840, 863, 869, 873, 876, 893, 899, 912, 933, 960, 968, 973, 992, 1007, 1012, 1019, ]
[0, 11, 18, 20, 50, 62, 101, 116, 117, 127, 133, 137, 138, 148, 157, 169, 192, 198, 201, 218, 229, 265, 330, 331, 337, 339, 345, 348, 362, 373, 375, 376, 378, 390, 394, 405, 425, 429, 435, 456, 457, 475, 478, 487, 493, 499, 500, 516, 520, 532, 536, 537, 557, 570, 597, 658, 672, 677, 678, 688, 704, 710, 760, 775, 780, 783, 790, 808, 834, 836, 841, 859, 919, 920, 955, 963, ]
[7, 27, 60, 63, 76, 100, 123, 127, 137, 167, 169, 197, 201, 209, 214, 224, 232, 265, 311, 325, 331, 347, 355, 373, 389, 391, 402, 403, 406, 437, 440, 441, 466, 468, 469, 480, 486, 501, 522, 531, 533, 538, 551, 561, 563, 565, 582, 596, 601, 608, 634, 654, 658, 662, 677, 683, 700, 725, 728, 743, 767, 772, 775, 776, 809, 837, 839, 867, 873, 895, 903, 904, 959, 967, 983, 988, 993, 1002, 1021, ]
[21, 22, 23, 25, 29, 31, 65, 95, 115, 132, 137, 147, 169, 178, 181, 186, 190, 197, 200, 208, 226, 238, 250, 260, 261, 262, 264, 293, 296, 305, 312, 333, 341, 345, 379, 406, 408, 411, 419, 422, 436, 444, 457, 475, 506, 510, 532, 538, 539, 540, 563, 568, 570, 571, 583, 590, 591, 592, 598, 602, 622, 631, 633, 659, 678, 680, 741, 757, 776, 807, 808, 840, 853, 891, 928, 934, 977, 993, 1022, ]
[8, 13, 23, 24, 25, 26, 28, 29, 31, 63, 73, 95, 103, 161, 164, 169, 190, 200, 232, 233, 236, 239, 243, 247, 248, 255, 286, 291, 296, 298, 313, 327, 358, 359, 372, 390, 392, 404, 408, 412, 424, 433, 436, 440, 442, 452, 463, 471, 476, 504, 508, 509, 525, 526, 540, 541, 552, 559, 562, 582, 590, 600, 604, 636, 637, 646, 668, 679, 707, 714, 741, 776, 802, 808, 839, 840, 841, 895, 925, 932, 958, 959, 987, 993, ]
[0, 1, 26, 63, 74, 75, 93, 102, 103, 133, 138, 156, 196, 203, 231, 233, 237, 284, 319, 325, 340, 354, 374, 392, 404, 409, 411, 424, 434, 460, 508, 520, 529, 531, 536, 556, 557, 569, 586, 587, 596, 599, 602, 607, 621, 626, 627, 644, 649, 678, 681, 714, 731, 753, 754, 767, 784, 805, 860, 866, 872, 895, 902, 930, 934, 935, 941, 949, 958, 968, 973, 980, 989, 992, 1004, 1005, 1006, 1018, ]
[31, 37, 57, 85, 138, 144, 165, 167, 178, 196, 218, 228, 229, 245, 249, 252, 259, 273, 282, 283, 312, 313, 314, 315, 316, 324, 326, 332, 336, 339, 349, 387, 393, 396, 398, 400, 401, 403, 404, 422, 427, 434, 435, 440, 456, 461, 491, 492, 493, 495, 497, 519, 564, 569, 600, 623, 629, 638, 644, 651, 771, 776, 807, 864, 866, 898, 903, 960, 963, ]
[20, 29, 31, 70, 78, 94, 118, 124, 143, 162, 168, 169, 180, 195, 203, 207, 234, 249, 256, 279, 286, 292, 293, 296, 299, 308, 319, 329, 346, 373, 399, 411, 420, 435, 445, 456, 466, 470, 497, 499, 519, 537, 592, 598, 600, 631, 647, 676, 694, 708, 728, 762, 769, 778, 803, 841, 847, 853, 869, 873, 888, 895, 904, 923, 937, 958, 964, 966, 967, 1014, 1020, ]
[42, 57, 64, 68, 127, 132, 136, 137, 164, 175, 176, 182, 196, 197, 209, 231, 232, 234, 291, 296, 304, 345, 391, 396, 397, 403, 405, 410, 423, 424, 447, 462, 464, 467, 498, 502, 504, 507, 509, 527, 529, 533, 535, 583, 692, 710, 720, 744, 745, 778, 782, 808, 838, 868, 872, 959, 987, 997, 1011, ]
[1, 5, 10, 14, 23, 27, 36, 65, 74, 105, 131, 133, 152, 157, 164, 169, 177, 184, 201, 204, 213, 222, 223, 234, 274, 277, 297, 303, 305, 319, 334, 335, 345, 367, 373, 376, 383, 398, 413, 425, 437, 438, 439, 447, 453, 454, 464, 466, 469, 485, 488, 489, 505, 509, 519, 521, 533, 543, 547, 550, 555, 558, 562, 563, 564, 575, 584, 595, 597, 604, 614, 625, 631, 644, 654, 664, 681, 682, 683, 714, 734, 737, 739, 744, 750, 757, 774, 776, 799, 824, 840, 844, 846, 848, 858, 868, 873, 883, 924, 954, 963, 966, 979, 991, 1018, 1022, ]
[9, 16, 23, 30, 31, 33, 57, 73, 100, 110, 122, 128, 135, 149, 163, 164, 169, 196, 238, 251, 260, 262, 286, 342, 346, 358, 371, 377, 391, 396, 400, 424, 433, 434, 441, 460, 467, 488, 491, 507, 528, 559, 560, 580, 595, 617, 624, 631, 652, 742, 747, 765, 768, 772, 778, 803, 823, 835, 836, 867, 868, 871, 894, 908, 931, 932, 968, 987, ]
[8, 29, 31, 54, 70, 95, 105, 111, 140, 170, 182, 191, 196, 198, 207, 232, 244, 262, 283, 291, 293, 300, 330, 341, 365, 373, 386, 393, 400, 401, 408, 423, 425, 429, 434, 442, 444, 465, 468, 471, 496, 508, 526, 539, 549, 561, 563, 590, 607, 625, 630, 632, 663, 677, 678, 704, 720, 728, 741, 754, 766, 772, 776, 778, 824, 870, 893, 931, 934, 937, 958, 969, 993, 1001, 1016, 1019, ]
[0, 13, 20, 31, 89, 93, 94, 103, 105, 115, 130, 133, 136, 188, 191, 195, 197, 200, 217, 228, 230, 263, 265, 286, 302, 324, 350, 358, 360, 375, 376, 392, 405, 406, 423, 425, 428, 434, 436, 451, 457, 463, 473, 478, 489, 515, 526, 530, 563, 581, 586, 592, 595, 596, 597, 598, 611, 625, 632, 663, 671, 709, 712, 745, 750, 785, 791, 799, 802, 823, 838, 853, 863, 869, 872, 873, 875, 876, 895, 900, 925, 940, 941, 973, 997, 1011, 1017, 1023, ]
[2, 17, 24, 33, 44, 62, 91, 92, 125, 131, 159, 165, 168, 169, 171, 172, 187, 194, 196, 197, 200, 206, 218, 240, 276, 278, 280, 283, 293, 295, 296, 313, 329, 337, 339, 356, 357, 358, 363, 364, 373, 375, 376, 389, 407, 410, 425, 427, 437, 438, 456, 462, 463, 477, 479, 486, 487, 492, 508, 515, 518, 521, 526, 530, 534, 559, 560, 563, 569, 583, 585, 587, 588, 589, 599, 600, 613, 626, 629, 649, 652, 678, 683, 684, 689, 695, 712, 713, 719, 731, 737, 741, 753, 767, 798, 805, 830, 842, 851, 869, 871, 888, 901, 905, 930, 958, 972, 989, 993, 998, 1014, 1018, 1019, 1020, ]
[2, 41, 58, 64, 104, 127, 132, 134, 135, 137, 201, 202, 216, 223, 228, 245, 252, 255, 265, 295, 311, 325, 338, 368, 374, 375, 382, 400, 401, 405, 409, 426, 501, 505, 551, 603, 628, 643, 648, 681, 685, 728, 749, 762, 775, 797, 817, 820, 821, 841, 843, 852, 868, 873, 903, 904, 989, 995, 1017, ]
[6, 25, 63, 68, 100, 136, 177, 197, 198, 213, 221, 223, 233, 235, 245, 249, 264, 277, 287, 294, 296, 303, 318, 324, 326, 328, 341, 342, 343, 357, 371, 372, 378, 400, 412, 441, 445, 454, 459, 472, 476, 478, 495, 499, 501, 521, 549, 564, 570, 599, 639, 646, 651, 653, 657, 680, 682, 709, 726, 745, 770, 800, 802, 813, 868, 905, 914, 937, 965, 969, 1010, 1023, ]
[3, 16, 25, 30, 32, 39, 70, 94, 104, 114, 122, 127, 138, 161, 168, 207, 220, 261, 277, 283, 294, 296, 304, 306, 319, 326, 332, 351, 361, 363, 370, 377, 392, 412, 414, 437, 447, 464, 473, 479, 492, 498, 529, 536, 543, 585, 595, 612, 623, 631, 643, 644, 645, 649, 661, 680, 730, 774, 800, 807, 830, 833, 847, 852, 860, 875, 892, 900, 902, 921, 930, 962, 974, 988, 992, 993, 1023, ]
[11, 12, 25, 28, 30, 57, 69, 93, 95, 100, 103, 106, 131, 133, 135, 138, 139, 152, 165, 170, 191, 196, 200, 203, 221, 233, 283, 287, 293, 296, 299, 313, 328, 337, 344, 357, 365, 388, 392, 393, 396, 401, 402, 406, 420, 428, 429, 455, 457, 458, 462, 463, 475, 483, 495, 514, 519, 523, 524, 526, 528, 530, 531, 532, 534, 538, 550, 552, 555, 586, 588, 592, 593, 598, 601, 616, 619, 627, 632, 647, 667, 680, 682, 683, 687, 697, 709, 710, 711, 712, 745, 750, 759, 787, 807, 809, 831, 863, 872, 873, 895, 906, 929, 942, 959, 987, 994, 999, 1009, 1016, 1018, 1021, 1023, ]
[31, 45, 64, 90, 94, 101, 106, 112, 141, 147, 165, 201, 202, 229, 247, 261, 281, 290, 293, 312, 325, 341, 351, 356, 357, 376, 400, 401, 404, 406, 426, 434, 435, 453, 455, 460, 465, 466, 476, 479, 486, 488, 494, 497, 498, 500, 524, 558, 559, 585, 613, 616, 628, 631, 693, 696, 709, 712, 713, 775, 776, 817, 862, 872, 903, 907, 932, 934, 953, 1004, 1020, ]
[5, 11, 23, 28, 36, 80, 93, 97, 98, 111, 125, 130, 132, 133, 140, 146, 168, 180, 198, 200, 202, 223, 228, 246, 247, 254, 259, 264, 266, 280, 293, 333, 343, 345, 349, 351, 353, 358, 400, 401, 405, 408, 412, 416, 424, 430, 434, 440, 441, 442, 446, 448, 453, 475, 497, 520, 525, 528, 532, 536, 586, 588, 594, 612, 616, 624, 640, 655, 678, 695, 696, 718, 735, 745, 748, 749, 750, 753, 760, 763, 804, 805, 808, 815, 830, 840, 843, 871, 873, 884, 901, 927, 931, 933, 934, 936, 950, 957, 961, 962, 966, 967, 969, 990, 1001, 1017, ]
[3, 11, 18, 28, 32, 58, 77, 81, 87, 104, 106, 108, 129, 131, 132, 133, 134, 148, 171, 173, 186, 188, 201, 202, 209, 229, 235, 240, 245, 246, 258, 264, 266, 287, 289, 294, 313, 316, 324, 332, 340, 344, 359, 363, 374, 389, 401, 403, 411, 426, 427, 432, 435, 440, 446, 447, 456, 457, 459, 466, 473, 476, 488, 489, 491, 517, 519, 522, 528, 550, 552, 553, 562, 580, 583, 585, 590, 614, 618, 620, 622, 624, 627, 632, 636, 652, 655, 659, 667, 685, 717, 743, 749, 750, 765, 776, 790, 800, 803, 806, 818, 831, 833, 853, 865, 877, 879, 888, 894, 897, 901, 904, 915, 924, 931, 937, 943, 953, 965, 966, 968, 978, 986, 988, 989, 992, 1002, 1005, 1021, ]
[29, 89, 95, 105, 108, 109, 117, 134, 148, 162, 163, 169, 191, 201, 202, 215, 216, 228, 229, 240, 245, 260, 265, 266, 280, 292, 313, 324, 337, 342, 358, 363, 374, 375, 388, 422, 435, 478, 492, 497, 498, 505, 518, 533, 535, 563, 564, 587, 591, 597, 607, 616, 646, 663, 664, 677, 679, 698, 739, 741, 744, 783, 784, 789, 827, 838, 839, 840, 872, 873, 933, 958, 969, 983, 986, 1016, ]
[23, 28, 32, 60, 63, 73, 92, 93, 94, 95, 127, 227, 229, 259, 273, 277, 290, 291, 294, 319, 321, 332, 341, 343, 356, 357, 360, 364, 370, 371, 374, 394, 401, 440, 448, 459, 462, 472, 508, 511, 520, 524, 527, 529, 530, 546, 549, 562, 563, 565, 588, 596, 598, 599, 612, 614, 624, 625, 633, 653, 658, 663, 685, 703, 710, 712, 734, 735, 748, 773, 775, 784, 838, 873, 925, 936, 962, 1012, ]
[23, 31, 41, 63, 90, 92, 101, 130, 136, 162, 165, 184, 190, 201, 234, 245, 264, 272, 294, 305, 312, 327, 330, 341, 342, 343, 344, 370, 397, 399, 415, 428, 431, 432, 433, 434, 437, 440, 441, 444, 447, 460, 465, 466, 467, 471, 472, 486, 499, 502, 516, 530, 532, 533, 535, 538, 569, 587, 615, 624, 658, 662, 663, 697, 708, 710, 722, 728, 739, 757, 773, 776, 791, 808, 840, 870, 885, 895, 900, 905, 969, 986, 999, 1012, 1023, ]
[29, 39, 42, 46, 69, 89, 93, 103, 126, 127, 135, 137, 159, 163, 188, 201, 217, 227, 238, 243, 261, 291, 295, 313, 315, 340, 346, 355, 361, 390, 405, 406, 407, 412, 426, 432, 435, 436, 444, 455, 464, 470, 489, 496, 509, 519, 522, 527, 529, 534, 536, 561, 564, 571, 583, 587, 594, 634, 655, 662, 677, 680, 719, 732, 739, 804, 840, 895, 899, 936, 957, 960, 990, 992, 997, 1006, ]
[2, 6, 24, 26, 30, 31, 37, 49, 60, 62, 64, 75, 105, 138, 150, 159, 169, 172, 187, 188, 194, 201, 203, 209, 240, 261, 262, 269, 272, 277, 282, 297, 327, 328, 339, 357, 361, 369, 378, 388, 393, 405, 423, 426, 431, 432, 454, 456, 463, 467, 470, 475, 479, 489, 491, 500, 501, 504, 505, 516, 520, 526, 528, 529, 532, 584, 589, 595, 622, 625, 628, 653, 669, 672, 680, 693, 717, 730, 737, 741, 743, 744, 753, 775, 777, 816, 825, 831, 840, 841, 853, 875, 889, 894, 895, 901, 924, 925, 927, 928, 955, 959, 965, 985, 1006, 1014, 1015, ]
[23, 26, 41, 63, 85, 124, 137, 149, 157, 161, 167, 188, 191, 201, 203, 211, 222, 228, 251, 259, 264, 281, 291, 296, 348, 374, 399, 402, 423, 455, 458, 468, 472, 476, 496, 499, 502, 507, 533, 541, 543, 567, 591, 646, 656, 674, 713, 745, 746, 748, 751, 767, 773, 776, 778, 816, 827, 831, 842, 861, 868, 871, 873, 880, 894, 901, 917, 956, 968, 978, ]
[2, 27, 29, 61, 64, 66, 67, 91, 92, 100, 101, 111, 117, 144, 159, 200, 210, 226, 227, 235, 246, 248, 254, 269, 297, 300, 303, 313, 325, 336, 338, 340, 350, 353, 360, 374, 378, 384, 390, 398, 400, 402, 407, 412, 423, 433, 435, 465, 478, 490, 496, 523, 531, 558, 561, 570, 580, 586, 623, 625, 652, 726, 744, 750, 756, 767, 799, 840, 852, 871, 896, 901, 959, 960, 969, 992, 1010, 1019, ]
[1, 8, 17, 27, 31, 69, 102, 126, 134, 140, 156, 162, 163, 165, 175, 180, 201, 233, 241, 275, 278, 279, 287, 288, 292, 294, 299, 339, 344, 354, 370, 377, 379, 390, 394, 403, 404, 410, 423, 430, 434, 454, 455, 458, 465, 476, 484, 495, 498, 500, 518, 521, 528, 541, 554, 562, 565, 583, 658, 664, 665, 669, 687, 694, 702, 707, 740, 749, 757, 767, 774, 806, 822, 831, 838, 839, 840, 841, 870, 888, 895, 897, 902, 909, 923, 932, 935, 966, 967, 973, 990, 994, 1022, ]
[2, 6, 28, 29, 39, 62, 101, 106, 169, 178, 193, 196, 199, 200, 208, 212, 213, 232, 236, 240, 244, 245, 248, 268, 270, 287, 304, 323, 343, 344, 345, 367, 376, 380, 394, 395, 406, 414, 433, 442, 445, 456, 459, 464, 473, 489, 493, 499, 503, 532, 539, 551, 584, 620, 646, 655, 660, 664, 712, 729, 742, 743, 780, 816, 848, 851, 856, 873, 899, 910, 938, 958, 961, 969, 992, 1009, 1023, ]
[0, 7, 14, 30, 39, 41, 42, 55, 69, 70, 101, 136, 168, 169, 190, 196, 212, 222, 230, 234, 238, 249, 263, 265, 270, 293, 298, 323, 329, 358, 385, 391, 400, 404, 438, 493, 505, 512, 533, 540, 552, 570, 573, 598, 611, 639, 657, 693, 712, 730, 742, 751, 754, 786, 788, 811, 826, 842, 846, 866, 868, 869, 889, 901, 902, 903, 912, 934, 958, 993, ]
[47, 129, 160, 191, 192, 224, 225, 229, 256, 257, 288, 289, 292, 301, 319, 321, 335, 341, 346, 353, 354, 360, 367, 376, 417, 448, 480, 495, 556, 559, 600, 734, 773, 789, 814, 834, 944, 969, 1018, ]
[9, 26, 33, 47, 52, 69, 126, 137, 140, 145, 162, 165, 166, 169, 171, 180, 200, 209, 216, 227, 231, 247, 254, 264, 271, 272, 281, 282, 304, 305, 319, 326, 330, 336, 340, 366, 383, 385, 389, 394, 399, 412, 414, 428, 451, 456, 463, 485, 488, 489, 493, 497, 507, 518, 527, 530, 531, 552, 557, 563, 574, 582, 583, 588, 593, 594, 605, 613, 616, 624, 654, 655, 679, 680, 688, 695, 708, 712, 720, 739, 742, 746, 751, 752, 758, 760, 769, 781, 783, 784, 867, 896, 906, 910, 913, 924, 956, 966, 995, 1006, 1022, ]
[1, 27, 64, 90, 93, 116, 133, 201, 266, 281, 291, 297, 307, 326, 331, 368, 373, 398, 402, 408, 426, 430, 436, 439, 455, 490, 495, 515, 519, 524, 536, 560, 570, 598, 650, 653, 663, 697, 711, 740, 744, 796, 805, 808, 852, 896, 929, 954, 994, 1019, 1023, ]
[6, 26, 27, 28, 29, 107, 120, 135, 156, 158, 202, 212, 229, 250, 259, 314, 339, 344, 360, 367, 369, 375, 376, 377, 406, 425, 435, 442, 443, 445, 457, 462, 466, 483, 487, 494, 495, 496, 505, 527, 530, 561, 571, 588, 592, 599, 603, 626, 632, 663, 665, 671, 676, 678, 742, 743, 772, 793, 862, 864, 868, 869, 896, 902, 928, 929, 945, 959, 961, 968, 986, 1000, 1008, 1011, ]
[4, 5, 17, 19, 24, 41, 63, 118, 119, 122, 150, 157, 159, 165, 181, 187, 195, 199, 201, 215, 227, 237, 238, 246, 248, 265, 267, 279, 280, 287, 292, 311, 312, 313, 315, 323, 337, 345, 347, 348, 349, 359, 395, 404, 412, 420, 423, 424, 435, 453, 466, 487, 494, 497, 499, 502, 506, 529, 532, 567, 615, 632, 656, 710, 713, 740, 766, 774, 791, 793, 829, 839, 856, 858, 867, 888, 894, 901, 913, 960, 979, 988, 991, 996, 1003, 1010, 1012, ]
[0, 3, 4, 18, 31, 35, 42, 50, 59, 136, 139, 166, 169, 175, 180, 191, 192, 196, 200, 206, 209, 228, 229, 252, 260, 264, 266, 277, 280, 298, 299, 303, 307, 324, 341, 344, 358, 360, 369, 403, 409, 412, 420, 434, 437, 467, 493, 496, 497, 500, 502, 508, 520, 528, 536, 552, 560, 572, 587, 598, 612, 615, 627, 634, 636, 660, 676, 708, 709, 718, 743, 795, 807, 811, 816, 824, 834, 869, 871, 892, 936, 949, 967, 969, 991, 1010, ]
[15, 28, 57, 78, 84, 105, 129, 139, 154, 166, 169, 177, 202, 213, 223, 229, 235, 265, 269, 273, 277, 282, 284, 306, 311, 312, 327, 340, 358, 375, 376, 378, 381, 389, 393, 434, 436, 439, 441, 446, 459, 462, 463, 464, 492, 499, 516, 518, 527, 534, 536, 547, 554, 557, 561, 565, 581, 594, 603, 631, 681, 697, 702, 731, 743, 769, 788, 804, 808, 809, 825, 832, 835, 837, 843, 864, 865, 896, 897, 900, 910, 916, 926, 929, 930, 938, 953, 969, 993, ]
[25, 28, 60, 69, 74, 81, 105, 108, 116, 140, 159, 181, 196, 202, 216, 219, 231, 241, 254, 261, 295, 298, 312, 346, 357, 372, 380, 381, 397, 401, 420, 434, 438, 439, 442, 446, 488, 495, 497, 532, 541, 561, 565, 568, 578, 588, 623, 631, 670, 677, 679, 740, 768, 769, 835, 837, 873, 903, 911, 956, 966, 990, 1009, ]