[14, 25, 27, 29, 45, 48, 52, 61, 65, 73, 83, 86, ]
[7, 12, 20, 27, 28, 29, 31, 34, 45, 48, 51, 52, 67, 71, 78, 81, 82, 83, 85, 87, ]
[3, 7, 10, 27, 29, 31, 35, 38, 49, 51, 55, 66, 73, 77, 88, 89, ]
[16, 23, 33, 35, 36, 54, 59, 83, ]
[2, 9, 13, 16, 19, 25, 47, 50, 62, 89, ]
[23, 32, 48, 59, 61, 86, ]
[12, 16, 19, 21, 31, 34, 47, 50, 53, 63, 71, 76, 79, 81, 84, 88, 89, ]
[0, 2, 3, 15, 19, 21, 23, 24, 25, 27, 29, 30, 31, 39, 40, 68, 78, 87, 88, 89, ]
[8, 13, 23, 26, 27, 28, 42, 45, 51, 56, 65, 75, 82, 85, 87, ]
[5, 8, 13, 28, 29, 33, 37, 43, 48, 50, 53, 64, 67, 69, 78, 85, 86, 89, ]
[6, 9, 15, 16, 19, 27, 31, 38, 41, 51, 61, 65, 67, 79, 83, 88, 89, ]
[0, 6, 8, 9, 27, 29, 30, 32, 35, 46, 51, 53, 55, 60, 62, 77, 80, 82, 86, 88, ]
[2, 3, 13, 23, 38, 39, 55, 67, 68, 71, 73, 85, 89, ]
[0, 1, 2, 4, 5, 7, 23, 24, 25, 26, 27, 41, 45, 47, 48, 53, 55, 59, 63, 64, 69, 82, 88, ]
[8, 11, 12, 14, 15, 22, 25, 34, 39, 49, 50, 51, 55, 59, 61, 64, 65, 71, 75, 87, ]