[24, 36, 39, 52, 71, 83, 84, 99, 106, 115, 135, 149, 152, 174, 181, 183, 184, 186, 203, 214, 215, 226, 228, 232, 237, 244, 245, 256, 297, 299, 300, 309, 336, 359, 360, 361, 375, 383, 395, 404, 417, 421, 429, 431, 432, 433, 436, 437, 452, 454, 515, 522, 537, 551, 553, 554, 581, 595, 598, 608, ]
[1, 23, 70, 81, 111, 183, 185, 198, 217, 254, 263, 293, 299, 304, 314, 331, 333, 343, 360, 362, 393, 395, 396, 422, 424, 425, 427, 429, 432, 452, 453, 456, 457, 458, 470, 471, 477, 479, 486, 489, 512, 519, 544, 554, 555, 564, 565, 582, 603, ]
[53, 131, 139, 146, 185, 330, 332, 377, 387, 389, 425, 448, 481, 495, 513, 525, 531, 539, 545, 555, 559, 570, 576, 581, 583, ]
[49, 168, 216, 217, 244, 305, 331, 339, 348, 360, 367, 393, 394, 396, 425, 428, 430, 435, 458, 461, 462, 470, 471, 474, 479, 499, 501, 523, 533, 548, 558, 565, 572, 579, 602, 612, ]
[5, 15, 17, 71, 108, 112, 124, 143, 150, 165, 171, 189, 215, 217, 228, 239, 240, 241, 253, 260, 267, 268, 271, 273, 274, 285, 287, 303, 315, 316, 328, 337, 359, 360, 393, 395, 396, 415, 424, 425, 432, 434, 447, 462, 463, 466, 467, 468, 469, 471, 479, 492, 512, 561, 578, 581, 583, 601, 608, ]
[16, 77, 110, 131, 135, 140, 142, 166, 170, 172, 173, 184, 192, 199, 202, 206, 242, 248, 341, 372, 378, 406, 408, 411, 412, 414, 415, 417, 423, 429, 441, 445, 447, 452, 473, 488, 562, 589, 602, 603, 607, 608, 610, 612, 614, ]
[16, 38, 69, 166, 177, 184, 248, 286, 333, 357, 361, 362, 363, 394, 395, 413, 425, 426, 433, 435, 447, 473, 474, 494, 495, 496, 512, 513, 522, 524, 527, 559, 560, 562, 566, 568, 582, 605, ]
[108, 118, 145, 168, 192, 201, 210, 252, 277, 301, 344, 383, 384, 385, 394, 417, 418, 440, 443, 445, 449, 451, 455, 471, 473, 477, 490, 581, 582, 584, 587, 600, 601, 604, 606, 609, ]
[8, 9, 10, 22, 36, 41, 43, 47, 62, 67, 68, 75, 76, 82, 108, 155, 178, 179, 180, 205, 213, 214, 215, 233, 234, 259, 264, 266, 333, 339, 346, 355, 371, 409, 429, 432, 434, 437, 443, 448, 485, 500, 581, 596, ]
[3, 20, 39, 49, 66, 79, 92, 101, 114, 132, 135, 146, 147, 180, 192, 210, 213, 214, 237, 259, 292, 306, 331, 335, 340, 362, 375, 394, 395, 416, 426, 427, 434, 436, 457, 480, 481, 488, 494, 495, 500, 501, 512, 513, 517, 526, 527, 531, 537, 553, 559, 561, 583, 601, ]
[20, 43, 50, 82, 83, 115, 127, 138, 147, 148, 171, 182, 205, 214, 215, 252, 308, 334, 341, 364, 393, 394, 395, 396, 424, 425, 426, 429, 447, 458, 460, 461, 474, 475, 488, 492, 495, 498, 500, 502, 525, 554, 577, 583, 586, 596, 609, ]
[14, 15, 45, 46, 56, 72, 102, 104, 114, 133, 134, 135, 143, 165, 166, 167, 172, 177, 181, 196, 210, 211, 214, 215, 217, 239, 258, 305, 330, 336, 365, 367, 374, 407, 408, 416, 423, 429, 433, 545, 552, 553, 582, 589, 590, 594, 607, ]
[18, 23, 37, 71, 78, 128, 161, 162, 164, 165, 171, 214, 237, 275, 294, 296, 298, 299, 310, 328, 334, 345, 370, 371, 372, 373, 394, 415, 432, 435, 436, 471, 492, 524, 553, 588, 590, 591, 592, 607, ]
[51, 69, 80, 82, 160, 161, 162, 165, 175, 181, 189, 190, 205, 208, 213, 243, 248, 258, 281, 295, 302, 303, 309, 333, 346, 361, 371, 372, 373, 394, 417, 423, 426, 431, 435, 436, 479, 522, 556, 591, 592, 593, ]
[9, 25, 41, 47, 68, 81, 99, 100, 131, 132, 134, 143, 163, 164, 166, 180, 198, 215, 217, 227, 232, 233, 234, 258, 261, 265, 302, 307, 311, 335, 360, 372, 375, 398, 407, 408, 409, 411, 414, 427, 431, 433, 461, 475, 477, 496, 517, 549, 588, ]
[13, 79, 81, 107, 126, 133, 153, 154, 165, 166, 185, 189, 214, 237, 241, 253, 257, 272, 279, 281, 295, 302, 304, 327, 328, 330, 341, 343, 391, 395, 397, 426, 427, 429, 446, 448, 460, 471, 480, 488, 489, 490, 491, 492, 493, 510, 524, 530, 532, 538, 542, 546, 550, 561, 567, 577, 581, 601, ]
[16, 51, 77, 80, 99, 101, 122, 131, 150, 163, 182, 184, 185, 197, 200, 202, 215, 217, 219, 262, 264, 286, 313, 332, 339, 361, 392, 393, 394, 406, 407, 408, 409, 411, 423, 433, 447, 477, 481, 488, 499, 511, 513, 519, 520, 526, 527, 529, 531, 532, 536, 537, 557, 558, 576, 577, 581, 582, 583, 590, 591, ]
[2, 7, 8, 36, 49, 78, 87, 95, 106, 130, 171, 172, 173, 183, 205, 215, 232, 264, 309, 333, 336, 363, 375, 418, 422, 425, 432, 435, 437, 471, 555, 561, 565, 581, 592, 606, ]
[79, 119, 130, 166, 172, 211, 333, 340, 377, 408, 410, 412, 413, 414, 415, 434, 442, 447, 558, 580, 597, 601, 605, ]
[60, 81, 165, 216, 257, 272, 330, 331, 345, 354, 361, 368, 394, 399, 424, 425, 426, 428, 432, 437, 469, 470, 471, 474, 480, 482, 486, 487, 492, 493, 494, 495, 496, 502, 505, 527, 533, 534, 561, 565, 569, 576, 581, 605, 612, ]
[7, 8, 12, 15, 31, 83, 99, 130, 162, 182, 183, 185, 195, 199, 200, 206, 214, 216, 217, 218, 228, 249, 262, 286, 319, 326, 331, 332, 333, 336, 358, 371, 375, 391, 407, 408, 409, 411, 428, 430, 436, 452, 456, 458, 461, 471, 477, 479, 480, 497, 512, 576, 577, 591, ]
[7, 37, 51, 90, 109, 113, 154, 165, 169, 173, 182, 186, 198, 209, 216, 233, 250, 256, 281, 294, 327, 332, 337, 360, 361, 362, 390, 418, 425, 435, 455, 459, 461, 471, 474, 479, 480, 481, 519, 532, 551, 552, 554, 567, 571, 576, 581, 590, 601, ]
[3, 10, 49, 53, 66, 67, 133, 172, 202, 203, 214, 218, 227, 254, 259, 260, 291, 314, 323, 324, 325, 326, 333, 356, 357, 367, 394, 400, 408, 411, 414, 431, 432, 433, 434, 435, 485, 496, 499, 500, 501, 545, 572, 582, 584, 585, 586, 590, 598, 608, ]
[16, 113, 162, 166, 170, 207, 208, 209, 210, 213, 217, 234, 248, 303, 336, 349, 361, 376, 407, 410, 418, 431, 439, 440, 441, 447, 448, 461, 473, 479, 497, 520, 582, 584, 585, 598, 600, 602, 603, 611, ]
[3, 19, 20, 22, 31, 38, 72, 99, 103, 112, 140, 162, 178, 213, 217, 227, 240, 245, 249, 255, 258, 277, 279, 282, 337, 364, 369, 395, 396, 397, 416, 427, 428, 432, 461, 473, 474, 475, 479, 498, 501, 512, 545, 562, 576, 596, ]
[17, 156, 224, 322, 346, 392, 416, 421, 422, 426, 427, 428, 433, 471, 479, 485, 489, 495, 496, 516, 523, 526, 529, 531, 538, 541, 547, 549, 556, 559, 560, 570, 571, 573, 577, 578, 580, ]