3.530000000000000000e+02
2.600000000000000000e+01
3.010000000000000000e+02
4.300000000000000000e+01
2.700000000000000000e+02
2.690000000000000000e+02
5.200000000000000000e+02
5.220000000000000000e+02
5.210000000000000000e+02
3.330000000000000000e+02
8.120000000000000000e+02
2.800000000000000000e+01
7.800000000000000000e+02
7.490000000000000000e+02
5.270000000000000000e+02
3.720000000000000000e+02
5.900000000000000000e+02
5.610000000000000000e+02
6.850000000000000000e+02
5.260000000000000000e+02
5.850000000000000000e+02
5.560000000000000000e+02
5.390000000000000000e+02
3.870000000000000000e+02
2.400000000000000000e+02
2.410000000000000000e+02
2.080000000000000000e+02
8.760000000000000000e+02
8.430000000000000000e+02
6.380000000000000000e+02
2.980000000000000000e+02
2.700000000000000000e+01
5.510000000000000000e+02
5.400000000000000000e+02
6.110000000000000000e+02
8.570000000000000000e+02
5.840000000000000000e+02
4.190000000000000000e+02
4.550000000000000000e+02
8.150000000000000000e+02
3.620000000000000000e+02
2.010000000000000000e+02
5.340000000000000000e+02
5.660000000000000000e+02
4.510000000000000000e+02
6.000000000000000000e+02
2.500000000000000000e+01
5.520000000000000000e+02
4.400000000000000000e+02
5.670000000000000000e+02
