6.110000000000000000e+02
2.600000000000000000e+01
4.300000000000000000e+01
2.710000000000000000e+02
5.200000000000000000e+02
4.200000000000000000e+01
3.200000000000000000e+02
3.220000000000000000e+02
4.950000000000000000e+02
8.120000000000000000e+02
5.880000000000000000e+02
2.830000000000000000e+02
8.150000000000000000e+02
5.560000000000000000e+02
6.870000000000000000e+02
3.870000000000000000e+02
4.310000000000000000e+02
9.760000000000000000e+02
4.400000000000000000e+02
2.700000000000000000e+01
5.580000000000000000e+02
2.410000000000000000e+02
2.400000000000000000e+02
4.550000000000000000e+02
5.510000000000000000e+02
6.050000000000000000e+02
2.800000000000000000e+01
6.850000000000000000e+02
4.820000000000000000e+02
3.670000000000000000e+02
2.080000000000000000e+02
5.840000000000000000e+02
3.530000000000000000e+02
6.210000000000000000e+02
3.210000000000000000e+02
5.900000000000000000e+02
5.390000000000000000e+02
6.380000000000000000e+02
5.710000000000000000e+02
6.180000000000000000e+02
8.430000000000000000e+02
5.520000000000000000e+02
3.750000000000000000e+02
6.200000000000000000e+01
5.550000000000000000e+02
4.860000000000000000e+02
6.000000000000000000e+02
3.100000000000000000e+01
2.300000000000000000e+01
5.260000000000000000e+02
