3.210000000000000000e+02
2.800000000000000000e+01
2.240000000000000000e+02
4.300000000000000000e+01
5.120000000000000000e+02
6.060000000000000000e+02
1.140000000000000000e+02
1.060000000000000000e+02
3.220000000000000000e+02
5.520000000000000000e+02
3.530000000000000000e+02
2.760000000000000000e+02
3.720000000000000000e+02
5.840000000000000000e+02
2.700000000000000000e+01
5.580000000000000000e+02
5.590000000000000000e+02
3.950000000000000000e+02
2.410000000000000000e+02
2.400000000000000000e+02
5.560000000000000000e+02
5.510000000000000000e+02
3.060000000000000000e+02
3.850000000000000000e+02
6.110000000000000000e+02
5.390000000000000000e+02
3.870000000000000000e+02
4.550000000000000000e+02
4.180000000000000000e+02
6.870000000000000000e+02
7.200000000000000000e+02
6.000000000000000000e+02
2.300000000000000000e+01
6.860000000000000000e+02
4.960000000000000000e+02
7.500000000000000000e+01
2.080000000000000000e+02
4.630000000000000000e+02
7.600000000000000000e+01
6.380000000000000000e+02
5.910000000000000000e+02
5.710000000000000000e+02
1.330000000000000000e+02
8.430000000000000000e+02
4.980000000000000000e+02
4.310000000000000000e+02
4.720000000000000000e+02
4.400000000000000000e+02
7.210000000000000000e+02
4.510000000000000000e+02
