2.250000000000000000e+02
2.800000000000000000e+01
2.240000000000000000e+02
3.200000000000000000e+02
4.100000000000000000e+01
8.480000000000000000e+02
6.060000000000000000e+02
3.220000000000000000e+02
4.540000000000000000e+02
6.380000000000000000e+02
5.100000000000000000e+02
2.600000000000000000e+01
5.270000000000000000e+02
3.870000000000000000e+02
3.530000000000000000e+02
3.720000000000000000e+02
5.580000000000000000e+02
5.720000000000000000e+02
3.210000000000000000e+02
6.110000000000000000e+02
2.410000000000000000e+02
2.400000000000000000e+02
4.450000000000000000e+02
4.820000000000000000e+02
4.550000000000000000e+02
8.150000000000000000e+02
5.560000000000000000e+02
4.310000000000000000e+02
4.720000000000000000e+02
6.000000000000000000e+01
7.820000000000000000e+02
5.510000000000000000e+02
6.220000000000000000e+02
5.550000000000000000e+02
4.960000000000000000e+02
5.910000000000000000e+02
7.870000000000000000e+02
4.860000000000000000e+02
6.870000000000000000e+02
4.400000000000000000e+02
5.840000000000000000e+02
2.500000000000000000e+01
3.950000000000000000e+02
4.290000000000000000e+02
4.830000000000000000e+02
3.670000000000000000e+02
4.050000000000000000e+02
3.080000000000000000e+02
6.210000000000000000e+02
3.750000000000000000e+02
