1.540000000000000000e+03
3.037000000000000000e+03
2.410000000000000000e+02
1.010000000000000000e+02
1.377000000000000000e+03
5.200000000000000000e+01
6.467000000000000000e+03
7.160000000000000000e+02
6.475000000000000000e+03
3.260000000000000000e+02
5.990000000000000000e+02
8.823000000000000000e+03
1.037000000000000000e+03
3.227000000000000000e+03
1.170000000000000000e+03
8.405000000000000000e+03
2.565000000000000000e+03
7.773000000000000000e+03
8.173000000000000000e+03
2.788000000000000000e+03
6.027000000000000000e+03
1.720000000000000000e+03
7.873000000000000000e+03
9.725000000000000000e+03
9.274000000000000000e+03
4.312000000000000000e+03
2.857000000000000000e+03
8.280000000000000000e+03
9.226000000000000000e+03
6.975000000000000000e+03
7.632000000000000000e+03
3.902000000000000000e+03
1.402000000000000000e+03
4.229000000000000000e+03
1.259000000000000000e+03
3.661000000000000000e+03
6.943000000000000000e+03
5.312000000000000000e+03
2.236000000000000000e+03
9.045000000000000000e+03
2.462000000000000000e+03
2.023000000000000000e+03
7.770000000000000000e+02
4.790000000000000000e+02
5.119000000000000000e+03
7.645000000000000000e+03
8.353000000000000000e+03
2.636000000000000000e+03
8.206000000000000000e+03
1.747000000000000000e+03
