7.650000000000000000e+02
3.392000000000000000e+03
5.300000000000000000e+01
2.313000000000000000e+03
2.270000000000000000e+02
6.190000000000000000e+02
1.219000000000000000e+03
1.974000000000000000e+03
4.750000000000000000e+03
9.820000000000000000e+02
1.015000000000000000e+03
6.030000000000000000e+02
2.246000000000000000e+03
5.405000000000000000e+03
1.264000000000000000e+03
1.398000000000000000e+03
1.472000000000000000e+03
8.952000000000000000e+03
1.001000000000000000e+03
5.804000000000000000e+03
2.261000000000000000e+03
7.155000000000000000e+03
2.830000000000000000e+03
4.551000000000000000e+03
5.557000000000000000e+03
4.959000000000000000e+03
7.610000000000000000e+02
3.979000000000000000e+03
1.540000000000000000e+02
4.191000000000000000e+03
3.528000000000000000e+03
1.293000000000000000e+03
8.390000000000000000e+02
3.698000000000000000e+03
9.810000000000000000e+02
4.186000000000000000e+03
5.454000000000000000e+03
2.837000000000000000e+03
6.658000000000000000e+03
3.568000000000000000e+03
2.139000000000000000e+03
6.970000000000000000e+03
7.413000000000000000e+03
2.355000000000000000e+03
6.524000000000000000e+03
1.786000000000000000e+03
6.150000000000000000e+02
2.283000000000000000e+03
4.070000000000000000e+03
8.642000000000000000e+03
