1.870000000000000000e+03
2.847000000000000000e+03
1.000000000000000000e+01
3.466000000000000000e+03
8.370000000000000000e+02
1.230000000000000000e+03
2.584000000000000000e+03
1.470000000000000000e+02
1.296000000000000000e+03
5.000000000000000000e+00
1.085000000000000000e+03
2.568000000000000000e+03
6.190000000000000000e+02
7.990000000000000000e+02
1.408000000000000000e+03
1.660000000000000000e+03
4.394000000000000000e+03
8.310000000000000000e+02
9.960000000000000000e+02
7.400000000000000000e+02
4.046000000000000000e+03
3.249000000000000000e+03
2.737000000000000000e+03
1.263000000000000000e+03
2.965000000000000000e+03
9.800000000000000000e+02
7.770000000000000000e+02
1.930000000000000000e+02
3.560000000000000000e+02
2.119000000000000000e+03
2.213000000000000000e+03
8.500000000000000000e+01
4.080000000000000000e+03
2.640000000000000000e+03
4.389000000000000000e+03
3.209000000000000000e+03
4.419000000000000000e+03
3.908000000000000000e+03
2.406000000000000000e+03
7.060000000000000000e+02
8.640000000000000000e+02
3.384000000000000000e+03
1.755000000000000000e+03
3.870000000000000000e+02
8.460000000000000000e+02
3.442000000000000000e+03
7.390000000000000000e+02
3.307000000000000000e+03
2.331000000000000000e+03
9.920000000000000000e+02
