1.870000000000000000e+03
9.950000000000000000e+02
1.010000000000000000e+02
1.054000000000000000e+03
2.482000000000000000e+03
2.916000000000000000e+03
4.251000000000000000e+03
2.380000000000000000e+02
3.020000000000000000e+02
1.686000000000000000e+03
3.523000000000000000e+03
2.140000000000000000e+02
3.910000000000000000e+02
4.200000000000000000e+02
9.090000000000000000e+02
1.156000000000000000e+03
2.521000000000000000e+03
2.945000000000000000e+03
9.150000000000000000e+02
2.300000000000000000e+01
4.780000000000000000e+02
1.438000000000000000e+03
1.108000000000000000e+03
3.600000000000000000e+02
6.700000000000000000e+01
1.820000000000000000e+02
6.000000000000000000e+02
2.872000000000000000e+03
3.266000000000000000e+03
2.382000000000000000e+03
2.457000000000000000e+03
1.631000000000000000e+03
2.806000000000000000e+03
3.484000000000000000e+03
3.579000000000000000e+03
2.803000000000000000e+03
2.470000000000000000e+02
9.900000000000000000e+01
3.403000000000000000e+03
5.410000000000000000e+02
2.260000000000000000e+02
3.703000000000000000e+03
1.240000000000000000e+02
4.403000000000000000e+03
1.913000000000000000e+03
2.858000000000000000e+03
3.557000000000000000e+03
3.014000000000000000e+03
9.680000000000000000e+02
2.000000000000000000e+02
