1.870000000000000000e+03
0.000000000000000000e+00
4.560000000000000000e+02
9.950000000000000000e+02
4.200000000000000000e+01
1.596000000000000000e+03
3.120000000000000000e+02
2.760000000000000000e+02
1.199000000000000000e+03
3.506000000000000000e+03
2.733000000000000000e+03
2.870000000000000000e+03
7.720000000000000000e+02
1.210000000000000000e+02
2.400000000000000000e+02
5.320000000000000000e+02
3.908000000000000000e+03
2.975000000000000000e+03
3.826000000000000000e+03
5.230000000000000000e+02
8.700000000000000000e+02
1.260000000000000000e+03
4.290000000000000000e+03
4.090000000000000000e+02
1.438000000000000000e+03
1.180000000000000000e+02
7.290000000000000000e+02
2.789000000000000000e+03
3.790000000000000000e+03
1.505000000000000000e+03
4.243000000000000000e+03
9.090000000000000000e+02
1.219000000000000000e+03
2.420000000000000000e+03
2.259000000000000000e+03
1.508000000000000000e+03
9.600000000000000000e+01
1.142000000000000000e+03
9.000000000000000000e+01
1.649000000000000000e+03
2.040000000000000000e+03
2.444000000000000000e+03
3.561000000000000000e+03
3.020000000000000000e+02
2.925000000000000000e+03
2.650000000000000000e+03
8.550000000000000000e+02
1.601000000000000000e+03
3.769000000000000000e+03
9.250000000000000000e+02
