6.966000000000000000e+03
6.965000000000000000e+03
8.854000000000000000e+03
8.966000000000000000e+03
7.077000000000000000e+03
7.076000000000000000e+03
7.190000000000000000e+03
9.864000000000000000e+03
6.964000000000000000e+03
9.975000000000000000e+03
6.854000000000000000e+03
6.967000000000000000e+03
9.857000000000000000e+03
8.517000000000000000e+03
3.390000000000000000e+02
8.400000000000000000e+01
9.633000000000000000e+03
1.019400000000000000e+04
3.160000000000000000e+02
9.277000000000000000e+03
1.027000000000000000e+04
9.600000000000000000e+01
9.751000000000000000e+03
6.501000000000000000e+03
6.404000000000000000e+03
6.294000000000000000e+03
9.297000000000000000e+03
2.300000000000000000e+02
2.250000000000000000e+02
9.524000000000000000e+03
9.976000000000000000e+03
6.853000000000000000e+03
6.852000000000000000e+03
4.270000000000000000e+02
7.189000000000000000e+03
3.150000000000000000e+02
6.613000000000000000e+03
1.006000000000000000e+04
5.845000000000000000e+03
6.164000000000000000e+03
6.405000000000000000e+03
3.400000000000000000e+02
6.276000000000000000e+03
7.281000000000000000e+03
6.389000000000000000e+03
7.840000000000000000e+02
5.939000000000000000e+03
6.181000000000000000e+03
9.861000000000000000e+03
9.971000000000000000e+03
