6.966000000000000000e+03
6.965000000000000000e+03
6.967000000000000000e+03
7.077000000000000000e+03
7.190000000000000000e+03
6.404000000000000000e+03
7.900000000000000000e+02
6.964000000000000000e+03
8.854000000000000000e+03
7.076000000000000000e+03
5.845000000000000000e+03
9.857000000000000000e+03
6.854000000000000000e+03
3.390000000000000000e+02
9.755000000000000000e+03
6.853000000000000000e+03
6.294000000000000000e+03
1.006000000000000000e+04
1.019400000000000000e+04
9.864000000000000000e+03
9.297000000000000000e+03
6.516000000000000000e+03
7.189000000000000000e+03
9.184000000000000000e+03
6.629000000000000000e+03
1.008500000000000000e+04
6.405000000000000000e+03
2.250000000000000000e+02
2.300000000000000000e+02
6.517000000000000000e+03
8.966000000000000000e+03
1.006100000000000000e+04
3.698000000000000000e+03
9.524000000000000000e+03
6.690000000000000000e+02
8.517000000000000000e+03
6.628000000000000000e+03
6.852000000000000000e+03
6.070000000000000000e+03
9.861000000000000000e+03
9.971000000000000000e+03
7.191000000000000000e+03
1.010200000000000000e+04
5.000000000000000000e+00
3.586000000000000000e+03
9.191000000000000000e+03
3.400000000000000000e+02
7.399000000000000000e+03
7.512000000000000000e+03
7.840000000000000000e+02
