6.966000000000000000e+03
7.077000000000000000e+03
6.965000000000000000e+03
6.294000000000000000e+03
6.670000000000000000e+02
7.190000000000000000e+03
6.967000000000000000e+03
6.404000000000000000e+03
6.660000000000000000e+02
5.845000000000000000e+03
6.405000000000000000e+03
6.293000000000000000e+03
5.570000000000000000e+02
6.964000000000000000e+03
6.854000000000000000e+03
6.630000000000000000e+03
7.076000000000000000e+03
5.580000000000000000e+02
7.415000000000000000e+03
6.853000000000000000e+03
4.420000000000000000e+02
6.406000000000000000e+03
6.710000000000000000e+02
6.292000000000000000e+03
5.560000000000000000e+02
7.078000000000000000e+03
8.966000000000000000e+03
6.629000000000000000e+03
3.330000000000000000e+02
6.632000000000000000e+03
6.070000000000000000e+03
4.450000000000000000e+02
6.852000000000000000e+03
6.690000000000000000e+02
6.518000000000000000e+03
9.864000000000000000e+03
8.854000000000000000e+03
6.700000000000000000e+02
5.396000000000000000e+03
5.590000000000000000e+02
9.755000000000000000e+03
6.182000000000000000e+03
7.189000000000000000e+03
6.501000000000000000e+03
7.414000000000000000e+03
6.520000000000000000e+03
5.844000000000000000e+03
8.515000000000000000e+03
3.320000000000000000e+02
2.805000000000000000e+03
