7.076000000000000000e+03
6.966000000000000000e+03
7.077000000000000000e+03
7.190000000000000000e+03
6.965000000000000000e+03
6.964000000000000000e+03
7.189000000000000000e+03
3.390000000000000000e+02
9.857000000000000000e+03
6.967000000000000000e+03
1.019400000000000000e+04
8.517000000000000000e+03
8.854000000000000000e+03
2.300000000000000000e+02
7.301000000000000000e+03
7.900000000000000000e+02
7.078000000000000000e+03
2.250000000000000000e+02
9.297000000000000000e+03
5.845000000000000000e+03
6.670000000000000000e+02
3.400000000000000000e+02
1.200000000000000000e+02
6.853000000000000000e+03
9.651000000000000000e+03
6.404000000000000000e+03
7.840000000000000000e+02
6.851000000000000000e+03
9.524000000000000000e+03
5.000000000000000000e+00
3.410000000000000000e+02
5.580000000000000000e+02
9.975000000000000000e+03
6.294000000000000000e+03
9.861000000000000000e+03
9.971000000000000000e+03
9.864000000000000000e+03
9.184000000000000000e+03
8.966000000000000000e+03
6.854000000000000000e+03
1.006000000000000000e+04
1.190000000000000000e+02
9.976000000000000000e+03
6.852000000000000000e+03
7.188000000000000000e+03
1.160000000000000000e+02
9.635000000000000000e+03
7.415000000000000000e+03
2.260000000000000000e+02
9.633000000000000000e+03
