6.966000000000000000e+03
7.077000000000000000e+03
6.965000000000000000e+03
7.076000000000000000e+03
7.190000000000000000e+03
6.967000000000000000e+03
6.964000000000000000e+03
5.063000000000000000e+03
6.404000000000000000e+03
6.853000000000000000e+03
5.845000000000000000e+03
6.294000000000000000e+03
6.854000000000000000e+03
4.000000000000000000e+00
5.580000000000000000e+02
6.389000000000000000e+03
9.857000000000000000e+03
8.854000000000000000e+03
7.189000000000000000e+03
6.405000000000000000e+03
6.501000000000000000e+03
6.629000000000000000e+03
6.741000000000000000e+03
5.510000000000000000e+03
6.852000000000000000e+03
3.390000000000000000e+02
7.078000000000000000e+03
6.293000000000000000e+03
3.400000000000000000e+02
6.630000000000000000e+03
8.517000000000000000e+03
6.613000000000000000e+03
1.019400000000000000e+04
6.632000000000000000e+03
9.074000000000000000e+03
6.660000000000000000e+02
5.000000000000000000e+00
5.172000000000000000e+03
3.150000000000000000e+02
6.292000000000000000e+03
7.512000000000000000e+03
1.000000000000000000e+02
1.190000000000000000e+02
6.406000000000000000e+03
8.966000000000000000e+03
6.855000000000000000e+03
2.300000000000000000e+02
4.350000000000000000e+02
5.621000000000000000e+03
9.975000000000000000e+03
