6.966000000000000000e+03
6.965000000000000000e+03
7.190000000000000000e+03
6.967000000000000000e+03
7.077000000000000000e+03
7.076000000000000000e+03
9.857000000000000000e+03
6.964000000000000000e+03
3.390000000000000000e+02
5.845000000000000000e+03
1.019400000000000000e+04
9.751000000000000000e+03
2.300000000000000000e+02
6.853000000000000000e+03
7.810000000000000000e+02
7.189000000000000000e+03
6.613000000000000000e+03
6.294000000000000000e+03
6.710000000000000000e+02
1.190000000000000000e+02
9.864000000000000000e+03
8.854000000000000000e+03
6.404000000000000000e+03
2.250000000000000000e+02
9.297000000000000000e+03
3.330000000000000000e+02
6.854000000000000000e+03
5.000000000000000000e+00
6.501000000000000000e+03
3.400000000000000000e+02
7.840000000000000000e+02
9.524000000000000000e+03
6.000000000000000000e+00
9.975000000000000000e+03
7.900000000000000000e+02
7.415000000000000000e+03
9.191000000000000000e+03
4.450000000000000000e+02
6.670000000000000000e+02
9.184000000000000000e+03
9.976000000000000000e+03
7.078000000000000000e+03
7.790000000000000000e+02
9.861000000000000000e+03
9.971000000000000000e+03
9.010000000000000000e+02
6.852000000000000000e+03
1.200000000000000000e+02
5.570000000000000000e+02
7.191000000000000000e+03
