3.270000000000000000e+02
3.280000000000000000e+02
3.260000000000000000e+02
3.290000000000000000e+02
3.300000000000000000e+02
3.040000000000000000e+02
5.400000000000000000e+01
3.540000000000000000e+02
2.330000000000000000e+02
3.230000000000000000e+02
3.250000000000000000e+02
3.320000000000000000e+02
2.320000000000000000e+02
8.900000000000000000e+01
6.900000000000000000e+01
3.380000000000000000e+02
4.900000000000000000e+01
1.620000000000000000e+02
4.390000000000000000e+02
4.100000000000000000e+02
3.370000000000000000e+02
1.730000000000000000e+02
6.000000000000000000e+01
5.200000000000000000e+01
1.630000000000000000e+02
4.500000000000000000e+01
7.000000000000000000e+01
1.800000000000000000e+02
3.240000000000000000e+02
4.700000000000000000e+01
1.650000000000000000e+02
3.400000000000000000e+02
3.180000000000000000e+02
4.800000000000000000e+01
3.310000000000000000e+02
3.860000000000000000e+02
3.330000000000000000e+02
3.070000000000000000e+02
1.970000000000000000e+02
1.640000000000000000e+02
2.080000000000000000e+02
7.300000000000000000e+01
4.120000000000000000e+02
2.480000000000000000e+02
3.410000000000000000e+02
6.700000000000000000e+01
2.510000000000000000e+02
2.160000000000000000e+02
1.660000000000000000e+02
4.160000000000000000e+02
