3.200000000000000000e+02
2.600000000000000000e+01
2.700000000000000000e+01
2.800000000000000000e+01
5.900000000000000000e+01
2.500000000000000000e+01
5.800000000000000000e+01
2.400000000000000000e+01
6.000000000000000000e+01
2.900000000000000000e+01
3.000000000000000000e+01
6.100000000000000000e+01
3.100000000000000000e+01
6.200000000000000000e+01
9.400000000000000000e+01
9.200000000000000000e+01
5.700000000000000000e+01
2.300000000000000000e+01
2.200000000000000000e+01
5.600000000000000000e+01
9.100000000000000000e+01
9.000000000000000000e+01
9.300000000000000000e+01
6.300000000000000000e+01
9.500000000000000000e+01
1.240000000000000000e+02
1.230000000000000000e+02
8.900000000000000000e+01
2.100000000000000000e+01
5.500000000000000000e+01
2.000000000000000000e+01
1.900000000000000000e+01
8.800000000000000000e+01
1.260000000000000000e+02
1.250000000000000000e+02
1.560000000000000000e+02
1.018000000000000000e+03
1.019000000000000000e+03
1.017000000000000000e+03
1.021000000000000000e+03
1.020000000000000000e+03
9.870000000000000000e+02
9.860000000000000000e+02
1.016000000000000000e+03
5.400000000000000000e+01
5.300000000000000000e+01
8.700000000000000000e+01
1.220000000000000000e+02
1.210000000000000000e+02
1.550000000000000000e+02
