1.022000000000000000e+03
1.800000000000000000e+02
4.900000000000000000e+01
4.800000000000000000e+01
4.700000000000000000e+01
2.640000000000000000e+02
3.240000000000000000e+02
2.650000000000000000e+02
7.480000000000000000e+02
6.880000000000000000e+02
6.280000000000000000e+02
3.870000000000000000e+02
4.470000000000000000e+02
4.460000000000000000e+02
3.250000000000000000e+02
3.850000000000000000e+02
5.050000000000000000e+02
4.450000000000000000e+02
5.650000000000000000e+02
1.275000000000000000e+03
3.840000000000000000e+02
4.440000000000000000e+02
5.040000000000000000e+02
1.335000000000000000e+03
1.520000000000000000e+02
1.156000000000000000e+03
2.050000000000000000e+02
1.215000000000000000e+03
1.155000000000000000e+03
6.730000000000000000e+02
8.540000000000000000e+02
7.340000000000000000e+02
1.276000000000000000e+03
2.123000000000000000e+03
2.125000000000000000e+03
2.124000000000000000e+03
2.183000000000000000e+03
2.000000000000000000e+00
1.364000000000000000e+03
1.424000000000000000e+03
1.484000000000000000e+03
1.095000000000000000e+03
5.030000000000000000e+02
1.217000000000000000e+03
1.157000000000000000e+03
1.380000000000000000e+02
2.630000000000000000e+02
2.020000000000000000e+02
2.620000000000000000e+02
2.610000000000000000e+02
