1.022000000000000000e+03
1.275000000000000000e+03
6.290000000000000000e+02
5.690000000000000000e+02
5.090000000000000000e+02
6.280000000000000000e+02
6.880000000000000000e+02
7.480000000000000000e+02
1.520000000000000000e+02
1.335000000000000000e+03
4.700000000000000000e+01
1.216000000000000000e+03
1.276000000000000000e+03
1.215000000000000000e+03
1.155000000000000000e+03
2.123000000000000000e+03
2.124000000000000000e+03
2.125000000000000000e+03
1.156000000000000000e+03
2.391000000000000000e+03
2.390000000000000000e+03
2.388000000000000000e+03
2.389000000000000000e+03
2.387000000000000000e+03
9.200000000000000000e+01
9.300000000000000000e+01
2.650000000000000000e+02
2.640000000000000000e+02
3.240000000000000000e+02
2.050000000000000000e+02
3.250000000000000000e+02
3.850000000000000000e+02
5.050000000000000000e+02
5.650000000000000000e+02
2.660000000000000000e+02
2.670000000000000000e+02
7.490000000000000000e+02
6.890000000000000000e+02
1.800000000000000000e+02
1.825000000000000000e+03
1.826000000000000000e+03
1.710000000000000000e+03
1.770000000000000000e+03
5.100000000000000000e+02
5.700000000000000000e+02
6.300000000000000000e+02
7.500000000000000000e+02
8.100000000000000000e+02
1.650000000000000000e+03
1.765000000000000000e+03
