7.768000000000000000e+03
3.113000000000000000e+03
4.249000000000000000e+03
4.801000000000000000e+03
4.700000000000000000e+01
7.552000000000000000e+03
1.560000000000000000e+03
5.224000000000000000e+03
1.115800000000000000e+04
6.430000000000000000e+03
5.362000000000000000e+03
4.182000000000000000e+03
5.592000000000000000e+03
1.763000000000000000e+03
7.087000000000000000e+03
1.449000000000000000e+03
9.950000000000000000e+03
9.261000000000000000e+03
9.856000000000000000e+03
8.477000000000000000e+03
9.911000000000000000e+03
9.309000000000000000e+03
2.567000000000000000e+03
7.483000000000000000e+03
2.309000000000000000e+03
2.230000000000000000e+03
9.004000000000000000e+03
7.999000000000000000e+03
8.920000000000000000e+02
4.127000000000000000e+03
4.682000000000000000e+03
7.943000000000000000e+03
2.523000000000000000e+03
4.706000000000000000e+03
5.673000000000000000e+03
6.590000000000000000e+02
9.582000000000000000e+03
5.140000000000000000e+03
3.643000000000000000e+03
7.718000000000000000e+03
2.159000000000000000e+03
3.044000000000000000e+03
1.277000000000000000e+03
5.967000000000000000e+03
9.840000000000000000e+02
8.463000000000000000e+03
1.108500000000000000e+04
1.050500000000000000e+04
3.291000000000000000e+03
4.765000000000000000e+03
