1.114300000000000000e+04
9.153000000000000000e+03
3.931000000000000000e+03
8.619000000000000000e+03
4.572000000000000000e+03
1.057700000000000000e+04
7.718000000000000000e+03
3.417000000000000000e+03
5.967000000000000000e+03
2.775000000000000000e+03
1.065900000000000000e+04
6.590000000000000000e+02
7.999000000000000000e+03
3.482000000000000000e+03
9.840000000000000000e+02
4.494000000000000000e+03
8.463000000000000000e+03
1.051700000000000000e+04
4.040000000000000000e+03
7.914000000000000000e+03
3.416000000000000000e+03
3.342000000000000000e+03
2.245000000000000000e+03
6.761000000000000000e+03
4.706000000000000000e+03
3.580000000000000000e+03
7.500000000000000000e+02
1.064000000000000000e+03
1.074800000000000000e+04
6.926000000000000000e+03
7.008000000000000000e+03
2.388000000000000000e+03
7.145000000000000000e+03
2.159000000000000000e+03
2.155000000000000000e+03
2.772000000000000000e+03
4.685000000000000000e+03
4.539000000000000000e+03
9.720000000000000000e+02
7.456000000000000000e+03
2.934000000000000000e+03
7.243000000000000000e+03
9.016000000000000000e+03
3.291000000000000000e+03
1.277000000000000000e+03
3.247000000000000000e+03
9.349000000000000000e+03
8.950000000000000000e+03
1.205000000000000000e+03
5.224000000000000000e+03
