2.046000000000000000e+03
1.009100000000000000e+04
3.113000000000000000e+03
1.597000000000000000e+03
5.317000000000000000e+03
9.889000000000000000e+03
4.222000000000000000e+03
2.366000000000000000e+03
1.058500000000000000e+04
2.772000000000000000e+03
4.127000000000000000e+03
7.718000000000000000e+03
9.261000000000000000e+03
4.682000000000000000e+03
5.578000000000000000e+03
1.115800000000000000e+04
3.291000000000000000e+03
6.333000000000000000e+03
4.685000000000000000e+03
8.950000000000000000e+03
5.967000000000000000e+03
6.761000000000000000e+03
2.775000000000000000e+03
1.057700000000000000e+04
1.074800000000000000e+04
3.417000000000000000e+03
7.456000000000000000e+03
9.720000000000000000e+02
4.706000000000000000e+03
5.699000000000000000e+03
3.580000000000000000e+03
8.619000000000000000e+03
3.931000000000000000e+03
6.590000000000000000e+02
6.926000000000000000e+03
2.934000000000000000e+03
1.786000000000000000e+03
4.337000000000000000e+03
8.958000000000000000e+03
8.463000000000000000e+03
8.550000000000000000e+02
7.008000000000000000e+03
1.039900000000000000e+04
7.483000000000000000e+03
5.673000000000000000e+03
9.580000000000000000e+02
7.145000000000000000e+03
1.064000000000000000e+03
8.295000000000000000e+03
2.939000000000000000e+03
