5.093000000000000000e+03
7.335000000000000000e+03
6.496000000000000000e+03
4.542000000000000000e+03
3.580000000000000000e+03
2.880000000000000000e+02
1.780000000000000000e+03
2.990000000000000000e+03
4.706000000000000000e+03
8.770000000000000000e+03
1.057700000000000000e+04
1.051700000000000000e+04
8.463000000000000000e+03
2.705000000000000000e+03
6.590000000000000000e+02
2.176000000000000000e+03
1.148000000000000000e+03
2.048000000000000000e+03
3.697000000000000000e+03
2.388000000000000000e+03
7.145000000000000000e+03
2.772000000000000000e+03
6.926000000000000000e+03
1.064000000000000000e+03
2.939000000000000000e+03
2.159000000000000000e+03
1.121000000000000000e+03
4.494000000000000000e+03
3.979000000000000000e+03
3.416000000000000000e+03
7.914000000000000000e+03
9.261000000000000000e+03
5.578000000000000000e+03
1.073900000000000000e+04
7.718000000000000000e+03
9.720000000000000000e+02
6.217000000000000000e+03
8.950000000000000000e+03
2.110000000000000000e+02
3.291000000000000000e+03
3.981000000000000000e+03
6.761000000000000000e+03
3.643000000000000000e+03
7.950000000000000000e+03
4.572000000000000000e+03
9.000000000000000000e+02
8.295000000000000000e+03
7.243000000000000000e+03
7.375000000000000000e+03
2.775000000000000000e+03
