1.870000000000000000e+03
2.296000000000000000e+03
2.846000000000000000e+03
3.775000000000000000e+03
3.111000000000000000e+03
9.620000000000000000e+02
1.290000000000000000e+02
1.100000000000000000e+02
3.640000000000000000e+02
3.126000000000000000e+03
6.360000000000000000e+02
3.454000000000000000e+03
2.236000000000000000e+03
4.010000000000000000e+03
1.857000000000000000e+03
3.975000000000000000e+03
1.318000000000000000e+03
3.862000000000000000e+03
4.432000000000000000e+03
2.475000000000000000e+03
2.172000000000000000e+03
5.360000000000000000e+02
9.950000000000000000e+02
3.770000000000000000e+02
2.026000000000000000e+03
3.759000000000000000e+03
4.300000000000000000e+03
1.061000000000000000e+03
5.190000000000000000e+02
1.650000000000000000e+03
1.075000000000000000e+03
4.199000000000000000e+03
2.165000000000000000e+03
1.488000000000000000e+03
3.768000000000000000e+03
4.368000000000000000e+03
9.560000000000000000e+02
2.240000000000000000e+03
2.801000000000000000e+03
2.612000000000000000e+03
1.123000000000000000e+03
2.502000000000000000e+03
3.333000000000000000e+03
4.046000000000000000e+03
3.602000000000000000e+03
1.345000000000000000e+03
4.039000000000000000e+03
1.958000000000000000e+03
2.155000000000000000e+03
3.166000000000000000e+03
