1.870000000000000000e+03
3.020000000000000000e+03
2.172000000000000000e+03
3.251000000000000000e+03
3.602000000000000000e+03
3.521000000000000000e+03
3.298000000000000000e+03
9.950000000000000000e+02
2.312000000000000000e+03
6.360000000000000000e+02
2.847000000000000000e+03
3.770000000000000000e+02
3.902000000000000000e+03
4.368000000000000000e+03
4.039000000000000000e+03
5.360000000000000000e+02
3.454000000000000000e+03
4.432000000000000000e+03
2.826000000000000000e+03
1.488000000000000000e+03
1.290000000000000000e+02
5.190000000000000000e+02
3.975000000000000000e+03
1.857000000000000000e+03
2.502000000000000000e+03
1.650000000000000000e+03
3.759000000000000000e+03
2.554000000000000000e+03
4.230000000000000000e+03
4.011000000000000000e+03
2.320000000000000000e+02
1.053000000000000000e+03
4.394000000000000000e+03
2.236000000000000000e+03
1.396000000000000000e+03
7.530000000000000000e+02
3.111000000000000000e+03
2.801000000000000000e+03
9.560000000000000000e+02
2.963000000000000000e+03
1.199000000000000000e+03
2.070000000000000000e+03
2.026000000000000000e+03
4.300000000000000000e+03
3.455000000000000000e+03
1.010000000000000000e+03
3.517000000000000000e+03
2.941000000000000000e+03
2.686000000000000000e+03
2.780000000000000000e+03
