1.050000000000000000e+02
5.830000000000000000e+02
2.140000000000000000e+02
1.600000000000000000e+01
5.760000000000000000e+02
1.130000000000000000e+02
4.310000000000000000e+02
4.740000000000000000e+02
4.270000000000000000e+02
3.710000000000000000e+02
4.400000000000000000e+02
3.390000000000000000e+02
6.030000000000000000e+02
4.750000000000000000e+02
1.950000000000000000e+02
4.390000000000000000e+02
1.960000000000000000e+02
4.380000000000000000e+02
1.910000000000000000e+02
2.850000000000000000e+02
1.930000000000000000e+02
3.400000000000000000e+02
2.260000000000000000e+02
3.180000000000000000e+02
6.020000000000000000e+02
6.070000000000000000e+02
4.370000000000000000e+02
4.760000000000000000e+02
3.700000000000000000e+02
2.100000000000000000e+02
5.520000000000000000e+02
2.230000000000000000e+02
5.920000000000000000e+02
6.010000000000000000e+02
6.090000000000000000e+02
3.690000000000000000e+02
5.940000000000000000e+02
4.280000000000000000e+02
3.370000000000000000e+02
3.680000000000000000e+02
9.300000000000000000e+01
1.610000000000000000e+02
2.400000000000000000e+02
1.140000000000000000e+02
3.630000000000000000e+02
2.220000000000000000e+02
6.060000000000000000e+02
5.740000000000000000e+02
2.270000000000000000e+02
6.120000000000000000e+02
