8.960000000000000000e+02
1.990000000000000000e+02
2.700000000000000000e+02
2.000000000000000000e+01
9.850000000000000000e+02
5.000000000000000000e+00
4.560000000000000000e+02
4.070000000000000000e+02
6.010000000000000000e+02
5.300000000000000000e+02
4.680000000000000000e+02
4.550000000000000000e+02
1.200000000000000000e+01
3.280000000000000000e+02
6.630000000000000000e+02
4.240000000000000000e+02
4.000000000000000000e+00
3.750000000000000000e+02
5.370000000000000000e+02
4.080000000000000000e+02
5.110000000000000000e+02
1.700000000000000000e+01
5.030000000000000000e+02
4.650000000000000000e+02
5.340000000000000000e+02
3.430000000000000000e+02
4.720000000000000000e+02
4.660000000000000000e+02
5.700000000000000000e+02
1.400000000000000000e+01
5.690000000000000000e+02
7.240000000000000000e+02
6.810000000000000000e+02
5.940000000000000000e+02
7.000000000000000000e+00
1.230000000000000000e+02
4.710000000000000000e+02
3.110000000000000000e+02
4.730000000000000000e+02
6.310000000000000000e+02
4.060000000000000000e+02
5.930000000000000000e+02
4.250000000000000000e+02
6.000000000000000000e+00
4.210000000000000000e+02
5.400000000000000000e+01
9.960000000000000000e+02
2.000000000000000000e+00
5.840000000000000000e+02
6.330000000000000000e+02
