7.076000000000000000e+03
4.350000000000000000e+02
1.262000000000000000e+03
5.201000000000000000e+03
8.055000000000000000e+03
4.528000000000000000e+03
5.210000000000000000e+03
7.878000000000000000e+03
4.529000000000000000e+03
4.452000000000000000e+03
9.011000000000000000e+03
4.347000000000000000e+03
7.773000000000000000e+03
5.662000000000000000e+03
5.099000000000000000e+03
7.815000000000000000e+03
2.566000000000000000e+03
8.276000000000000000e+03
8.001000000000000000e+03
8.051000000000000000e+03
6.358000000000000000e+03
4.228000000000000000e+03
4.869000000000000000e+03
8.781000000000000000e+03
5.899000000000000000e+03
4.236000000000000000e+03
4.417000000000000000e+03
5.427000000000000000e+03
7.884000000000000000e+03
2.849000000000000000e+03
5.121000000000000000e+03
5.098000000000000000e+03
5.550000000000000000e+03
8.775000000000000000e+03
3.893000000000000000e+03
5.239000000000000000e+03
3.015000000000000000e+03
4.227000000000000000e+03
8.388000000000000000e+03
5.577000000000000000e+03
7.441000000000000000e+03
1.163000000000000000e+03
4.867000000000000000e+03
8.893000000000000000e+03
4.676000000000000000e+03
7.446000000000000000e+03
5.438000000000000000e+03
7.666000000000000000e+03
3.564000000000000000e+03
9.017000000000000000e+03
