1.815000000000000000e+03
5.138000000000000000e+03
2.372000000000000000e+03
1.770000000000000000e+03
8.640000000000000000e+02
5.679000000000000000e+03
1.921000000000000000e+03
5.176000000000000000e+03
1.492000000000000000e+03
2.884000000000000000e+03
4.948000000000000000e+03
4.169000000000000000e+03
5.771000000000000000e+03
4.598000000000000000e+03
2.975000000000000000e+03
1.580000000000000000e+02
2.447000000000000000e+03
3.465000000000000000e+03
2.084000000000000000e+03
1.088000000000000000e+03
2.231000000000000000e+03
2.575000000000000000e+03
4.203000000000000000e+03
1.774000000000000000e+03
3.853000000000000000e+03
1.870000000000000000e+03
4.111000000000000000e+03
2.526000000000000000e+03
5.128000000000000000e+03
3.951000000000000000e+03
3.397000000000000000e+03
5.921000000000000000e+03
4.985000000000000000e+03
5.052000000000000000e+03
4.926000000000000000e+03
3.114000000000000000e+03
5.704000000000000000e+03
3.820000000000000000e+03
5.650000000000000000e+03
5.651000000000000000e+03
8.870000000000000000e+02
4.413000000000000000e+03
2.400000000000000000e+03
5.490000000000000000e+02
1.620000000000000000e+03
4.917000000000000000e+03
3.655000000000000000e+03
3.648000000000000000e+03
1.250000000000000000e+03
3.909000000000000000e+03
