4.652000000000000000e+03
1.470000000000000000e+03
1.372000000000000000e+03
1.384000000000000000e+03
2.518000000000000000e+03
4.743000000000000000e+03
3.278000000000000000e+03
3.160000000000000000e+02
3.108000000000000000e+03
1.311000000000000000e+03
2.996000000000000000e+03
4.244000000000000000e+03
2.909000000000000000e+03
5.354000000000000000e+03
4.084000000000000000e+03
4.061000000000000000e+03
2.433000000000000000e+03
4.867000000000000000e+03
3.520000000000000000e+03
1.116000000000000000e+03
1.732000000000000000e+03
3.056000000000000000e+03
3.994000000000000000e+03
2.314000000000000000e+03
1.310000000000000000e+03
4.460000000000000000e+02
2.998000000000000000e+03
2.106000000000000000e+03
3.031000000000000000e+03
1.882000000000000000e+03
3.593000000000000000e+03
2.966000000000000000e+03
4.859000000000000000e+03
5.220000000000000000e+02
1.075000000000000000e+03
2.630000000000000000e+03
5.211000000000000000e+03
2.497000000000000000e+03
5.421000000000000000e+03
3.870000000000000000e+02
5.486000000000000000e+03
4.350000000000000000e+02
2.000000000000000000e+00
3.302000000000000000e+03
5.341000000000000000e+03
3.483000000000000000e+03
3.921000000000000000e+03
1.387000000000000000e+03
3.220000000000000000e+02
1.303000000000000000e+03
