5.234000000000000000e+03
2.717000000000000000e+03
2.511000000000000000e+03
3.783000000000000000e+03
3.767000000000000000e+03
4.084000000000000000e+03
2.909000000000000000e+03
4.061000000000000000e+03
4.799000000000000000e+03
3.420000000000000000e+02
2.518000000000000000e+03
3.056000000000000000e+03
1.075000000000000000e+03
4.867000000000000000e+03
2.507000000000000000e+03
1.116000000000000000e+03
3.484000000000000000e+03
3.994000000000000000e+03
4.460000000000000000e+02
1.387000000000000000e+03
2.314000000000000000e+03
1.311000000000000000e+03
4.131000000000000000e+03
3.060000000000000000e+03
5.354000000000000000e+03
3.160000000000000000e+02
8.980000000000000000e+02
2.112000000000000000e+03
2.996000000000000000e+03
3.031000000000000000e+03
2.106000000000000000e+03
2.966000000000000000e+03
1.344000000000000000e+03
3.596000000000000000e+03
5.960000000000000000e+02
2.844000000000000000e+03
5.535000000000000000e+03
3.108000000000000000e+03
5.220000000000000000e+02
4.743000000000000000e+03
2.998000000000000000e+03
4.859000000000000000e+03
4.350000000000000000e+02
4.229000000000000000e+03
1.238000000000000000e+03
2.142000000000000000e+03
5.211000000000000000e+03
3.870000000000000000e+02
2.578000000000000000e+03
2.599000000000000000e+03
