4.652000000000000000e+03
1.478000000000000000e+03
2.444000000000000000e+03
2.983000000000000000e+03
5.211000000000000000e+03
2.334000000000000000e+03
5.535000000000000000e+03
3.056000000000000000e+03
2.539000000000000000e+03
2.433000000000000000e+03
2.040000000000000000e+02
2.314000000000000000e+03
4.061000000000000000e+03
4.084000000000000000e+03
2.909000000000000000e+03
2.518000000000000000e+03
5.341000000000000000e+03
4.867000000000000000e+03
3.484000000000000000e+03
3.627000000000000000e+03
1.311000000000000000e+03
3.994000000000000000e+03
2.966000000000000000e+03
5.960000000000000000e+02
3.483000000000000000e+03
1.387000000000000000e+03
5.354000000000000000e+03
1.882000000000000000e+03
3.031000000000000000e+03
3.160000000000000000e+02
2.998000000000000000e+03
4.460000000000000000e+02
4.131000000000000000e+03
2.507000000000000000e+03
1.075000000000000000e+03
3.520000000000000000e+03
1.344000000000000000e+03
3.108000000000000000e+03
2.526000000000000000e+03
3.606000000000000000e+03
2.578000000000000000e+03
4.576000000000000000e+03
2.092000000000000000e+03
5.421000000000000000e+03
2.106000000000000000e+03
7.410000000000000000e+02
1.310000000000000000e+03
2.876000000000000000e+03
4.743000000000000000e+03
4.325000000000000000e+03
