3.527000000000000000e+03
2.865000000000000000e+03
3.897000000000000000e+03
5.542000000000000000e+03
5.691000000000000000e+03
1.695000000000000000e+03
3.916000000000000000e+03
4.815000000000000000e+03
5.317000000000000000e+03
5.570000000000000000e+02
4.057000000000000000e+03
4.707000000000000000e+03
1.766000000000000000e+03
5.042000000000000000e+03
5.098000000000000000e+03
4.786000000000000000e+03
5.272000000000000000e+03
5.656000000000000000e+03
5.353000000000000000e+03
5.202000000000000000e+03
3.926000000000000000e+03
7.900000000000000000e+02
4.845000000000000000e+03
3.634000000000000000e+03
3.459000000000000000e+03
4.780000000000000000e+02
2.982000000000000000e+03
2.772000000000000000e+03
3.952000000000000000e+03
5.383000000000000000e+03
3.363000000000000000e+03
4.869000000000000000e+03
1.372000000000000000e+03
4.062000000000000000e+03
2.600000000000000000e+02
5.149000000000000000e+03
1.767000000000000000e+03
3.790000000000000000e+03
5.131000000000000000e+03
3.390000000000000000e+02
3.370000000000000000e+03
3.196000000000000000e+03
2.976000000000000000e+03
2.858000000000000000e+03
2.590000000000000000e+02
3.237000000000000000e+03
9.710000000000000000e+02
3.408000000000000000e+03
4.438000000000000000e+03
5.553000000000000000e+03
