1.082000000000000000e+03
1.926000000000000000e+03
1.610000000000000000e+03
1.996000000000000000e+03
1.522000000000000000e+03
2.366000000000000000e+03
1.422000000000000000e+03
1.519000000000000000e+03
7.430000000000000000e+02
1.364000000000000000e+03
1.760000000000000000e+03
1.644000000000000000e+03
2.057000000000000000e+03
1.185000000000000000e+03
5.650000000000000000e+02
1.188000000000000000e+03
2.123000000000000000e+03
7.440000000000000000e+02
8.160000000000000000e+02
1.362000000000000000e+03
1.937000000000000000e+03
1.672000000000000000e+03
1.482000000000000000e+03
2.245000000000000000e+03
1.458000000000000000e+03
8.860000000000000000e+02
1.523000000000000000e+03
1.245000000000000000e+03
2.217000000000000000e+03
1.071000000000000000e+03
2.369000000000000000e+03
4.420000000000000000e+02
1.559000000000000000e+03
8.230000000000000000e+02
1.824000000000000000e+03
3.840000000000000000e+02
1.643000000000000000e+03
1.184000000000000000e+03
6.840000000000000000e+02
8.770000000000000000e+02
1.483000000000000000e+03
2.003000000000000000e+03
1.499000000000000000e+03
3.870000000000000000e+02
3.760000000000000000e+02
8.000000000000000000e+02
1.314000000000000000e+03
1.125000000000000000e+03
2.125000000000000000e+03
1.244000000000000000e+03
