1.927000000000000000e+03
1.022000000000000000e+03
1.521000000000000000e+03
2.056000000000000000e+03
1.422000000000000000e+03
2.245000000000000000e+03
2.277000000000000000e+03
1.184000000000000000e+03
2.003000000000000000e+03
1.672000000000000000e+03
1.519000000000000000e+03
1.362000000000000000e+03
1.876000000000000000e+03
1.522000000000000000e+03
1.760000000000000000e+03
7.430000000000000000e+02
1.543000000000000000e+03
2.123000000000000000e+03
1.644000000000000000e+03
2.057000000000000000e+03
1.499000000000000000e+03
1.364000000000000000e+03
1.458000000000000000e+03
8.230000000000000000e+02
6.840000000000000000e+02
8.860000000000000000e+02
3.840000000000000000e+02
1.244000000000000000e+03
2.125000000000000000e+03
1.240000000000000000e+03
1.761000000000000000e+03
8.030000000000000000e+02
1.125000000000000000e+03
1.399000000000000000e+03
1.314000000000000000e+03
1.368000000000000000e+03
8.570000000000000000e+02
7.650000000000000000e+02
1.482000000000000000e+03
1.643000000000000000e+03
5.650000000000000000e+02
1.245000000000000000e+03
2.366000000000000000e+03
1.459000000000000000e+03
7.440000000000000000e+02
8.840000000000000000e+02
9.420000000000000000e+02
5.610000000000000000e+02
2.369000000000000000e+03
1.483000000000000000e+03
