2.419000000000000000e+03
1.261000000000000000e+03
1.020000000000000000e+02
3.240000000000000000e+02
1.090000000000000000e+02
1.122000000000000000e+03
6.100000000000000000e+02
8.010000000000000000e+02
1.788000000000000000e+03
3.930000000000000000e+02
1.683000000000000000e+03
1.237000000000000000e+03
5.880000000000000000e+02
7.250000000000000000e+02
1.233000000000000000e+03
9.200000000000000000e+02
8.540000000000000000e+02
1.235000000000000000e+03
8.280000000000000000e+02
4.700000000000000000e+02
6.110000000000000000e+02
9.240000000000000000e+02
1.231000000000000000e+03
1.682000000000000000e+03
1.655000000000000000e+03
7.200000000000000000e+02
2.970000000000000000e+02
7.760000000000000000e+02
1.738000000000000000e+03
5.020000000000000000e+02
8.920000000000000000e+02
1.805000000000000000e+03
4.110000000000000000e+02
1.791000000000000000e+03
7.730000000000000000e+02
6.670000000000000000e+02
6.980000000000000000e+02
1.627000000000000000e+03
5.220000000000000000e+02
6.080000000000000000e+02
7.800000000000000000e+02
1.140000000000000000e+03
1.848000000000000000e+03
5.040000000000000000e+02
9.060000000000000000e+02
1.236000000000000000e+03
8.290000000000000000e+02
1.173000000000000000e+03
5.030000000000000000e+02
7.590000000000000000e+02
