6.270000000000000000e+02
7.360000000000000000e+02
4.310000000000000000e+02
1.570000000000000000e+02
9.540000000000000000e+02
5.590000000000000000e+02
3.860000000000000000e+02
3.750000000000000000e+02
5.840000000000000000e+02
5.270000000000000000e+02
9.550000000000000000e+02
1.530000000000000000e+02
6.230000000000000000e+02
4.330000000000000000e+02
4.900000000000000000e+02
9.530000000000000000e+02
3.540000000000000000e+02
5.540000000000000000e+02
9.240000000000000000e+02
1.880000000000000000e+02
9.580000000000000000e+02
5.260000000000000000e+02
4.910000000000000000e+02
1.520000000000000000e+02
5.520000000000000000e+02
4.070000000000000000e+02
6.740000000000000000e+02
1.990000000000000000e+02
6.240000000000000000e+02
5.580000000000000000e+02
3.210000000000000000e+02
4.960000000000000000e+02
1.360000000000000000e+02
8.060000000000000000e+02
4.870000000000000000e+02
1.580000000000000000e+02
1.330000000000000000e+02
9.900000000000000000e+02
4.950000000000000000e+02
4.400000000000000000e+02
9.690000000000000000e+02
5.530000000000000000e+02
2.950000000000000000e+02
5.230000000000000000e+02
3.650000000000000000e+02
3.220000000000000000e+02
1.400000000000000000e+01
4.550000000000000000e+02
7.740000000000000000e+02
2.640000000000000000e+02
