6.270000000000000000e+02
8.000000000000000000e+02
1.300000000000000000e+02
4.310000000000000000e+02
6.230000000000000000e+02
3.750000000000000000e+02
5.270000000000000000e+02
3.860000000000000000e+02
5.540000000000000000e+02
1.880000000000000000e+02
9.580000000000000000e+02
9.530000000000000000e+02
4.330000000000000000e+02
5.590000000000000000e+02
1.520000000000000000e+02
9.240000000000000000e+02
4.950000000000000000e+02
2.640000000000000000e+02
3.540000000000000000e+02
9.550000000000000000e+02
4.910000000000000000e+02
5.840000000000000000e+02
1.570000000000000000e+02
6.740000000000000000e+02
6.240000000000000000e+02
7.740000000000000000e+02
5.260000000000000000e+02
9.900000000000000000e+02
1.540000000000000000e+02
9.540000000000000000e+02
4.940000000000000000e+02
4.070000000000000000e+02
6.220000000000000000e+02
4.970000000000000000e+02
7.100000000000000000e+01
4.870000000000000000e+02
5.910000000000000000e+02
1.400000000000000000e+01
4.000000000000000000e+02
9.590000000000000000e+02
5.530000000000000000e+02
2.950000000000000000e+02
5.830000000000000000e+02
7.380000000000000000e+02
4.640000000000000000e+02
1.530000000000000000e+02
4.600000000000000000e+01
4.320000000000000000e+02
9.250000000000000000e+02
3.530000000000000000e+02
