1.120100000000000000e+04
6.030000000000000000e+03
9.052000000000000000e+03
3.248000000000000000e+03
1.026200000000000000e+04
1.188800000000000000e+04
1.804000000000000000e+03
1.133600000000000000e+04
9.368000000000000000e+03
4.228000000000000000e+03
8.499000000000000000e+03
3.308000000000000000e+03
1.076300000000000000e+04
2.533000000000000000e+03
1.026100000000000000e+04
4.955000000000000000e+03
5.420000000000000000e+03
8.091000000000000000e+03
3.179000000000000000e+03
1.212600000000000000e+04
8.525000000000000000e+03
4.624000000000000000e+03
9.552000000000000000e+03
1.776000000000000000e+03
4.000000000000000000e+01
3.662000000000000000e+03
1.017800000000000000e+04
4.644000000000000000e+03
1.251000000000000000e+04
7.110000000000000000e+03
5.244000000000000000e+03
1.354000000000000000e+03
8.890000000000000000e+03
2.523000000000000000e+03
2.010000000000000000e+03
1.800000000000000000e+02
1.003700000000000000e+04
9.322000000000000000e+03
2.600000000000000000e+03
7.643000000000000000e+03
6.877000000000000000e+03
1.999000000000000000e+03
5.826000000000000000e+03
3.836000000000000000e+03
1.214400000000000000e+04
4.288000000000000000e+03
4.134000000000000000e+03
7.111000000000000000e+03
5.611000000000000000e+03
7.580000000000000000e+02
