1.120100000000000000e+04
6.030000000000000000e+03
9.406000000000000000e+03
4.813000000000000000e+03
5.845000000000000000e+03
5.278000000000000000e+03
1.649000000000000000e+03
1.482000000000000000e+03
8.525000000000000000e+03
1.017800000000000000e+04
3.864000000000000000e+03
2.010000000000000000e+03
1.026100000000000000e+04
7.868000000000000000e+03
1.002100000000000000e+04
1.765000000000000000e+03
1.999000000000000000e+03
7.118000000000000000e+03
8.956000000000000000e+03
1.055700000000000000e+04
4.516000000000000000e+03
1.166100000000000000e+04
3.308000000000000000e+03
5.826000000000000000e+03
1.191800000000000000e+04
6.018000000000000000e+03
2.523000000000000000e+03
7.643000000000000000e+03
2.600000000000000000e+03
4.288000000000000000e+03
4.955000000000000000e+03
2.743000000000000000e+03
1.187600000000000000e+04
3.563000000000000000e+03
5.611000000000000000e+03
1.133600000000000000e+04
7.111000000000000000e+03
3.080000000000000000e+03
1.150400000000000000e+04
3.662000000000000000e+03
4.228000000000000000e+03
8.091000000000000000e+03
4.783000000000000000e+03
1.193000000000000000e+03
3.633000000000000000e+03
4.644000000000000000e+03
3.280000000000000000e+02
9.019000000000000000e+03
1.003700000000000000e+04
2.056000000000000000e+03
