1.120100000000000000e+04
6.030000000000000000e+03
5.871000000000000000e+03
1.187600000000000000e+04
1.127500000000000000e+04
5.392000000000000000e+03
2.994000000000000000e+03
1.055700000000000000e+04
4.318000000000000000e+03
7.492000000000000000e+03
2.193000000000000000e+03
1.092200000000000000e+04
4.228000000000000000e+03
8.529000000000000000e+03
1.228800000000000000e+04
3.308000000000000000e+03
7.737000000000000000e+03
9.480000000000000000e+02
1.188800000000000000e+04
4.288000000000000000e+03
1.005100000000000000e+04
4.955000000000000000e+03
1.191800000000000000e+04
3.662000000000000000e+03
2.600000000000000000e+03
6.877000000000000000e+03
4.105000000000000000e+03
1.222800000000000000e+04
5.845000000000000000e+03
4.019000000000000000e+03
2.815000000000000000e+03
1.017800000000000000e+04
3.563000000000000000e+03
8.525000000000000000e+03
1.026100000000000000e+04
4.995000000000000000e+03
4.439000000000000000e+03
1.014700000000000000e+04
1.102500000000000000e+04
3.543000000000000000e+03
8.091000000000000000e+03
7.110000000000000000e+03
7.050000000000000000e+02
2.010000000000000000e+03
1.193000000000000000e+03
8.890000000000000000e+03
9.700000000000000000e+01
2.523000000000000000e+03
4.624000000000000000e+03
1.133600000000000000e+04
