1.120100000000000000e+04
6.030000000000000000e+03
9.406000000000000000e+03
1.053000000000000000e+04
4.813000000000000000e+03
1.017800000000000000e+04
3.864000000000000000e+03
7.492000000000000000e+03
7.534000000000000000e+03
2.056000000000000000e+03
3.308000000000000000e+03
4.228000000000000000e+03
1.032700000000000000e+04
3.662000000000000000e+03
8.890000000000000000e+03
7.111000000000000000e+03
1.133600000000000000e+04
2.010000000000000000e+03
5.604000000000000000e+03
1.166100000000000000e+04
7.170000000000000000e+03
4.644000000000000000e+03
5.244000000000000000e+03
8.091000000000000000e+03
4.783000000000000000e+03
1.999000000000000000e+03
3.563000000000000000e+03
1.191800000000000000e+04
9.480000000000000000e+02
1.225000000000000000e+03
1.055700000000000000e+04
2.600000000000000000e+03
1.014700000000000000e+04
1.251000000000000000e+04
5.611000000000000000e+03
1.003700000000000000e+04
7.110000000000000000e+03
8.525000000000000000e+03
5.278000000000000000e+03
4.105000000000000000e+03
1.214400000000000000e+04
7.643000000000000000e+03
2.523000000000000000e+03
1.002100000000000000e+04
4.288000000000000000e+03
1.800000000000000000e+02
1.776000000000000000e+03
2.923000000000000000e+03
1.026100000000000000e+04
1.354000000000000000e+03
