1.120100000000000000e+04
6.030000000000000000e+03
5.871000000000000000e+03
1.187600000000000000e+04
1.222800000000000000e+04
7.972000000000000000e+03
7.643000000000000000e+03
1.133600000000000000e+04
3.662000000000000000e+03
2.961000000000000000e+03
6.289000000000000000e+03
6.316000000000000000e+03
1.700000000000000000e+03
1.055700000000000000e+04
7.111000000000000000e+03
4.965000000000000000e+03
3.563000000000000000e+03
1.191800000000000000e+04
1.188800000000000000e+04
3.308000000000000000e+03
1.804000000000000000e+03
5.278000000000000000e+03
8.210000000000000000e+02
6.877000000000000000e+03
8.091000000000000000e+03
6.322000000000000000e+03
5.826000000000000000e+03
7.580000000000000000e+02
8.525000000000000000e+03
8.890000000000000000e+03
3.336000000000000000e+03
9.322000000000000000e+03
1.999000000000000000e+03
1.017800000000000000e+04
9.498000000000000000e+03
5.651000000000000000e+03
4.228000000000000000e+03
6.490000000000000000e+02
4.710000000000000000e+03
6.016000000000000000e+03
2.010000000000000000e+03
2.523000000000000000e+03
8.675000000000000000e+03
5.611000000000000000e+03
9.023000000000000000e+03
1.151900000000000000e+04
4.105000000000000000e+03
1.060100000000000000e+04
9.778000000000000000e+03
1.482000000000000000e+03
