[11, 14, 16, 18, 21, 24, 25, 26, 27, 28, 29, 31, 35, 36, 45, 46, 47, 48, 49, 50, 52, 54, 55, 56, 57, 58, 59, 61, 62, 65, 66, 67, 70, 71, 73, 75, 77, 79, 80, 81, 83, 86, 87, 89, ]
[3, 6, 7, 12, 14, 16, 17, 19, 21, 25, 26, 27, 29, 30, 31, 34, 45, 46, 51, 52, 55, 60, 63, 65, 70, 71, 73, 74, 79, 80, 81, 82, 83, 84, 85, 87, 89, ]
[0, 5, 6, 7, 8, 9, 10, 14, 20, 21, 23, 25, 27, 28, 29, 31, 32, 35, 39, 45, 46, 47, 49, 51, 53, 55, 56, 57, 60, 66, 67, 68, 69, 73, 77, 80, 81, 85, 86, ]
[4, 7, 9, 13, 14, 20, 22, 23, 25, 27, 33, 34, 35, 36, 37, 39, 43, 46, 50, 52, 59, 62, 75, 85, 87, ]
[0, 1, 4, 5, 7, 9, 13, 15, 16, 17, 22, 25, 27, 33, 34, 40, 53, 54, 56, 59, 60, 62, 66, 68, 75, 82, 87, 89, ]
[1, 2, 3, 7, 8, 10, 13, 14, 19, 21, 27, 30, 31, 32, 37, 38, 42, 52, 55, 57, 59, 61, 63, 65, 67, 76, 77, 82, 83, 88, ]
[0, 1, 5, 6, 8, 12, 13, 14, 16, 19, 21, 22, 23, 24, 27, 29, 31, 34, 36, 37, 39, 43, 44, 47, 49, 50, 53, 54, 55, 64, 66, 69, 73, 75, 76, 78, 79, 80, 81, 83, 84, 85, 86, 87, 88, 89, ]
[0, 3, 6, 7, 9, 11, 15, 17, 18, 19, 20, 21, 22, 23, 24, 25, 26, 27, 28, 31, 32, 33, 35, 39, 41, 42, 52, 69, 70, 81, 82, 83, 84, 85, 89, ]
[4, 6, 8, 15, 19, 21, 23, 26, 27, 28, 31, 33, 34, 40, 42, 43, 45, 51, 53, 56, 60, 63, 69, 75, 76, 83, 86, 87, 88, 89, ]
[0, 2, 5, 7, 10, 11, 13, 15, 17, 21, 22, 23, 24, 26, 28, 31, 33, 35, 36, 37, 39, 40, 41, 44, 46, 48, 49, 50, 52, 53, 56, 60, 65, 67, 69, 75, 79, 80, 82, 83, 84, 85, 86, 87, 88, 89, ]
[1, 3, 4, 5, 6, 9, 13, 14, 17, 19, 27, 29, 33, 34, 35, 36, 41, 43, 45, 50, 51, 53, 57, 59, 60, 61, 63, 65, 69, 71, 72, 83, 85, 86, 87, 88, 89, ]
[1, 2, 3, 4, 6, 8, 19, 22, 25, 27, 29, 30, 32, 34, 38, 39, 42, 43, 45, 46, 47, 48, 53, 55, 57, 60, 65, 68, 74, 77, 78, 82, 85, 86, 88, 89, ]
[0, 1, 4, 5, 6, 8, 11, 13, 15, 19, 21, 26, 27, 29, 30, 31, 33, 37, 40, 41, 42, 45, 47, 53, 56, 60, 61, 66, 67, 68, 69, 71, 73, 74, 75, 76, 77, 81, 83, 84, 85, 89, ]
[0, 2, 3, 4, 5, 6, 7, 8, 9, 11, 12, 13, 15, 18, 19, 21, 24, 25, 26, 27, 37, 41, 45, 46, 49, 53, 54, 55, 56, 59, 60, 61, 62, 63, 65, 66, 67, 73, 77, 85, 86, 88, ]
[4, 8, 10, 12, 13, 19, 21, 25, 30, 41, 43, 47, 49, 55, 59, 60, 61, 64, 65, 69, 71, 75, 79, 86, ]