[7, 10, 11, 12, 14, 19, 21, 22, 23, 24, 27, 28, 29, 32, 34, 35, 36, 38, 44, 45, 48, 50, 52, 54, 57, 61, 65, 67, 70, 71, 73, 75, 76, 77, 78, 81, 83, 84, 87, ]
[1, 3, 5, 12, 17, 20, 25, 29, 30, 31, 34, 38, 39, 41, 44, 45, 47, 48, 50, 51, 61, 63, 69, 70, 71, 73, 78, 79, 80, 81, 83, 85, 86, ]
[1, 3, 6, 9, 10, 11, 13, 19, 20, 21, 22, 23, 25, 26, 27, 29, 31, 33, 35, 43, 45, 46, 49, 51, 55, 56, 63, 67, 68, 69, 72, 77, 79, 81, 83, 86, 87, 89, ]
[0, 1, 5, 7, 12, 13, 14, 21, 23, 24, 25, 26, 27, 29, 33, 35, 37, 39, 45, 46, 47, 48, 50, 52, 54, 58, 61, 62, 65, 66, 72, 77, 83, 85, 87, ]
[1, 2, 7, 9, 13, 15, 17, 19, 22, 24, 30, 31, 37, 38, 39, 40, 47, 61, 62, 66, 75, 82, 87, 89, ]
[2, 4, 7, 13, 17, 21, 23, 31, 32, 34, 35, 36, 40, 41, 42, 46, 48, 50, 53, 57, 59, 61, 63, 64, 65, 71, 73, 88, 89, ]
[0, 4, 7, 12, 13, 14, 17, 19, 21, 23, 27, 28, 31, 34, 36, 37, 38, 39, 44, 47, 53, 55, 57, 58, 60, 61, 64, 66, 69, 71, 73, 76, 77, 78, 79, 80, 81, 82, 84, 85, 86, 87, 89, ]
[1, 4, 8, 9, 11, 13, 15, 16, 18, 19, 21, 23, 24, 25, 26, 27, 29, 31, 33, 36, 41, 47, 52, 57, 68, 72, 77, 79, 81, 83, 86, 87, ]
[0, 5, 10, 12, 13, 14, 19, 21, 23, 24, 25, 26, 27, 28, 29, 30, 36, 39, 40, 41, 43, 47, 49, 51, 57, 59, 63, 65, 67, 69, 74, 75, 77, 83, 84, 87, 88, ]
[3, 5, 6, 7, 9, 10, 13, 15, 18, 19, 21, 24, 25, 26, 28, 29, 31, 35, 37, 39, 40, 44, 48, 49, 50, 53, 54, 60, 61, 62, 64, 65, 69, 71, 75, 81, 85, 86, 87, 88, 89, ]
[0, 2, 3, 7, 14, 16, 17, 19, 21, 25, 27, 29, 31, 32, 33, 38, 39, 42, 43, 45, 46, 51, 53, 54, 55, 57, 59, 60, 61, 63, 65, 69, 72, 73, 76, 77, 79, 83, 84, 85, 87, 88, 89, ]
[1, 2, 4, 8, 13, 15, 16, 18, 19, 27, 29, 30, 31, 32, 36, 42, 45, 50, 51, 53, 55, 57, 60, 62, 63, 65, 66, 72, 77, 78, 80, 81, 82, 85, 86, 88, ]
[1, 3, 4, 5, 8, 9, 10, 11, 13, 15, 21, 23, 35, 37, 40, 41, 43, 47, 49, 50, 51, 55, 57, 59, 61, 67, 68, 71, 72, 73, 75, 79, 81, 83, 85, 87, 89, ]
[0, 2, 3, 4, 5, 7, 8, 10, 12, 13, 14, 17, 19, 21, 23, 24, 25, 29, 37, 43, 44, 45, 47, 48, 51, 52, 53, 55, 59, 60, 61, 62, 63, 65, 66, 67, 75, 77, 78, 82, 83, 88, ]
[0, 1, 2, 7, 9, 10, 12, 13, 14, 17, 22, 23, 26, 32, 34, 41, 49, 51, 53, 55, 57, 59, 61, 63, 64, 65, 66, 71, 72, 79, 85, 88, ]