1.927000000000000000e+03
1.082000000000000000e+03
3.670000000000000000e+02
2.037000000000000000e+03
1.383000000000000000e+03
2.171000000000000000e+03
9.020000000000000000e+02
1.805000000000000000e+03
4.190000000000000000e+02
1.136000000000000000e+03
1.866000000000000000e+03
1.024000000000000000e+03
1.641000000000000000e+03
2.038000000000000000e+03
1.263000000000000000e+03
4.260000000000000000e+02
1.865000000000000000e+03
9.620000000000000000e+02
2.337000000000000000e+03
1.992000000000000000e+03
1.142000000000000000e+03
1.996000000000000000e+03
1.745000000000000000e+03
6.570000000000000000e+02
2.172000000000000000e+03
1.022000000000000000e+03
1.979000000000000000e+03
1.926000000000000000e+03
1.324000000000000000e+03
1.914000000000000000e+03
8.420000000000000000e+02
1.521000000000000000e+03
1.867000000000000000e+03
1.977000000000000000e+03
1.323000000000000000e+03
4.860000000000000000e+02
1.660000000000000000e+03
1.202000000000000000e+03
1.928000000000000000e+03
2.096000000000000000e+03
1.019000000000000000e+03
1.517000000000000000e+03
9.640000000000000000e+02
4.270000000000000000e+02
1.081000000000000000e+03
4.180000000000000000e+02
1.443000000000000000e+03
1.868000000000000000e+03
1.359000000000000000e+03
1.203000000000000000e+03
