3.530000000000000000e+02
2.600000000000000000e+01
4.300000000000000000e+01
3.010000000000000000e+02
5.750000000000000000e+02
3.200000000000000000e+02
3.220000000000000000e+02
4.200000000000000000e+01
3.090000000000000000e+02
3.210000000000000000e+02
6.860000000000000000e+02
7.170000000000000000e+02
6.870000000000000000e+02
2.410000000000000000e+02
2.400000000000000000e+02
5.580000000000000000e+02
5.910000000000000000e+02
4.190000000000000000e+02
3.870000000000000000e+02
1.680000000000000000e+02
2.900000000000000000e+01
2.570000000000000000e+02
5.270000000000000000e+02
5.900000000000000000e+02
5.560000000000000000e+02
6.110000000000000000e+02
3.670000000000000000e+02
8.150000000000000000e+02
2.080000000000000000e+02
5.510000000000000000e+02
5.660000000000000000e+02
5.840000000000000000e+02
2.700000000000000000e+01
5.520000000000000000e+02
6.180000000000000000e+02
8.430000000000000000e+02
4.400000000000000000e+02
5.400000000000000000e+02
4.720000000000000000e+02
2.500000000000000000e+01
4.960000000000000000e+02
4.440000000000000000e+02
3.860000000000000000e+02
5.670000000000000000e+02
2.300000000000000000e+01
4.630000000000000000e+02
4.860000000000000000e+02
4.550000000000000000e+02
3.950000000000000000e+02
4.310000000000000000e+02
