9.587000000000000000e+03
1.670000000000000000e+03
1.000000000000000000e+00
6.400000000000000000e+01
1.350000000000000000e+02
1.450000000000000000e+02
3.910000000000000000e+02
4.670000000000000000e+02
5.110000000000000000e+02
5.590000000000000000e+02
5.640000000000000000e+02
6.260000000000000000e+02
6.990000000000000000e+02
1.003000000000000000e+03
1.080000000000000000e+03
1.083000000000000000e+03
1.328000000000000000e+03
1.460000000000000000e+03
1.488000000000000000e+03
1.514000000000000000e+03
1.567000000000000000e+03
1.573000000000000000e+03
1.667000000000000000e+03
1.691000000000000000e+03
1.698000000000000000e+03
1.700000000000000000e+03
1.779000000000000000e+03
1.803000000000000000e+03
1.891000000000000000e+03
1.908000000000000000e+03
1.955000000000000000e+03
2.045000000000000000e+03
2.047000000000000000e+03
2.093000000000000000e+03
2.142000000000000000e+03
2.146000000000000000e+03
2.280000000000000000e+03
2.449000000000000000e+03
2.455000000000000000e+03
2.470000000000000000e+03
2.473000000000000000e+03
2.513000000000000000e+03
2.571000000000000000e+03
2.678000000000000000e+03
2.680000000000000000e+03
2.692000000000000000e+03
2.818000000000000000e+03
3.002000000000000000e+03
3.033000000000000000e+03
3.078000000000000000e+03
3.137000000000000000e+03
3.218000000000000000e+03
3.234000000000000000e+03
3.283000000000000000e+03
3.285000000000000000e+03
3.305000000000000000e+03
3.357000000000000000e+03
3.397000000000000000e+03
3.596000000000000000e+03
3.656000000000000000e+03
3.669000000000000000e+03
3.731000000000000000e+03
3.789000000000000000e+03
3.854000000000000000e+03
3.862000000000000000e+03
3.895000000000000000e+03
3.933000000000000000e+03
4.018000000000000000e+03
4.034000000000000000e+03
4.198000000000000000e+03
4.246000000000000000e+03
4.383000000000000000e+03
4.391000000000000000e+03
4.428000000000000000e+03
4.514000000000000000e+03
4.537000000000000000e+03
4.603000000000000000e+03
4.633000000000000000e+03
4.738000000000000000e+03
4.788000000000000000e+03
5.005000000000000000e+03
5.044000000000000000e+03
5.093000000000000000e+03
5.098000000000000000e+03
5.155000000000000000e+03
5.168000000000000000e+03
5.283000000000000000e+03
5.328000000000000000e+03
5.401000000000000000e+03
5.402000000000000000e+03
5.439000000000000000e+03
5.900000000000000000e+03
5.960000000000000000e+03
6.090000000000000000e+03
6.104000000000000000e+03
6.106000000000000000e+03
6.161000000000000000e+03
6.206000000000000000e+03
6.296000000000000000e+03
6.319000000000000000e+03
6.559000000000000000e+03
6.652000000000000000e+03
6.692000000000000000e+03
6.700000000000000000e+03
6.723000000000000000e+03
6.769000000000000000e+03
6.794000000000000000e+03
6.830000000000000000e+03
6.991000000000000000e+03
7.118000000000000000e+03
7.335000000000000000e+03
7.631000000000000000e+03
7.670000000000000000e+03
7.684000000000000000e+03
7.704000000000000000e+03
7.711000000000000000e+03
7.776000000000000000e+03
7.782000000000000000e+03
8.006000000000000000e+03
8.045000000000000000e+03
8.245000000000000000e+03
8.258000000000000000e+03
8.303000000000000000e+03
8.338000000000000000e+03
8.488000000000000000e+03
8.629000000000000000e+03
8.692000000000000000e+03
8.767000000000000000e+03
8.812000000000000000e+03
9.057000000000000000e+03
9.097000000000000000e+03
9.202000000000000000e+03
9.220000000000000000e+03
9.243000000000000000e+03
9.304000000000000000e+03
9.540000000000000000e+03
9.575000000000000000e+03
9.854000000000000000e+03
9.888000000000000000e+03
9.929000000000000000e+03
