7.632000000000000000e+03
2.979000000000000000e+03
1.000000000000000000e+00
3.000000000000000000e+00
7.000000000000000000e+00
1.200000000000000000e+01
2.000000000000000000e+01
2.100000000000000000e+01
2.800000000000000000e+01
3.000000000000000000e+01
3.900000000000000000e+01
4.500000000000000000e+01
5.200000000000000000e+01
5.600000000000000000e+01
5.700000000000000000e+01
6.600000000000000000e+01
7.500000000000000000e+01
7.800000000000000000e+01
8.100000000000000000e+01
8.300000000000000000e+01
8.700000000000000000e+01
9.500000000000000000e+01
9.800000000000000000e+01
9.900000000000000000e+01
1.150000000000000000e+02
1.180000000000000000e+02
1.250000000000000000e+02
1.270000000000000000e+02
1.280000000000000000e+02
1.350000000000000000e+02
1.440000000000000000e+02
1.490000000000000000e+02
1.510000000000000000e+02
1.540000000000000000e+02
1.560000000000000000e+02
1.680000000000000000e+02
1.850000000000000000e+02
1.950000000000000000e+02
1.970000000000000000e+02
2.080000000000000000e+02
2.090000000000000000e+02
2.110000000000000000e+02
2.220000000000000000e+02
2.240000000000000000e+02
2.280000000000000000e+02
2.380000000000000000e+02
2.460000000000000000e+02
2.510000000000000000e+02
2.640000000000000000e+02
2.670000000000000000e+02
2.690000000000000000e+02
2.710000000000000000e+02
2.740000000000000000e+02
2.820000000000000000e+02
2.900000000000000000e+02
2.910000000000000000e+02
3.010000000000000000e+02
3.070000000000000000e+02
3.200000000000000000e+02
3.240000000000000000e+02
3.280000000000000000e+02
3.370000000000000000e+02
3.390000000000000000e+02
3.430000000000000000e+02
3.450000000000000000e+02
3.460000000000000000e+02
3.490000000000000000e+02
3.500000000000000000e+02
3.530000000000000000e+02
3.610000000000000000e+02
3.790000000000000000e+02
3.830000000000000000e+02
3.840000000000000000e+02
3.910000000000000000e+02
3.960000000000000000e+02
4.000000000000000000e+02
4.090000000000000000e+02
4.110000000000000000e+02
4.240000000000000000e+02
4.290000000000000000e+02
4.340000000000000000e+02
4.440000000000000000e+02
4.480000000000000000e+02
4.590000000000000000e+02
4.610000000000000000e+02
4.670000000000000000e+02
4.780000000000000000e+02
4.800000000000000000e+02
4.860000000000000000e+02
4.870000000000000000e+02
4.980000000000000000e+02
5.030000000000000000e+02
5.040000000000000000e+02
5.110000000000000000e+02
5.150000000000000000e+02
5.230000000000000000e+02
5.240000000000000000e+02
5.250000000000000000e+02
5.280000000000000000e+02
5.310000000000000000e+02
5.380000000000000000e+02
5.550000000000000000e+02
5.590000000000000000e+02
5.600000000000000000e+02
5.640000000000000000e+02
5.730000000000000000e+02
5.790000000000000000e+02
5.890000000000000000e+02
5.900000000000000000e+02
6.020000000000000000e+02
6.050000000000000000e+02
6.060000000000000000e+02
6.070000000000000000e+02
6.260000000000000000e+02
6.310000000000000000e+02
6.380000000000000000e+02
6.450000000000000000e+02
6.510000000000000000e+02
6.530000000000000000e+02
6.540000000000000000e+02
6.640000000000000000e+02
6.780000000000000000e+02
6.800000000000000000e+02
6.810000000000000000e+02
6.850000000000000000e+02
6.880000000000000000e+02
6.900000000000000000e+02
6.960000000000000000e+02
6.990000000000000000e+02
7.010000000000000000e+02
7.040000000000000000e+02
7.050000000000000000e+02
7.090000000000000000e+02
7.140000000000000000e+02
7.170000000000000000e+02
7.210000000000000000e+02
7.390000000000000000e+02
7.400000000000000000e+02
7.430000000000000000e+02
7.500000000000000000e+02
7.530000000000000000e+02
7.610000000000000000e+02
7.660000000000000000e+02
7.700000000000000000e+02
7.730000000000000000e+02
7.830000000000000000e+02
7.930000000000000000e+02
7.960000000000000000e+02
7.970000000000000000e+02
8.060000000000000000e+02
8.080000000000000000e+02
8.180000000000000000e+02
8.370000000000000000e+02
8.410000000000000000e+02
8.530000000000000000e+02
8.660000000000000000e+02
8.700000000000000000e+02
8.810000000000000000e+02
8.820000000000000000e+02
8.830000000000000000e+02
8.850000000000000000e+02
8.940000000000000000e+02
8.960000000000000000e+02
9.080000000000000000e+02
9.090000000000000000e+02
9.110000000000000000e+02
9.240000000000000000e+02
9.360000000000000000e+02
9.390000000000000000e+02
9.410000000000000000e+02
9.420000000000000000e+02
9.490000000000000000e+02
9.530000000000000000e+02
9.540000000000000000e+02
9.600000000000000000e+02
9.680000000000000000e+02
9.760000000000000000e+02
9.910000000000000000e+02
9.970000000000000000e+02
1.003000000000000000e+03
1.005000000000000000e+03
1.023000000000000000e+03
1.025000000000000000e+03
1.031000000000000000e+03
1.035000000000000000e+03
1.037000000000000000e+03
1.044000000000000000e+03
1.064000000000000000e+03
1.068000000000000000e+03
1.076000000000000000e+03
1.080000000000000000e+03
1.081000000000000000e+03
1.083000000000000000e+03
1.094000000000000000e+03
1.101000000000000000e+03
1.104000000000000000e+03
1.108000000000000000e+03
1.110000000000000000e+03
1.116000000000000000e+03
1.122000000000000000e+03
1.125000000000000000e+03
1.129000000000000000e+03
1.142000000000000000e+03
1.163000000000000000e+03
1.165000000000000000e+03
1.166000000000000000e+03
1.176000000000000000e+03
1.177000000000000000e+03
1.179000000000000000e+03
1.182000000000000000e+03
1.183000000000000000e+03
1.198000000000000000e+03
1.200000000000000000e+03
1.203000000000000000e+03
1.205000000000000000e+03
1.209000000000000000e+03
1.226000000000000000e+03
1.228000000000000000e+03
1.229000000000000000e+03
1.233000000000000000e+03
1.269000000000000000e+03
1.271000000000000000e+03
1.274000000000000000e+03
1.276000000000000000e+03
1.279000000000000000e+03
1.285000000000000000e+03
1.286000000000000000e+03
1.288000000000000000e+03
1.292000000000000000e+03
1.304000000000000000e+03
1.319000000000000000e+03
1.327000000000000000e+03
1.328000000000000000e+03
1.331000000000000000e+03
1.339000000000000000e+03
1.351000000000000000e+03
1.359000000000000000e+03
1.361000000000000000e+03
1.369000000000000000e+03
1.376000000000000000e+03
1.380000000000000000e+03
1.381000000000000000e+03
1.383000000000000000e+03
1.384000000000000000e+03
1.387000000000000000e+03
1.392000000000000000e+03
1.401000000000000000e+03
1.402000000000000000e+03
1.404000000000000000e+03
1.411000000000000000e+03
1.429000000000000000e+03
1.432000000000000000e+03
1.441000000000000000e+03
1.444000000000000000e+03
1.446000000000000000e+03
1.456000000000000000e+03
1.460000000000000000e+03
1.465000000000000000e+03
1.467000000000000000e+03
1.468000000000000000e+03
1.472000000000000000e+03
1.483000000000000000e+03
1.485000000000000000e+03
1.486000000000000000e+03
1.488000000000000000e+03
1.491000000000000000e+03
1.494000000000000000e+03
1.514000000000000000e+03
1.518000000000000000e+03
1.523000000000000000e+03
1.533000000000000000e+03
1.534000000000000000e+03
1.541000000000000000e+03
1.542000000000000000e+03
1.543000000000000000e+03
1.545000000000000000e+03
1.546000000000000000e+03
1.547000000000000000e+03
1.548000000000000000e+03
1.549000000000000000e+03
1.551000000000000000e+03
1.554000000000000000e+03
1.559000000000000000e+03
1.561000000000000000e+03
1.568000000000000000e+03
1.573000000000000000e+03
1.576000000000000000e+03
1.578000000000000000e+03
1.581000000000000000e+03
1.584000000000000000e+03
1.591000000000000000e+03
1.607000000000000000e+03
1.614000000000000000e+03
1.617000000000000000e+03
1.622000000000000000e+03
1.626000000000000000e+03
1.629000000000000000e+03
1.649000000000000000e+03
1.653000000000000000e+03
1.655000000000000000e+03
1.658000000000000000e+03
1.665000000000000000e+03
1.666000000000000000e+03
1.667000000000000000e+03
1.668000000000000000e+03
1.673000000000000000e+03
1.677000000000000000e+03
1.681000000000000000e+03
1.687000000000000000e+03
1.691000000000000000e+03
1.697000000000000000e+03
1.698000000000000000e+03
1.700000000000000000e+03
1.703000000000000000e+03
1.706000000000000000e+03
1.707000000000000000e+03
1.712000000000000000e+03
1.714000000000000000e+03
1.716000000000000000e+03
1.723000000000000000e+03
1.731000000000000000e+03
1.737000000000000000e+03
1.738000000000000000e+03
1.744000000000000000e+03
1.746000000000000000e+03
1.753000000000000000e+03
1.755000000000000000e+03
1.758000000000000000e+03
1.761000000000000000e+03
1.764000000000000000e+03
1.766000000000000000e+03
1.769000000000000000e+03
1.771000000000000000e+03
1.777000000000000000e+03
1.779000000000000000e+03
1.781000000000000000e+03
1.782000000000000000e+03
1.785000000000000000e+03
1.791000000000000000e+03
1.793000000000000000e+03
1.796000000000000000e+03
1.799000000000000000e+03
1.802000000000000000e+03
1.803000000000000000e+03
1.806000000000000000e+03
1.808000000000000000e+03
1.813000000000000000e+03
1.815000000000000000e+03
1.821000000000000000e+03
1.824000000000000000e+03
1.826000000000000000e+03
1.830000000000000000e+03
1.837000000000000000e+03
1.850000000000000000e+03
1.858000000000000000e+03
1.859000000000000000e+03
1.863000000000000000e+03
1.874000000000000000e+03
1.887000000000000000e+03
1.891000000000000000e+03
1.898000000000000000e+03
1.908000000000000000e+03
1.911000000000000000e+03
1.913000000000000000e+03
1.915000000000000000e+03
1.918000000000000000e+03
1.930000000000000000e+03
1.937000000000000000e+03
1.939000000000000000e+03
1.953000000000000000e+03
1.955000000000000000e+03
1.960000000000000000e+03
1.961000000000000000e+03
1.964000000000000000e+03
1.972000000000000000e+03
1.975000000000000000e+03
1.977000000000000000e+03
1.979000000000000000e+03
1.981000000000000000e+03
1.982000000000000000e+03
1.986000000000000000e+03
1.988000000000000000e+03
1.994000000000000000e+03
1.998000000000000000e+03
2.000000000000000000e+03
2.005000000000000000e+03
2.006000000000000000e+03
2.007000000000000000e+03
2.011000000000000000e+03
2.015000000000000000e+03
2.018000000000000000e+03
2.026000000000000000e+03
2.035000000000000000e+03
2.038000000000000000e+03
2.040000000000000000e+03
2.045000000000000000e+03
2.047000000000000000e+03
2.048000000000000000e+03
2.049000000000000000e+03
2.052000000000000000e+03
2.053000000000000000e+03
2.057000000000000000e+03
2.062000000000000000e+03
2.064000000000000000e+03
2.065000000000000000e+03
2.069000000000000000e+03
2.081000000000000000e+03
2.085000000000000000e+03
2.086000000000000000e+03
2.093000000000000000e+03
2.094000000000000000e+03
2.111000000000000000e+03
2.115000000000000000e+03
2.119000000000000000e+03
2.124000000000000000e+03
2.141000000000000000e+03
2.142000000000000000e+03
2.146000000000000000e+03
2.148000000000000000e+03
2.155000000000000000e+03
2.157000000000000000e+03
2.158000000000000000e+03
2.163000000000000000e+03
2.165000000000000000e+03
2.168000000000000000e+03
2.169000000000000000e+03
2.170000000000000000e+03
2.176000000000000000e+03
2.178000000000000000e+03
2.190000000000000000e+03
2.191000000000000000e+03
2.192000000000000000e+03
2.196000000000000000e+03
2.200000000000000000e+03
2.218000000000000000e+03
2.221000000000000000e+03
2.225000000000000000e+03
2.232000000000000000e+03
2.235000000000000000e+03
2.242000000000000000e+03
2.248000000000000000e+03
2.250000000000000000e+03
2.257000000000000000e+03
2.275000000000000000e+03
2.278000000000000000e+03
2.280000000000000000e+03
2.281000000000000000e+03
2.289000000000000000e+03
2.294000000000000000e+03
2.313000000000000000e+03
2.322000000000000000e+03
2.323000000000000000e+03
2.325000000000000000e+03
2.327000000000000000e+03
2.338000000000000000e+03
2.340000000000000000e+03
2.347000000000000000e+03
2.351000000000000000e+03
2.357000000000000000e+03
2.358000000000000000e+03
2.359000000000000000e+03
2.375000000000000000e+03
2.376000000000000000e+03
2.380000000000000000e+03
2.381000000000000000e+03
2.388000000000000000e+03
2.389000000000000000e+03
2.394000000000000000e+03
2.403000000000000000e+03
2.407000000000000000e+03
2.418000000000000000e+03
2.419000000000000000e+03
2.420000000000000000e+03
2.438000000000000000e+03
2.449000000000000000e+03
2.451000000000000000e+03
2.452000000000000000e+03
2.453000000000000000e+03
2.455000000000000000e+03
2.458000000000000000e+03
2.460000000000000000e+03
2.464000000000000000e+03
2.466000000000000000e+03
2.467000000000000000e+03
2.470000000000000000e+03
2.473000000000000000e+03
2.476000000000000000e+03
2.477000000000000000e+03
2.486000000000000000e+03
2.489000000000000000e+03
2.504000000000000000e+03
2.506000000000000000e+03
2.507000000000000000e+03
2.513000000000000000e+03
2.517000000000000000e+03
2.526000000000000000e+03
2.528000000000000000e+03
2.540000000000000000e+03
2.545000000000000000e+03
2.550000000000000000e+03
2.552000000000000000e+03
2.566000000000000000e+03
2.569000000000000000e+03
2.571000000000000000e+03
2.578000000000000000e+03
2.592000000000000000e+03
2.599000000000000000e+03
2.600000000000000000e+03
2.601000000000000000e+03
2.605000000000000000e+03
2.611000000000000000e+03
2.616000000000000000e+03
2.619000000000000000e+03
2.624000000000000000e+03
2.633000000000000000e+03
2.640000000000000000e+03
2.646000000000000000e+03
2.652000000000000000e+03
2.655000000000000000e+03
2.656000000000000000e+03
2.658000000000000000e+03
2.680000000000000000e+03
2.684000000000000000e+03
2.692000000000000000e+03
2.697000000000000000e+03
2.698000000000000000e+03
2.700000000000000000e+03
2.721000000000000000e+03
2.722000000000000000e+03
2.728000000000000000e+03
2.729000000000000000e+03
2.731000000000000000e+03
2.733000000000000000e+03
2.738000000000000000e+03
2.749000000000000000e+03
2.757000000000000000e+03
2.769000000000000000e+03
2.772000000000000000e+03
2.774000000000000000e+03
2.778000000000000000e+03
2.782000000000000000e+03
2.783000000000000000e+03
2.785000000000000000e+03
2.791000000000000000e+03
2.794000000000000000e+03
2.795000000000000000e+03
2.801000000000000000e+03
2.804000000000000000e+03
2.810000000000000000e+03
2.811000000000000000e+03
2.813000000000000000e+03
2.818000000000000000e+03
2.822000000000000000e+03
2.827000000000000000e+03
2.836000000000000000e+03
2.844000000000000000e+03
2.848000000000000000e+03
2.850000000000000000e+03
2.856000000000000000e+03
2.859000000000000000e+03
2.864000000000000000e+03
2.868000000000000000e+03
2.870000000000000000e+03
2.875000000000000000e+03
2.876000000000000000e+03
2.885000000000000000e+03
2.890000000000000000e+03
2.891000000000000000e+03
2.895000000000000000e+03
2.897000000000000000e+03
2.912000000000000000e+03
2.914000000000000000e+03
2.918000000000000000e+03
2.921000000000000000e+03
2.926000000000000000e+03
2.931000000000000000e+03
2.934000000000000000e+03
2.935000000000000000e+03
2.936000000000000000e+03
2.940000000000000000e+03
2.941000000000000000e+03
2.948000000000000000e+03
2.949000000000000000e+03
2.953000000000000000e+03
2.956000000000000000e+03
2.960000000000000000e+03
2.961000000000000000e+03
2.966000000000000000e+03
2.982000000000000000e+03
2.983000000000000000e+03
2.985000000000000000e+03
2.989000000000000000e+03
2.993000000000000000e+03
3.002000000000000000e+03
3.003000000000000000e+03
3.006000000000000000e+03
3.007000000000000000e+03
3.026000000000000000e+03
3.033000000000000000e+03
3.034000000000000000e+03
3.040000000000000000e+03
3.046000000000000000e+03
3.049000000000000000e+03
3.051000000000000000e+03
3.070000000000000000e+03
3.074000000000000000e+03
3.083000000000000000e+03
3.091000000000000000e+03
3.093000000000000000e+03
3.095000000000000000e+03
3.096000000000000000e+03
3.101000000000000000e+03
3.106000000000000000e+03
3.109000000000000000e+03
3.123000000000000000e+03
3.130000000000000000e+03
3.137000000000000000e+03
3.139000000000000000e+03
3.149000000000000000e+03
3.159000000000000000e+03
3.160000000000000000e+03
3.171000000000000000e+03
3.177000000000000000e+03
3.178000000000000000e+03
3.180000000000000000e+03
3.186000000000000000e+03
3.192000000000000000e+03
3.196000000000000000e+03
3.203000000000000000e+03
3.211000000000000000e+03
3.212000000000000000e+03
3.214000000000000000e+03
3.218000000000000000e+03
3.224000000000000000e+03
3.234000000000000000e+03
3.238000000000000000e+03
3.247000000000000000e+03
3.250000000000000000e+03
3.257000000000000000e+03
3.259000000000000000e+03
3.262000000000000000e+03
3.268000000000000000e+03
3.279000000000000000e+03
3.281000000000000000e+03
3.283000000000000000e+03
3.285000000000000000e+03
3.293000000000000000e+03
3.294000000000000000e+03
3.299000000000000000e+03
3.300000000000000000e+03
3.305000000000000000e+03
3.318000000000000000e+03
3.326000000000000000e+03
3.329000000000000000e+03
3.331000000000000000e+03
3.332000000000000000e+03
3.334000000000000000e+03
3.337000000000000000e+03
3.339000000000000000e+03
3.352000000000000000e+03
3.353000000000000000e+03
3.357000000000000000e+03
3.361000000000000000e+03
3.379000000000000000e+03
3.385000000000000000e+03
3.395000000000000000e+03
3.397000000000000000e+03
3.398000000000000000e+03
3.399000000000000000e+03
3.400000000000000000e+03
3.405000000000000000e+03
3.408000000000000000e+03
3.414000000000000000e+03
3.422000000000000000e+03
3.429000000000000000e+03
3.431000000000000000e+03
3.435000000000000000e+03
3.440000000000000000e+03
3.445000000000000000e+03
3.448000000000000000e+03
3.449000000000000000e+03
3.455000000000000000e+03
3.457000000000000000e+03
3.462000000000000000e+03
3.468000000000000000e+03
3.471000000000000000e+03
3.476000000000000000e+03
3.482000000000000000e+03
3.507000000000000000e+03
3.511000000000000000e+03
3.512000000000000000e+03
3.517000000000000000e+03
3.527000000000000000e+03
3.528000000000000000e+03
3.536000000000000000e+03
3.540000000000000000e+03
3.545000000000000000e+03
3.553000000000000000e+03
3.558000000000000000e+03
3.560000000000000000e+03
3.563000000000000000e+03
3.570000000000000000e+03
3.573000000000000000e+03
3.574000000000000000e+03
3.578000000000000000e+03
3.580000000000000000e+03
3.584000000000000000e+03
3.588000000000000000e+03
3.591000000000000000e+03
3.594000000000000000e+03
3.596000000000000000e+03
3.598000000000000000e+03
3.603000000000000000e+03
3.605000000000000000e+03
3.612000000000000000e+03
3.622000000000000000e+03
3.623000000000000000e+03
3.631000000000000000e+03
3.632000000000000000e+03
3.636000000000000000e+03
3.645000000000000000e+03
3.647000000000000000e+03
3.649000000000000000e+03
3.650000000000000000e+03
3.652000000000000000e+03
3.654000000000000000e+03
3.655000000000000000e+03
3.656000000000000000e+03
3.666000000000000000e+03
3.669000000000000000e+03
3.677000000000000000e+03
3.688000000000000000e+03
3.690000000000000000e+03
3.695000000000000000e+03
3.700000000000000000e+03
3.701000000000000000e+03
3.702000000000000000e+03
3.708000000000000000e+03
3.709000000000000000e+03
3.725000000000000000e+03
3.726000000000000000e+03
3.731000000000000000e+03
3.737000000000000000e+03
3.743000000000000000e+03
3.744000000000000000e+03
3.750000000000000000e+03
3.752000000000000000e+03
3.754000000000000000e+03
3.755000000000000000e+03
3.772000000000000000e+03
3.773000000000000000e+03
3.779000000000000000e+03
3.785000000000000000e+03
3.789000000000000000e+03
3.790000000000000000e+03
3.795000000000000000e+03
3.798000000000000000e+03
3.799000000000000000e+03
3.810000000000000000e+03
3.811000000000000000e+03
3.832000000000000000e+03
3.838000000000000000e+03
3.840000000000000000e+03
3.841000000000000000e+03
3.844000000000000000e+03
3.845000000000000000e+03
3.851000000000000000e+03
3.852000000000000000e+03
3.854000000000000000e+03
3.858000000000000000e+03
3.862000000000000000e+03
3.871000000000000000e+03
3.875000000000000000e+03
3.884000000000000000e+03
3.901000000000000000e+03
3.905000000000000000e+03
3.907000000000000000e+03
3.914000000000000000e+03
3.918000000000000000e+03
3.928000000000000000e+03
3.929000000000000000e+03
3.932000000000000000e+03
3.933000000000000000e+03
3.935000000000000000e+03
3.938000000000000000e+03
3.959000000000000000e+03
3.964000000000000000e+03
3.968000000000000000e+03
3.970000000000000000e+03
3.977000000000000000e+03
3.980000000000000000e+03
3.984000000000000000e+03
3.989000000000000000e+03
3.992000000000000000e+03
3.998000000000000000e+03
4.009000000000000000e+03
4.011000000000000000e+03
4.014000000000000000e+03
4.018000000000000000e+03
4.024000000000000000e+03
4.029000000000000000e+03
4.033000000000000000e+03
4.034000000000000000e+03
4.043000000000000000e+03
4.045000000000000000e+03
4.051000000000000000e+03
4.053000000000000000e+03
4.054000000000000000e+03
4.056000000000000000e+03
4.058000000000000000e+03
4.059000000000000000e+03
4.076000000000000000e+03
4.079000000000000000e+03
4.084000000000000000e+03
4.085000000000000000e+03
4.086000000000000000e+03
4.093000000000000000e+03
4.098000000000000000e+03
4.101000000000000000e+03
4.110000000000000000e+03
4.111000000000000000e+03
4.123000000000000000e+03
4.131000000000000000e+03
4.137000000000000000e+03
4.143000000000000000e+03
4.148000000000000000e+03
4.150000000000000000e+03
4.153000000000000000e+03
4.154000000000000000e+03
4.160000000000000000e+03
4.163000000000000000e+03
4.166000000000000000e+03
4.176000000000000000e+03
4.181000000000000000e+03
4.187000000000000000e+03
4.190000000000000000e+03
4.198000000000000000e+03
4.205000000000000000e+03
4.208000000000000000e+03
4.209000000000000000e+03
4.211000000000000000e+03
4.221000000000000000e+03
4.222000000000000000e+03
4.223000000000000000e+03
4.225000000000000000e+03
4.227000000000000000e+03
4.231000000000000000e+03
4.244000000000000000e+03
4.245000000000000000e+03
4.246000000000000000e+03
4.247000000000000000e+03
4.248000000000000000e+03
4.251000000000000000e+03
4.267000000000000000e+03
4.268000000000000000e+03
4.271000000000000000e+03
4.272000000000000000e+03
4.273000000000000000e+03
4.280000000000000000e+03
4.282000000000000000e+03
4.289000000000000000e+03
4.294000000000000000e+03
4.295000000000000000e+03
4.305000000000000000e+03
4.309000000000000000e+03
4.310000000000000000e+03
4.311000000000000000e+03
4.316000000000000000e+03
4.329000000000000000e+03
4.337000000000000000e+03
4.338000000000000000e+03
4.348000000000000000e+03
4.358000000000000000e+03
4.360000000000000000e+03
4.361000000000000000e+03
4.363000000000000000e+03
4.365000000000000000e+03
4.378000000000000000e+03
4.379000000000000000e+03
4.383000000000000000e+03
4.391000000000000000e+03
4.405000000000000000e+03
4.406000000000000000e+03
4.411000000000000000e+03
4.414000000000000000e+03
4.417000000000000000e+03
4.418000000000000000e+03
4.428000000000000000e+03
4.431000000000000000e+03
4.432000000000000000e+03
4.435000000000000000e+03
4.439000000000000000e+03
4.444000000000000000e+03
4.452000000000000000e+03
4.458000000000000000e+03
4.460000000000000000e+03
4.465000000000000000e+03
4.466000000000000000e+03
4.468000000000000000e+03
4.470000000000000000e+03
4.471000000000000000e+03
4.472000000000000000e+03
4.475000000000000000e+03
4.484000000000000000e+03
4.485000000000000000e+03
4.493000000000000000e+03
4.498000000000000000e+03
4.499000000000000000e+03
4.505000000000000000e+03
4.506000000000000000e+03
4.514000000000000000e+03
4.525000000000000000e+03
4.527000000000000000e+03
4.532000000000000000e+03
4.537000000000000000e+03
4.555000000000000000e+03
4.564000000000000000e+03
4.566000000000000000e+03
4.574000000000000000e+03
4.575000000000000000e+03
4.577000000000000000e+03
4.578000000000000000e+03
4.586000000000000000e+03
4.595000000000000000e+03
4.597000000000000000e+03
4.602000000000000000e+03
4.603000000000000000e+03
4.606000000000000000e+03
4.612000000000000000e+03
4.615000000000000000e+03
4.619000000000000000e+03
4.623000000000000000e+03
4.626000000000000000e+03
4.633000000000000000e+03
4.642000000000000000e+03
4.646000000000000000e+03
4.647000000000000000e+03
4.655000000000000000e+03
4.659000000000000000e+03
4.667000000000000000e+03
4.673000000000000000e+03
4.685000000000000000e+03
4.689000000000000000e+03
4.698000000000000000e+03
4.702000000000000000e+03
4.704000000000000000e+03
4.713000000000000000e+03
4.720000000000000000e+03
4.724000000000000000e+03
4.726000000000000000e+03
4.731000000000000000e+03
4.737000000000000000e+03
4.738000000000000000e+03
4.744000000000000000e+03
4.745000000000000000e+03
4.753000000000000000e+03
4.757000000000000000e+03
4.762000000000000000e+03
4.773000000000000000e+03
4.781000000000000000e+03
4.784000000000000000e+03
4.788000000000000000e+03
4.791000000000000000e+03
4.793000000000000000e+03
4.798000000000000000e+03
4.807000000000000000e+03
4.808000000000000000e+03
4.813000000000000000e+03
4.815000000000000000e+03
4.817000000000000000e+03
4.818000000000000000e+03
4.828000000000000000e+03
4.832000000000000000e+03
4.833000000000000000e+03
4.835000000000000000e+03
4.841000000000000000e+03
4.848000000000000000e+03
4.852000000000000000e+03
4.854000000000000000e+03
4.855000000000000000e+03
4.860000000000000000e+03
4.862000000000000000e+03
4.866000000000000000e+03
4.875000000000000000e+03
4.886000000000000000e+03
4.888000000000000000e+03
4.892000000000000000e+03
4.896000000000000000e+03
4.897000000000000000e+03
4.900000000000000000e+03
4.903000000000000000e+03
4.904000000000000000e+03
4.912000000000000000e+03
4.914000000000000000e+03
4.919000000000000000e+03
4.926000000000000000e+03
4.933000000000000000e+03
4.939000000000000000e+03
4.948000000000000000e+03
4.952000000000000000e+03
4.954000000000000000e+03
4.956000000000000000e+03
4.961000000000000000e+03
4.965000000000000000e+03
4.975000000000000000e+03
4.978000000000000000e+03
4.979000000000000000e+03
4.984000000000000000e+03
4.986000000000000000e+03
4.989000000000000000e+03
4.990000000000000000e+03
4.991000000000000000e+03
4.997000000000000000e+03
4.998000000000000000e+03
5.002000000000000000e+03
5.003000000000000000e+03
5.005000000000000000e+03
5.020000000000000000e+03
5.032000000000000000e+03
5.041000000000000000e+03
5.043000000000000000e+03
5.044000000000000000e+03
5.056000000000000000e+03
5.057000000000000000e+03
5.065000000000000000e+03
5.069000000000000000e+03
5.075000000000000000e+03
5.078000000000000000e+03
5.086000000000000000e+03
5.087000000000000000e+03
5.090000000000000000e+03
5.093000000000000000e+03
5.098000000000000000e+03
5.101000000000000000e+03
5.117000000000000000e+03
5.118000000000000000e+03
5.126000000000000000e+03
5.131000000000000000e+03
5.132000000000000000e+03
5.142000000000000000e+03
5.147000000000000000e+03
5.151000000000000000e+03
5.153000000000000000e+03
5.154000000000000000e+03
5.155000000000000000e+03
5.163000000000000000e+03
5.164000000000000000e+03
5.165000000000000000e+03
5.167000000000000000e+03
5.168000000000000000e+03
5.169000000000000000e+03
5.170000000000000000e+03
5.175000000000000000e+03
5.179000000000000000e+03
5.184000000000000000e+03
5.194000000000000000e+03
5.197000000000000000e+03
5.200000000000000000e+03
5.219000000000000000e+03
5.220000000000000000e+03
5.226000000000000000e+03
5.229000000000000000e+03
5.230000000000000000e+03
5.236000000000000000e+03
5.238000000000000000e+03
5.239000000000000000e+03
5.242000000000000000e+03
5.245000000000000000e+03
5.254000000000000000e+03
5.258000000000000000e+03
5.273000000000000000e+03
5.283000000000000000e+03
5.286000000000000000e+03
5.289000000000000000e+03
5.295000000000000000e+03
5.296000000000000000e+03
5.298000000000000000e+03
5.303000000000000000e+03
5.304000000000000000e+03
5.309000000000000000e+03
5.314000000000000000e+03
5.328000000000000000e+03
5.332000000000000000e+03
5.347000000000000000e+03
5.355000000000000000e+03
5.364000000000000000e+03
5.369000000000000000e+03
5.378000000000000000e+03
5.386000000000000000e+03
5.387000000000000000e+03
5.388000000000000000e+03
5.391000000000000000e+03
5.398000000000000000e+03
5.400000000000000000e+03
5.401000000000000000e+03
5.402000000000000000e+03
5.403000000000000000e+03
5.413000000000000000e+03
5.419000000000000000e+03
5.424000000000000000e+03
5.425000000000000000e+03
5.430000000000000000e+03
5.431000000000000000e+03
5.434000000000000000e+03
5.437000000000000000e+03
5.439000000000000000e+03
5.440000000000000000e+03
5.444000000000000000e+03
5.446000000000000000e+03
5.459000000000000000e+03
5.462000000000000000e+03
5.467000000000000000e+03
5.477000000000000000e+03
5.482000000000000000e+03
5.492000000000000000e+03
5.498000000000000000e+03
5.499000000000000000e+03
5.500000000000000000e+03
5.501000000000000000e+03
5.503000000000000000e+03
5.508000000000000000e+03
5.516000000000000000e+03
5.519000000000000000e+03
5.525000000000000000e+03
5.531000000000000000e+03
5.533000000000000000e+03
5.534000000000000000e+03
5.535000000000000000e+03
5.536000000000000000e+03
5.538000000000000000e+03
5.555000000000000000e+03
5.558000000000000000e+03
5.559000000000000000e+03
5.565000000000000000e+03
5.566000000000000000e+03
5.572000000000000000e+03
5.574000000000000000e+03
5.579000000000000000e+03
5.580000000000000000e+03
5.584000000000000000e+03
5.588000000000000000e+03
5.593000000000000000e+03
5.595000000000000000e+03
5.599000000000000000e+03
5.604000000000000000e+03
5.614000000000000000e+03
5.620000000000000000e+03
5.621000000000000000e+03
5.625000000000000000e+03
5.633000000000000000e+03
5.635000000000000000e+03
5.636000000000000000e+03
5.642000000000000000e+03
5.646000000000000000e+03
5.649000000000000000e+03
5.656000000000000000e+03
5.658000000000000000e+03
5.663000000000000000e+03
5.664000000000000000e+03
5.667000000000000000e+03
5.671000000000000000e+03
5.672000000000000000e+03
5.674000000000000000e+03
5.676000000000000000e+03
5.677000000000000000e+03
5.680000000000000000e+03
5.681000000000000000e+03
5.693000000000000000e+03
5.703000000000000000e+03
5.704000000000000000e+03
5.706000000000000000e+03
5.711000000000000000e+03
5.719000000000000000e+03
5.720000000000000000e+03
5.732000000000000000e+03
5.738000000000000000e+03
5.745000000000000000e+03
5.759000000000000000e+03
5.771000000000000000e+03
5.773000000000000000e+03
5.776000000000000000e+03
5.782000000000000000e+03
5.790000000000000000e+03
5.791000000000000000e+03
5.794000000000000000e+03
5.819000000000000000e+03
5.820000000000000000e+03
5.827000000000000000e+03
5.835000000000000000e+03
5.856000000000000000e+03
5.859000000000000000e+03
5.860000000000000000e+03
5.862000000000000000e+03
5.863000000000000000e+03
5.871000000000000000e+03
5.873000000000000000e+03
5.882000000000000000e+03
5.884000000000000000e+03
5.893000000000000000e+03
5.897000000000000000e+03
5.899000000000000000e+03
5.900000000000000000e+03
5.904000000000000000e+03
5.923000000000000000e+03
5.926000000000000000e+03
5.928000000000000000e+03
5.931000000000000000e+03
5.935000000000000000e+03
5.949000000000000000e+03
5.953000000000000000e+03
5.957000000000000000e+03
5.960000000000000000e+03
5.963000000000000000e+03
5.979000000000000000e+03
5.982000000000000000e+03
5.989000000000000000e+03
5.992000000000000000e+03
6.002000000000000000e+03
6.007000000000000000e+03
6.014000000000000000e+03
6.019000000000000000e+03
6.020000000000000000e+03
6.028000000000000000e+03
6.032000000000000000e+03
6.036000000000000000e+03
6.039000000000000000e+03
6.043000000000000000e+03
6.045000000000000000e+03
6.049000000000000000e+03
6.050000000000000000e+03
6.051000000000000000e+03
6.060000000000000000e+03
6.070000000000000000e+03
6.074000000000000000e+03
6.077000000000000000e+03
6.086000000000000000e+03
6.090000000000000000e+03
6.092000000000000000e+03
6.097000000000000000e+03
6.104000000000000000e+03
6.106000000000000000e+03
6.107000000000000000e+03
6.111000000000000000e+03
6.112000000000000000e+03
6.136000000000000000e+03
6.145000000000000000e+03
6.154000000000000000e+03
6.155000000000000000e+03
6.158000000000000000e+03
6.161000000000000000e+03
6.169000000000000000e+03
6.173000000000000000e+03
6.183000000000000000e+03
6.184000000000000000e+03
6.185000000000000000e+03
6.188000000000000000e+03
6.199000000000000000e+03
6.204000000000000000e+03
6.206000000000000000e+03
6.207000000000000000e+03
6.222000000000000000e+03
6.231000000000000000e+03
6.232000000000000000e+03
6.256000000000000000e+03
6.257000000000000000e+03
6.259000000000000000e+03
6.264000000000000000e+03
6.266000000000000000e+03
6.271000000000000000e+03
6.273000000000000000e+03
6.276000000000000000e+03
6.277000000000000000e+03
6.287000000000000000e+03
6.289000000000000000e+03
6.293000000000000000e+03
6.295000000000000000e+03
6.296000000000000000e+03
6.298000000000000000e+03
6.304000000000000000e+03
6.312000000000000000e+03
6.314000000000000000e+03
6.315000000000000000e+03
6.316000000000000000e+03
6.319000000000000000e+03
6.321000000000000000e+03
6.322000000000000000e+03
6.325000000000000000e+03
6.326000000000000000e+03
6.328000000000000000e+03
6.329000000000000000e+03
6.333000000000000000e+03
6.337000000000000000e+03
6.339000000000000000e+03
6.348000000000000000e+03
6.351000000000000000e+03
6.353000000000000000e+03
6.362000000000000000e+03
6.375000000000000000e+03
6.377000000000000000e+03
6.378000000000000000e+03
6.386000000000000000e+03
6.404000000000000000e+03
6.412000000000000000e+03
6.413000000000000000e+03
6.432000000000000000e+03
6.437000000000000000e+03
6.448000000000000000e+03
6.451000000000000000e+03
6.454000000000000000e+03
6.457000000000000000e+03
6.465000000000000000e+03
6.467000000000000000e+03
6.478000000000000000e+03
6.479000000000000000e+03
6.481000000000000000e+03
6.487000000000000000e+03
6.489000000000000000e+03
6.506000000000000000e+03
6.508000000000000000e+03
6.511000000000000000e+03
6.513000000000000000e+03
6.519000000000000000e+03
6.526000000000000000e+03
6.528000000000000000e+03
6.535000000000000000e+03
6.536000000000000000e+03
6.540000000000000000e+03
6.548000000000000000e+03
6.559000000000000000e+03
6.566000000000000000e+03
6.567000000000000000e+03
6.576000000000000000e+03
6.583000000000000000e+03
6.584000000000000000e+03
6.595000000000000000e+03
6.597000000000000000e+03
6.598000000000000000e+03
6.608000000000000000e+03
6.612000000000000000e+03
6.613000000000000000e+03
6.616000000000000000e+03
6.626000000000000000e+03
6.627000000000000000e+03
6.631000000000000000e+03
6.642000000000000000e+03
6.648000000000000000e+03
6.650000000000000000e+03
6.652000000000000000e+03
6.653000000000000000e+03
6.659000000000000000e+03
6.660000000000000000e+03
6.661000000000000000e+03
6.667000000000000000e+03
6.668000000000000000e+03
6.676000000000000000e+03
6.678000000000000000e+03
6.682000000000000000e+03
6.685000000000000000e+03
6.686000000000000000e+03
6.687000000000000000e+03
6.690000000000000000e+03
6.692000000000000000e+03
6.700000000000000000e+03
6.701000000000000000e+03
6.706000000000000000e+03
6.712000000000000000e+03
6.713000000000000000e+03
6.721000000000000000e+03
6.722000000000000000e+03
6.723000000000000000e+03
6.726000000000000000e+03
6.727000000000000000e+03
6.729000000000000000e+03
6.749000000000000000e+03
6.752000000000000000e+03
6.759000000000000000e+03
6.765000000000000000e+03
6.766000000000000000e+03
6.768000000000000000e+03
6.769000000000000000e+03
6.784000000000000000e+03
6.785000000000000000e+03
6.794000000000000000e+03
6.795000000000000000e+03
6.800000000000000000e+03
6.806000000000000000e+03
6.813000000000000000e+03
6.822000000000000000e+03
6.826000000000000000e+03
6.830000000000000000e+03
6.831000000000000000e+03
6.833000000000000000e+03
6.836000000000000000e+03
6.841000000000000000e+03
6.845000000000000000e+03
6.846000000000000000e+03
6.849000000000000000e+03
6.856000000000000000e+03
6.860000000000000000e+03
6.867000000000000000e+03
6.870000000000000000e+03
6.891000000000000000e+03
6.892000000000000000e+03
6.900000000000000000e+03
6.902000000000000000e+03
6.904000000000000000e+03
6.908000000000000000e+03
6.924000000000000000e+03
6.928000000000000000e+03
6.930000000000000000e+03
6.946000000000000000e+03
6.948000000000000000e+03
6.949000000000000000e+03
6.952000000000000000e+03
6.954000000000000000e+03
6.961000000000000000e+03
6.966000000000000000e+03
6.977000000000000000e+03
6.988000000000000000e+03
6.991000000000000000e+03
6.993000000000000000e+03
6.997000000000000000e+03
7.004000000000000000e+03
7.015000000000000000e+03
7.017000000000000000e+03
7.019000000000000000e+03
7.022000000000000000e+03
7.024000000000000000e+03
7.026000000000000000e+03
7.028000000000000000e+03
7.035000000000000000e+03
7.047000000000000000e+03
7.051000000000000000e+03
7.053000000000000000e+03
7.063000000000000000e+03
7.067000000000000000e+03
7.075000000000000000e+03
7.077000000000000000e+03
7.079000000000000000e+03
7.087000000000000000e+03
7.098000000000000000e+03
7.100000000000000000e+03
7.103000000000000000e+03
7.104000000000000000e+03
7.105000000000000000e+03
7.108000000000000000e+03
7.110000000000000000e+03
7.116000000000000000e+03
7.118000000000000000e+03
7.124000000000000000e+03
7.129000000000000000e+03
7.131000000000000000e+03
7.132000000000000000e+03
7.133000000000000000e+03
7.135000000000000000e+03
7.139000000000000000e+03
7.150000000000000000e+03
7.153000000000000000e+03
7.159000000000000000e+03
7.161000000000000000e+03
7.163000000000000000e+03
7.169000000000000000e+03
7.170000000000000000e+03
7.173000000000000000e+03
7.175000000000000000e+03
7.188000000000000000e+03
7.191000000000000000e+03
7.213000000000000000e+03
7.214000000000000000e+03
7.215000000000000000e+03
7.221000000000000000e+03
7.222000000000000000e+03
7.229000000000000000e+03
7.238000000000000000e+03
7.250000000000000000e+03
7.258000000000000000e+03
7.266000000000000000e+03
7.268000000000000000e+03
7.270000000000000000e+03
7.276000000000000000e+03
7.281000000000000000e+03
7.284000000000000000e+03
7.285000000000000000e+03
7.287000000000000000e+03
7.288000000000000000e+03
7.290000000000000000e+03
7.311000000000000000e+03
7.322000000000000000e+03
7.328000000000000000e+03
7.335000000000000000e+03
7.359000000000000000e+03
7.361000000000000000e+03
7.367000000000000000e+03
7.368000000000000000e+03
7.385000000000000000e+03
7.390000000000000000e+03
7.392000000000000000e+03
7.399000000000000000e+03
7.402000000000000000e+03
7.407000000000000000e+03
7.417000000000000000e+03
7.425000000000000000e+03
7.426000000000000000e+03
7.430000000000000000e+03
7.433000000000000000e+03
7.437000000000000000e+03
7.462000000000000000e+03
7.470000000000000000e+03
7.483000000000000000e+03
7.484000000000000000e+03
7.496000000000000000e+03
7.498000000000000000e+03
7.504000000000000000e+03
7.509000000000000000e+03
7.513000000000000000e+03
7.519000000000000000e+03
7.521000000000000000e+03
7.527000000000000000e+03
7.538000000000000000e+03
7.541000000000000000e+03
7.542000000000000000e+03
7.543000000000000000e+03
7.551000000000000000e+03
7.555000000000000000e+03
7.558000000000000000e+03
7.564000000000000000e+03
7.566000000000000000e+03
7.568000000000000000e+03
7.569000000000000000e+03
7.581000000000000000e+03
7.588000000000000000e+03
7.590000000000000000e+03
7.597000000000000000e+03
7.600000000000000000e+03
7.602000000000000000e+03
7.607000000000000000e+03
7.608000000000000000e+03
7.609000000000000000e+03
7.611000000000000000e+03
7.616000000000000000e+03
7.617000000000000000e+03
7.626000000000000000e+03
7.631000000000000000e+03
7.635000000000000000e+03
7.636000000000000000e+03
7.640000000000000000e+03
7.642000000000000000e+03
7.656000000000000000e+03
7.662000000000000000e+03
7.666000000000000000e+03
7.668000000000000000e+03
7.670000000000000000e+03
7.675000000000000000e+03
7.679000000000000000e+03
7.680000000000000000e+03
7.684000000000000000e+03
7.685000000000000000e+03
7.688000000000000000e+03
7.689000000000000000e+03
7.692000000000000000e+03
7.698000000000000000e+03
7.700000000000000000e+03
7.702000000000000000e+03
7.704000000000000000e+03
7.705000000000000000e+03
7.711000000000000000e+03
7.713000000000000000e+03
7.714000000000000000e+03
7.716000000000000000e+03
7.717000000000000000e+03
7.724000000000000000e+03
7.725000000000000000e+03
7.726000000000000000e+03
7.729000000000000000e+03
7.750000000000000000e+03
7.751000000000000000e+03
7.752000000000000000e+03
7.755000000000000000e+03
7.762000000000000000e+03
7.765000000000000000e+03
7.770000000000000000e+03
7.776000000000000000e+03
7.778000000000000000e+03
7.781000000000000000e+03
7.782000000000000000e+03
7.783000000000000000e+03
7.787000000000000000e+03
7.788000000000000000e+03
7.793000000000000000e+03
7.794000000000000000e+03
7.796000000000000000e+03
7.803000000000000000e+03
7.808000000000000000e+03
7.816000000000000000e+03
7.829000000000000000e+03
7.830000000000000000e+03
7.831000000000000000e+03
7.840000000000000000e+03
7.846000000000000000e+03
7.874000000000000000e+03
7.876000000000000000e+03
7.878000000000000000e+03
7.888000000000000000e+03
7.894000000000000000e+03
7.905000000000000000e+03
7.910000000000000000e+03
7.912000000000000000e+03
7.917000000000000000e+03
7.924000000000000000e+03
7.932000000000000000e+03
7.934000000000000000e+03
7.935000000000000000e+03
7.942000000000000000e+03
7.946000000000000000e+03
7.947000000000000000e+03
7.949000000000000000e+03
7.950000000000000000e+03
7.952000000000000000e+03
7.955000000000000000e+03
7.962000000000000000e+03
7.967000000000000000e+03
7.969000000000000000e+03
7.974000000000000000e+03
7.977000000000000000e+03
7.980000000000000000e+03
7.984000000000000000e+03
7.989000000000000000e+03
7.991000000000000000e+03
7.992000000000000000e+03
7.997000000000000000e+03
7.998000000000000000e+03
8.006000000000000000e+03
8.007000000000000000e+03
8.023000000000000000e+03
8.027000000000000000e+03
8.029000000000000000e+03
8.039000000000000000e+03
8.045000000000000000e+03
8.053000000000000000e+03
8.059000000000000000e+03
8.067000000000000000e+03
8.068000000000000000e+03
8.072000000000000000e+03
8.073000000000000000e+03
8.075000000000000000e+03
8.082000000000000000e+03
8.084000000000000000e+03
8.112000000000000000e+03
8.117000000000000000e+03
8.122000000000000000e+03
8.129000000000000000e+03
8.135000000000000000e+03
8.139000000000000000e+03
8.147000000000000000e+03
8.149000000000000000e+03
8.155000000000000000e+03
8.157000000000000000e+03
8.161000000000000000e+03
8.165000000000000000e+03
8.171000000000000000e+03
8.174000000000000000e+03
8.176000000000000000e+03
8.178000000000000000e+03
8.185000000000000000e+03
8.187000000000000000e+03
8.190000000000000000e+03
8.194000000000000000e+03
8.195000000000000000e+03
8.197000000000000000e+03
8.200000000000000000e+03
8.202000000000000000e+03
8.206000000000000000e+03
8.214000000000000000e+03
8.216000000000000000e+03
8.218000000000000000e+03
8.220000000000000000e+03
8.222000000000000000e+03
8.228000000000000000e+03
8.229000000000000000e+03
8.234000000000000000e+03
8.237000000000000000e+03
8.245000000000000000e+03
8.255000000000000000e+03
8.257000000000000000e+03
8.258000000000000000e+03
8.270000000000000000e+03
8.287000000000000000e+03
8.292000000000000000e+03
8.294000000000000000e+03
8.296000000000000000e+03
8.303000000000000000e+03
8.307000000000000000e+03
8.310000000000000000e+03
8.313000000000000000e+03
8.315000000000000000e+03
8.323000000000000000e+03
8.329000000000000000e+03
8.336000000000000000e+03
8.338000000000000000e+03
8.348000000000000000e+03
8.351000000000000000e+03
8.352000000000000000e+03
8.362000000000000000e+03
8.363000000000000000e+03
8.364000000000000000e+03
8.369000000000000000e+03
8.376000000000000000e+03
8.383000000000000000e+03
8.385000000000000000e+03
8.391000000000000000e+03
8.416000000000000000e+03
8.417000000000000000e+03
8.427000000000000000e+03
8.432000000000000000e+03
8.433000000000000000e+03
8.437000000000000000e+03
8.438000000000000000e+03
8.439000000000000000e+03
8.443000000000000000e+03
8.447000000000000000e+03
8.448000000000000000e+03
8.449000000000000000e+03
8.470000000000000000e+03
8.474000000000000000e+03
8.476000000000000000e+03
8.482000000000000000e+03
8.487000000000000000e+03
8.488000000000000000e+03
8.492000000000000000e+03
8.493000000000000000e+03
8.505000000000000000e+03
8.509000000000000000e+03
8.510000000000000000e+03
8.513000000000000000e+03
8.524000000000000000e+03
8.527000000000000000e+03
8.532000000000000000e+03
8.534000000000000000e+03
8.536000000000000000e+03
8.537000000000000000e+03
8.541000000000000000e+03
8.545000000000000000e+03
8.549000000000000000e+03
8.551000000000000000e+03
8.554000000000000000e+03
8.560000000000000000e+03
8.567000000000000000e+03
8.571000000000000000e+03
8.574000000000000000e+03
8.575000000000000000e+03
8.577000000000000000e+03
8.582000000000000000e+03
8.593000000000000000e+03
8.596000000000000000e+03
8.599000000000000000e+03
8.601000000000000000e+03
8.602000000000000000e+03
8.603000000000000000e+03
8.606000000000000000e+03
8.612000000000000000e+03
8.613000000000000000e+03
8.615000000000000000e+03
8.619000000000000000e+03
8.625000000000000000e+03
8.626000000000000000e+03
8.627000000000000000e+03
8.628000000000000000e+03
8.629000000000000000e+03
8.630000000000000000e+03
8.637000000000000000e+03
8.639000000000000000e+03
8.645000000000000000e+03
8.649000000000000000e+03
8.657000000000000000e+03
8.671000000000000000e+03
8.674000000000000000e+03
8.675000000000000000e+03
8.677000000000000000e+03
8.678000000000000000e+03
8.682000000000000000e+03
8.687000000000000000e+03
8.688000000000000000e+03
8.691000000000000000e+03
8.692000000000000000e+03
8.695000000000000000e+03
8.697000000000000000e+03
8.698000000000000000e+03
8.702000000000000000e+03
8.705000000000000000e+03
8.707000000000000000e+03
8.711000000000000000e+03
8.713000000000000000e+03
8.717000000000000000e+03
8.726000000000000000e+03
8.727000000000000000e+03
8.733000000000000000e+03
8.734000000000000000e+03
8.737000000000000000e+03
8.739000000000000000e+03
8.745000000000000000e+03
8.747000000000000000e+03
8.748000000000000000e+03
8.755000000000000000e+03
8.760000000000000000e+03
8.761000000000000000e+03
8.765000000000000000e+03
8.767000000000000000e+03
8.773000000000000000e+03
8.778000000000000000e+03
8.790000000000000000e+03
8.791000000000000000e+03
8.793000000000000000e+03
8.796000000000000000e+03
8.798000000000000000e+03
8.800000000000000000e+03
8.806000000000000000e+03
8.811000000000000000e+03
8.812000000000000000e+03
8.815000000000000000e+03
8.819000000000000000e+03
8.827000000000000000e+03
8.829000000000000000e+03
8.832000000000000000e+03
8.837000000000000000e+03
8.839000000000000000e+03
8.859000000000000000e+03
8.866000000000000000e+03
8.873000000000000000e+03
8.875000000000000000e+03
8.877000000000000000e+03
8.879000000000000000e+03
8.880000000000000000e+03
8.885000000000000000e+03
8.889000000000000000e+03
8.890000000000000000e+03
8.892000000000000000e+03
8.899000000000000000e+03
8.900000000000000000e+03
8.909000000000000000e+03
8.910000000000000000e+03
8.915000000000000000e+03
8.917000000000000000e+03
8.919000000000000000e+03
8.928000000000000000e+03
8.930000000000000000e+03
8.940000000000000000e+03
8.943000000000000000e+03
8.945000000000000000e+03
8.947000000000000000e+03
8.954000000000000000e+03
8.958000000000000000e+03
8.959000000000000000e+03
8.960000000000000000e+03
8.970000000000000000e+03
8.977000000000000000e+03
8.979000000000000000e+03
8.983000000000000000e+03
8.984000000000000000e+03
8.987000000000000000e+03
8.990000000000000000e+03
8.996000000000000000e+03
8.997000000000000000e+03
9.000000000000000000e+03
9.013000000000000000e+03
9.019000000000000000e+03
9.020000000000000000e+03
9.021000000000000000e+03
9.024000000000000000e+03
9.027000000000000000e+03
9.030000000000000000e+03
9.031000000000000000e+03
9.036000000000000000e+03
9.048000000000000000e+03
9.052000000000000000e+03
9.056000000000000000e+03
9.057000000000000000e+03
9.059000000000000000e+03
9.060000000000000000e+03
9.063000000000000000e+03
9.064000000000000000e+03
9.068000000000000000e+03
9.072000000000000000e+03
9.077000000000000000e+03
9.079000000000000000e+03
9.080000000000000000e+03
9.090000000000000000e+03
9.095000000000000000e+03
9.097000000000000000e+03
9.100000000000000000e+03
9.102000000000000000e+03
9.105000000000000000e+03
9.113000000000000000e+03
9.121000000000000000e+03
9.125000000000000000e+03
9.127000000000000000e+03
9.130000000000000000e+03
9.136000000000000000e+03
9.138000000000000000e+03
9.143000000000000000e+03
9.146000000000000000e+03
9.148000000000000000e+03
9.150000000000000000e+03
9.160000000000000000e+03
9.173000000000000000e+03
9.175000000000000000e+03
9.181000000000000000e+03
9.185000000000000000e+03
9.187000000000000000e+03
9.188000000000000000e+03
9.207000000000000000e+03
9.214000000000000000e+03
9.217000000000000000e+03
9.218000000000000000e+03
9.220000000000000000e+03
9.224000000000000000e+03
9.226000000000000000e+03
9.233000000000000000e+03
9.243000000000000000e+03
9.244000000000000000e+03
9.251000000000000000e+03
9.256000000000000000e+03
9.258000000000000000e+03
9.259000000000000000e+03
9.264000000000000000e+03
9.265000000000000000e+03
9.274000000000000000e+03
9.281000000000000000e+03
9.304000000000000000e+03
9.306000000000000000e+03
9.311000000000000000e+03
9.312000000000000000e+03
9.313000000000000000e+03
9.315000000000000000e+03
9.321000000000000000e+03
9.333000000000000000e+03
9.344000000000000000e+03
9.354000000000000000e+03
9.359000000000000000e+03
9.368000000000000000e+03
9.373000000000000000e+03
9.376000000000000000e+03
9.382000000000000000e+03
9.387000000000000000e+03
9.394000000000000000e+03
9.400000000000000000e+03
9.415000000000000000e+03
9.418000000000000000e+03
9.422000000000000000e+03
9.427000000000000000e+03
9.428000000000000000e+03
9.439000000000000000e+03
9.445000000000000000e+03
9.450000000000000000e+03
9.461000000000000000e+03
9.467000000000000000e+03
9.470000000000000000e+03
9.471000000000000000e+03
9.474000000000000000e+03
9.480000000000000000e+03
9.481000000000000000e+03
9.493000000000000000e+03
9.495000000000000000e+03
9.501000000000000000e+03
9.502000000000000000e+03
9.506000000000000000e+03
9.508000000000000000e+03
9.512000000000000000e+03
9.525000000000000000e+03
9.530000000000000000e+03
9.531000000000000000e+03
9.532000000000000000e+03
9.533000000000000000e+03
9.534000000000000000e+03
9.541000000000000000e+03
9.547000000000000000e+03
9.549000000000000000e+03
9.554000000000000000e+03
9.564000000000000000e+03
9.574000000000000000e+03
9.575000000000000000e+03
9.579000000000000000e+03
9.582000000000000000e+03
9.585000000000000000e+03
9.587000000000000000e+03
9.596000000000000000e+03
9.598000000000000000e+03
9.603000000000000000e+03
9.610000000000000000e+03
9.611000000000000000e+03
9.617000000000000000e+03
9.620000000000000000e+03
9.621000000000000000e+03
9.622000000000000000e+03
9.627000000000000000e+03
9.640000000000000000e+03
9.643000000000000000e+03
9.652000000000000000e+03
9.655000000000000000e+03
9.656000000000000000e+03
9.661000000000000000e+03
9.665000000000000000e+03
9.669000000000000000e+03
9.670000000000000000e+03
9.676000000000000000e+03
9.678000000000000000e+03
9.683000000000000000e+03
9.686000000000000000e+03
9.703000000000000000e+03
9.706000000000000000e+03
9.711000000000000000e+03
9.716000000000000000e+03
9.723000000000000000e+03
9.726000000000000000e+03
9.733000000000000000e+03
9.757000000000000000e+03
9.759000000000000000e+03
9.760000000000000000e+03
9.761000000000000000e+03
9.769000000000000000e+03
9.785000000000000000e+03
9.788000000000000000e+03
9.789000000000000000e+03
9.792000000000000000e+03
9.794000000000000000e+03
9.795000000000000000e+03
9.802000000000000000e+03
9.808000000000000000e+03
9.813000000000000000e+03
9.815000000000000000e+03
9.817000000000000000e+03
9.825000000000000000e+03
9.826000000000000000e+03
9.830000000000000000e+03
9.836000000000000000e+03
9.843000000000000000e+03
9.844000000000000000e+03
9.848000000000000000e+03
9.851000000000000000e+03
9.854000000000000000e+03
9.856000000000000000e+03
9.858000000000000000e+03
9.870000000000000000e+03
9.872000000000000000e+03
9.884000000000000000e+03
9.888000000000000000e+03
9.893000000000000000e+03
9.894000000000000000e+03
9.899000000000000000e+03
9.901000000000000000e+03
9.915000000000000000e+03
9.917000000000000000e+03
9.922000000000000000e+03
9.926000000000000000e+03
9.927000000000000000e+03
9.929000000000000000e+03
9.936000000000000000e+03
9.938000000000000000e+03
9.942000000000000000e+03
9.945000000000000000e+03
9.949000000000000000e+03
9.950000000000000000e+03
9.964000000000000000e+03
9.966000000000000000e+03
9.967000000000000000e+03
9.971000000000000000e+03
9.987000000000000000e+03
9.992000000000000000e+03
9.998000000000000000e+03
