[1, 3, 4, 10, 11, 14, 16, 17, 19, 22, 23, 25, 27, 28, 29, 31, 32, 33, 35, 41, 46, 47, 48, 50, 52, 56, 57, 59, 60, 61, 62, 63, 69, 71, 73, 77, 78, 79, 83, 84, 86, 87, 89, ]
[0, 3, 7, 11, 12, 21, 24, 25, 27, 29, 31, 32, 33, 34, 35, 36, 37, 41, 45, 46, 49, 58, 59, 63, 64, 67, 68, 69, 71, 72, 79, 81, 83, 85, 86, 87, ]
[1, 3, 4, 8, 9, 11, 23, 25, 27, 29, 31, 33, 37, 38, 39, 41, 43, 47, 53, 55, 58, 59, 60, 65, 66, 69, 70, 73, 77, 78, 79, 81, 83, 85, 86, 87, ]
[3, 12, 13, 14, 21, 23, 28, 33, 34, 35, 36, 37, 38, 39, 43, 53, 54, 58, 62, 64, 65, 81, 85, ]
[1, 4, 5, 7, 9, 11, 13, 14, 15, 16, 19, 22, 24, 25, 27, 34, 39, 40, 50, 61, 62, 64, 66, 74, 75, 77, 79, 84, 89, ]
[0, 7, 14, 19, 25, 27, 29, 30, 32, 37, 38, 40, 46, 48, 53, 55, 57, 59, 60, 61, 63, 65, 68, 69, 74, 77, 82, 83, 88, 89, ]
[4, 6, 8, 12, 13, 15, 19, 23, 26, 29, 30, 32, 33, 36, 37, 38, 39, 43, 50, 53, 59, 63, 71, 72, 73, 75, 76, 77, 79, 82, 83, 84, 85, 86, 87, 88, 89, ]
[3, 4, 7, 9, 11, 15, 19, 20, 21, 23, 24, 26, 27, 29, 31, 32, 33, 39, 41, 44, 47, 52, 61, 74, 75, 79, 81, 82, 85, 87, ]
[0, 3, 6, 8, 11, 15, 17, 18, 21, 26, 27, 28, 29, 30, 31, 32, 34, 35, 38, 41, 43, 51, 53, 56, 57, 60, 62, 65, 69, 73, 74, 75, 77, 82, 83, 84, 85, 87, 89, ]
[2, 5, 6, 7, 8, 10, 13, 15, 17, 21, 23, 25, 26, 28, 29, 33, 35, 36, 37, 38, 39, 40, 41, 44, 48, 49, 50, 51, 52, 53, 54, 56, 58, 61, 64, 65, 69, 71, 79, 80, 81, 83, 84, 85, 86, 87, 88, 89, ]
[1, 2, 3, 4, 7, 12, 17, 19, 25, 27, 29, 31, 32, 33, 37, 41, 43, 47, 51, 54, 55, 57, 59, 60, 61, 63, 64, 65, 67, 73, 77, 79, 81, 83, 84, 86, 87, 89, ]
[0, 1, 4, 6, 7, 8, 13, 16, 18, 19, 22, 23, 25, 27, 29, 30, 32, 33, 40, 46, 48, 50, 51, 53, 55, 60, 62, 65, 68, 70, 74, 75, 77, 78, 80, 81, 82, 83, 84, 86, 87, 88, ]
[0, 1, 4, 7, 8, 9, 11, 13, 18, 19, 21, 25, 29, 30, 37, 40, 41, 43, 45, 50, 51, 53, 55, 57, 59, 64, 65, 67, 68, 71, 73, 75, 77, 83, 85, 87, 89, ]
[0, 1, 3, 4, 5, 8, 9, 13, 19, 20, 23, 24, 25, 26, 31, 41, 43, 47, 48, 49, 50, 51, 53, 57, 59, 60, 63, 64, 65, 66, 67, 69, 74, 75, 78, 80, 83, 85, 88, ]
[2, 5, 12, 13, 14, 15, 16, 24, 25, 26, 34, 37, 48, 49, 51, 55, 56, 57, 59, 60, 61, 63, 64, 65, 66, 69, 71, 72, 75, 77, 81, 89, ]