[6, 7, 8, 11, 14, 19, 21, 24, 25, 29, 31, 32, 35, 39, 46, 48, 50, 52, 53, 55, 59, 60, 61, 62, 65, 67, 70, 72, 73, 75, 79, 81, 83, 85, 86, 87, 89, ]
[1, 11, 12, 14, 17, 21, 24, 26, 27, 28, 29, 31, 34, 35, 41, 45, 46, 48, 49, 50, 52, 56, 59, 61, 63, 65, 66, 67, 69, 71, 72, 78, 79, 80, 81, 83, 85, 86, 87, ]
[1, 2, 3, 4, 5, 6, 9, 11, 16, 20, 23, 24, 25, 26, 27, 29, 31, 33, 35, 40, 47, 49, 52, 53, 54, 55, 57, 58, 65, 66, 70, 72, 73, 77, 79, 80, 81, 82, 83, 86, 87, 88, 89, ]
[0, 1, 7, 9, 12, 16, 17, 21, 22, 23, 24, 25, 27, 32, 33, 35, 37, 39, 43, 46, 50, 53, 54, 58, 62, 64, 66, 81, 83, 85, ]
[1, 3, 4, 7, 10, 11, 13, 15, 16, 17, 19, 22, 23, 24, 25, 30, 33, 38, 50, 52, 53, 60, 62, 71, 72, 75, 81, 87, 89, ]
[1, 2, 3, 4, 19, 25, 27, 29, 33, 34, 38, 40, 41, 42, 44, 46, 48, 49, 51, 52, 57, 59, 61, 63, 65, 67, 71, 72, 73, 78, 82, 84, 88, 89, ]
[0, 4, 7, 11, 12, 14, 18, 19, 21, 24, 26, 27, 28, 31, 33, 34, 36, 39, 41, 42, 43, 44, 47, 50, 53, 60, 61, 64, 66, 67, 71, 73, 76, 78, 79, 80, 81, 82, 83, 84, 86, 87, 88, 89, ]
[3, 6, 9, 11, 14, 15, 17, 19, 21, 22, 23, 24, 27, 28, 29, 30, 31, 32, 33, 39, 40, 44, 47, 52, 57, 66, 79, 82, 84, 85, 87, ]
[2, 6, 8, 9, 16, 17, 26, 27, 28, 29, 31, 32, 34, 37, 38, 40, 41, 42, 43, 46, 48, 53, 56, 61, 65, 67, 69, 72, 73, 75, 76, 80, 81, 84, 86, 87, ]
[3, 4, 5, 7, 8, 9, 13, 17, 21, 22, 23, 28, 29, 31, 32, 33, 37, 38, 41, 45, 46, 48, 50, 56, 66, 67, 69, 77, 79, 80, 81, 82, 84, 85, 86, 87, 89, ]
[0, 2, 4, 5, 8, 11, 13, 14, 15, 19, 27, 29, 31, 32, 37, 46, 47, 51, 55, 57, 61, 63, 64, 65, 67, 69, 73, 83, 85, 87, 88, 89, ]
[2, 4, 6, 8, 11, 13, 15, 18, 23, 25, 27, 28, 30, 31, 32, 34, 35, 38, 40, 43, 46, 48, 51, 52, 53, 56, 60, 62, 63, 65, 66, 68, 69, 74, 80, 82, 84, 86, 87, 88, ]
[3, 5, 6, 7, 8, 13, 17, 21, 23, 24, 28, 29, 30, 31, 37, 42, 45, 51, 53, 55, 60, 65, 67, 68, 69, 70, 71, 72, 73, 75, 77, 81, 83, 89, ]
[0, 2, 3, 4, 6, 7, 10, 14, 17, 20, 22, 23, 24, 25, 26, 27, 29, 41, 43, 45, 46, 47, 51, 52, 59, 60, 63, 65, 68, 75, 81, 83, ]
[8, 9, 10, 12, 13, 14, 15, 16, 24, 26, 27, 34, 43, 49, 50, 55, 56, 57, 59, 61, 64, 66, 69, 71, 75, 77, 81, ]