[12, 14, 17, 19, 21, 25, 28, 29, 31, 33, 34, 36, 40, 41, 45, 46, 48, 50, 52, 54, 55, 56, 59, 62, 65, 67, 71, 73, 74, 75, 77, 79, 81, 83, 85, 86, 87, ]
[5, 6, 7, 12, 13, 14, 18, 19, 20, 21, 25, 27, 28, 30, 34, 36, 37, 41, 43, 45, 46, 47, 48, 49, 50, 52, 57, 59, 61, 63, 64, 65, 67, 71, 73, 75, 78, 79, 80, 81, 82, 83, 85, 86, 87, 88, 89, ]
[1, 5, 7, 8, 12, 13, 14, 16, 21, 24, 25, 27, 28, 29, 31, 33, 34, 35, 37, 38, 42, 43, 45, 51, 53, 55, 58, 60, 68, 69, 72, 73, 77, 78, 79, 80, 82, 84, 87, ]
[1, 7, 10, 13, 14, 17, 22, 23, 25, 33, 34, 35, 36, 37, 39, 43, 46, 47, 52, 53, 56, 62, 67, 70, 85, 87, ]
[1, 3, 4, 7, 9, 10, 13, 15, 17, 18, 19, 21, 22, 23, 27, 29, 31, 36, 45, 48, 49, 50, 52, 62, 66, 72, 75, 82, 85, 89, ]
[1, 4, 9, 17, 19, 20, 25, 29, 30, 32, 38, 42, 44, 46, 48, 51, 53, 55, 59, 61, 65, 71, 72, 74, 78, 84, 88, ]
[4, 5, 6, 8, 10, 12, 13, 14, 16, 18, 21, 22, 23, 24, 25, 26, 29, 31, 34, 35, 36, 37, 41, 43, 46, 47, 48, 50, 51, 55, 57, 63, 64, 66, 69, 71, 73, 76, 77, 78, 79, 80, 81, 82, 83, 84, 85, 86, 87, ]
[3, 4, 6, 7, 11, 15, 16, 19, 20, 21, 23, 24, 25, 27, 28, 29, 30, 31, 35, 39, 40, 41, 44, 62, 68, 73, 75, 81, 85, 86, 87, 89, ]
[4, 7, 9, 13, 16, 23, 24, 25, 26, 27, 28, 29, 34, 35, 38, 40, 41, 43, 45, 46, 49, 50, 54, 55, 57, 59, 63, 65, 66, 67, 70, 71, 72, 75, 77, 83, 85, 87, ]
[3, 5, 6, 7, 8, 12, 13, 15, 17, 19, 21, 23, 24, 26, 29, 31, 32, 34, 35, 45, 46, 48, 50, 51, 52, 55, 56, 57, 58, 62, 64, 65, 73, 75, 79, 81, 84, 85, 86, 88, 89, ]
[4, 6, 7, 13, 16, 19, 21, 27, 31, 43, 45, 46, 47, 51, 55, 59, 60, 65, 67, 70, 73, 75, 81, 85, 88, 89, ]
[2, 6, 8, 11, 18, 21, 23, 24, 25, 29, 30, 31, 32, 38, 39, 42, 43, 44, 48, 49, 51, 52, 53, 55, 58, 59, 60, 62, 64, 66, 68, 70, 74, 77, 78, 82, 84, 85, 86, 88, ]
[2, 3, 6, 9, 11, 13, 15, 16, 19, 21, 23, 30, 32, 37, 41, 50, 51, 52, 53, 55, 59, 62, 63, 68, 69, 70, 71, 73, 75, 77, 83, 85, 89, ]
[1, 2, 3, 4, 5, 6, 8, 13, 20, 21, 23, 24, 25, 26, 27, 35, 43, 49, 51, 52, 55, 56, 63, 64, 67, 71, 86, ]
[0, 3, 4, 5, 8, 10, 12, 13, 14, 19, 21, 22, 23, 26, 32, 33, 36, 41, 48, 49, 51, 52, 53, 55, 57, 59, 61, 63, 64, 65, 67, 70, 71, 72, 79, 81, 85, 89, ]