[16, 21, 25, 27, 29, 30, 33, 36, 45, 46, 48, 52, 56, 57, 60, 62, 65, 67, 72, 73, 75, 77, 79, 82, 83, 86, 87, 89, ]
[0, 5, 9, 13, 15, 16, 19, 22, 25, 26, 27, 28, 31, 33, 34, 43, 44, 48, 49, 51, 52, 53, 63, 64, 65, 67, 69, 73, 74, 77, 78, 80, 82, 83, 84, 85, 86, 87, 89, ]
[1, 4, 9, 14, 23, 25, 26, 27, 29, 31, 32, 33, 37, 38, 42, 45, 51, 53, 55, 66, 67, 70, 71, 73, 75, 77, 79, 84, 86, 87, 89, ]
[10, 16, 17, 23, 26, 31, 33, 35, 37, 39, 44, 45, 54, 58, 59, 62, 72, 83, 85, ]
[1, 3, 6, 7, 9, 10, 11, 13, 14, 15, 16, 19, 22, 25, 31, 35, 45, 50, 53, 54, 56, 62, 66, 67, 71, 75, 82, 85, 87, 89, ]
[0, 7, 8, 14, 19, 27, 29, 32, 33, 34, 38, 42, 53, 55, 57, 59, 61, 65, 67, 68, 69, 74, 82, 88, 89, ]
[6, 7, 8, 12, 13, 16, 18, 19, 21, 23, 24, 25, 28, 29, 31, 32, 33, 42, 43, 44, 45, 55, 57, 63, 64, 67, 71, 73, 76, 78, 79, 80, 81, 82, 84, 86, 87, 89, ]
[0, 3, 5, 9, 11, 17, 19, 21, 22, 23, 24, 25, 27, 28, 29, 31, 32, 41, 47, 52, 53, 82, 84, 87, 88, 89, ]
[8, 9, 13, 14, 15, 16, 17, 21, 23, 26, 27, 28, 29, 31, 32, 35, 36, 38, 40, 43, 45, 51, 54, 55, 58, 59, 62, 65, 67, 69, 75, 76, 77, 79, 82, 83, 85, 86, 87, ]
[3, 4, 5, 6, 8, 15, 19, 26, 32, 33, 35, 37, 39, 40, 43, 44, 47, 48, 50, 52, 53, 54, 60, 62, 64, 65, 69, 75, 81, 84, 85, 86, 87, 88, 89, ]
[0, 1, 2, 3, 4, 5, 10, 11, 14, 19, 25, 27, 29, 32, 33, 37, 42, 45, 51, 53, 57, 58, 59, 60, 61, 63, 65, 69, 71, 73, 79, 86, 88, 89, ]
[0, 1, 2, 3, 4, 5, 6, 8, 11, 14, 17, 23, 25, 27, 30, 32, 33, 35, 37, 38, 44, 45, 47, 49, 50, 51, 53, 54, 55, 57, 60, 61, 63, 69, 72, 73, 74, 77, 78, 79, 80, 82, 84, 86, 88, 89, ]
[0, 1, 2, 5, 9, 13, 17, 21, 23, 24, 28, 33, 37, 38, 39, 41, 49, 50, 51, 55, 58, 63, 65, 67, 68, 71, 76, 77, 79, 81, 83, 87, 89, ]
[0, 1, 2, 3, 5, 6, 9, 10, 12, 13, 15, 17, 18, 23, 24, 25, 26, 27, 41, 43, 45, 49, 50, 55, 59, 61, 62, 63, 65, 66, 73, 76, 77, 83, ]
[0, 1, 4, 6, 8, 11, 14, 17, 21, 22, 25, 29, 37, 39, 43, 47, 49, 55, 56, 59, 61, 63, 65, 67, 70, 71, 75, 86, ]