1.670000000000000000e+03
7.338000000000000000e+03
5.200000000000000000e+02
3.000000000000000000e+00
1.219000000000000000e+03
7.311000000000000000e+03
8.130000000000000000e+02
2.000000000000000000e+02
8.720000000000000000e+03
6.396000000000000000e+03
4.839000000000000000e+03
3.556000000000000000e+03
4.954000000000000000e+03
8.885000000000000000e+03
3.208000000000000000e+03
8.058000000000000000e+03
7.042000000000000000e+03
3.645000000000000000e+03
5.416000000000000000e+03
3.035000000000000000e+03
7.955000000000000000e+03
6.643000000000000000e+03
3.860000000000000000e+03
5.192000000000000000e+03
6.447000000000000000e+03
7.870000000000000000e+03
1.015000000000000000e+03
5.817000000000000000e+03
1.924000000000000000e+03
4.553000000000000000e+03
6.098000000000000000e+03
2.556000000000000000e+03
2.142000000000000000e+03
6.394000000000000000e+03
4.440000000000000000e+03
2.154000000000000000e+03
8.449000000000000000e+03
8.395000000000000000e+03
0.000000000000000000e+00
5.231000000000000000e+03
5.472000000000000000e+03
1.039000000000000000e+03
9.214000000000000000e+03
4.112000000000000000e+03
8.017000000000000000e+03
7.377000000000000000e+03
7.949000000000000000e+03
6.602000000000000000e+03
7.194000000000000000e+03
3.381000000000000000e+03
