1.670000000000000000e+03
4.200000000000000000e+01
1.820000000000000000e+02
2.200000000000000000e+02
7.005000000000000000e+03
3.450000000000000000e+02
1.148000000000000000e+03
6.390000000000000000e+02
1.624000000000000000e+03
3.137000000000000000e+03
7.520000000000000000e+02
7.246000000000000000e+03
4.350000000000000000e+03
7.684000000000000000e+03
3.592000000000000000e+03
3.756000000000000000e+03
4.186000000000000000e+03
2.800000000000000000e+02
2.760000000000000000e+03
5.903000000000000000e+03
4.462000000000000000e+03
4.400000000000000000e+01
8.300000000000000000e+02
3.790000000000000000e+02
9.224000000000000000e+03
4.917000000000000000e+03
5.638000000000000000e+03
6.901000000000000000e+03
5.924000000000000000e+03
3.474000000000000000e+03
5.970000000000000000e+03
6.008000000000000000e+03
3.187000000000000000e+03
4.069000000000000000e+03
4.936000000000000000e+03
3.686000000000000000e+03
2.333000000000000000e+03
6.687000000000000000e+03
6.384000000000000000e+03
4.350000000000000000e+02
1.021000000000000000e+03
1.471000000000000000e+03
6.265000000000000000e+03
8.516000000000000000e+03
7.240000000000000000e+03
9.355000000000000000e+03
4.298000000000000000e+03
1.312000000000000000e+03
7.259000000000000000e+03
2.555000000000000000e+03
