7.768000000000000000e+03
2.046000000000000000e+03
8.031000000000000000e+03
4.580000000000000000e+02
3.740000000000000000e+02
1.061200000000000000e+04
3.742000000000000000e+03
9.076000000000000000e+03
8.082000000000000000e+03
5.093000000000000000e+03
1.602000000000000000e+03
2.506000000000000000e+03
4.374000000000000000e+03
1.016800000000000000e+04
3.315000000000000000e+03
6.892000000000000000e+03
3.834000000000000000e+03
1.114300000000000000e+04
5.261000000000000000e+03
8.010000000000000000e+03
6.649000000000000000e+03
5.082000000000000000e+03
1.945000000000000000e+03
7.393000000000000000e+03
9.743000000000000000e+03
4.103000000000000000e+03
9.613000000000000000e+03
5.762000000000000000e+03
6.163000000000000000e+03
6.022000000000000000e+03
7.518000000000000000e+03
7.820000000000000000e+03
8.465000000000000000e+03
3.406000000000000000e+03
2.413000000000000000e+03
8.486000000000000000e+03
1.088700000000000000e+04
6.756000000000000000e+03
1.030500000000000000e+04
3.373000000000000000e+03
1.128000000000000000e+03
2.631000000000000000e+03
9.193000000000000000e+03
7.060000000000000000e+02
6.465000000000000000e+03
5.104000000000000000e+03
6.078000000000000000e+03
1.064100000000000000e+04
6.830000000000000000e+02
3.721000000000000000e+03
