1.870000000000000000e+03
3.660000000000000000e+02
4.394000000000000000e+03
7.990000000000000000e+02
2.050000000000000000e+02
1.944000000000000000e+03
1.434000000000000000e+03
2.951000000000000000e+03
2.221000000000000000e+03
5.550000000000000000e+02
1.211000000000000000e+03
4.160000000000000000e+02
1.592000000000000000e+03
2.117000000000000000e+03
2.451000000000000000e+03
4.267000000000000000e+03
1.413000000000000000e+03
4.370000000000000000e+02
8.490000000000000000e+02
1.280000000000000000e+02
2.730000000000000000e+02
2.975000000000000000e+03
1.200000000000000000e+02
3.430000000000000000e+02
3.980000000000000000e+02
1.426000000000000000e+03
3.012000000000000000e+03
3.700000000000000000e+01
1.018000000000000000e+03
3.410000000000000000e+02
6.620000000000000000e+02
6.640000000000000000e+02
2.910000000000000000e+02
1.589000000000000000e+03
3.547000000000000000e+03
3.949000000000000000e+03
6.020000000000000000e+02
2.592000000000000000e+03
3.670000000000000000e+02
3.536000000000000000e+03
1.680000000000000000e+03
5.540000000000000000e+02
9.700000000000000000e+02
4.240000000000000000e+03
5.800000000000000000e+02
1.573000000000000000e+03
9.750000000000000000e+02
3.579000000000000000e+03
3.303000000000000000e+03
2.766000000000000000e+03
