2.046000000000000000e+03
6.230000000000000000e+03
3.113000000000000000e+03
1.945000000000000000e+03
5.364000000000000000e+03
1.009100000000000000e+04
7.943000000000000000e+03
8.716000000000000000e+03
5.286000000000000000e+03
8.319000000000000000e+03
5.278000000000000000e+03
7.950000000000000000e+03
7.335000000000000000e+03
6.496000000000000000e+03
4.572000000000000000e+03
2.775000000000000000e+03
9.065000000000000000e+03
7.420000000000000000e+03
2.880000000000000000e+02
4.188000000000000000e+03
2.309000000000000000e+03
2.493000000000000000e+03
7.212000000000000000e+03
7.037000000000000000e+03
5.967000000000000000e+03
9.369000000000000000e+03
1.065900000000000000e+04
9.720000000000000000e+02
1.486000000000000000e+03
2.844000000000000000e+03
8.950000000000000000e+03
1.105200000000000000e+04
1.052800000000000000e+04
3.697000000000000000e+03
1.073200000000000000e+04
5.699000000000000000e+03
1.066100000000000000e+04
1.642000000000000000e+03
2.630000000000000000e+02
5.433000000000000000e+03
8.550000000000000000e+02
3.330000000000000000e+02
3.981000000000000000e+03
6.590000000000000000e+02
8.367000000000000000e+03
3.291000000000000000e+03
7.580000000000000000e+02
1.597000000000000000e+03
8.619000000000000000e+03
1.520000000000000000e+02
