7.768000000000000000e+03
1.112500000000000000e+04
7.335000000000000000e+03
3.610000000000000000e+02
5.887000000000000000e+03
4.920000000000000000e+02
7.127000000000000000e+03
9.250000000000000000e+03
3.113000000000000000e+03
9.214000000000000000e+03
2.775000000000000000e+03
4.495000000000000000e+03
6.089000000000000000e+03
4.937000000000000000e+03
7.420000000000000000e+03
5.212000000000000000e+03
2.098000000000000000e+03
1.019500000000000000e+04
6.430000000000000000e+03
6.755000000000000000e+03
9.720000000000000000e+02
4.731000000000000000e+03
5.673000000000000000e+03
3.970000000000000000e+03
2.547000000000000000e+03
4.249000000000000000e+03
1.345000000000000000e+03
7.950000000000000000e+03
5.967000000000000000e+03
8.963000000000000000e+03
4.685000000000000000e+03
4.706000000000000000e+03
6.590000000000000000e+02
2.630000000000000000e+02
6.249000000000000000e+03
4.494000000000000000e+03
8.367000000000000000e+03
7.580000000000000000e+02
9.067000000000000000e+03
2.211000000000000000e+03
6.926000000000000000e+03
1.065900000000000000e+04
5.135000000000000000e+03
1.148000000000000000e+03
7.212000000000000000e+03
1.000800000000000000e+04
9.582000000000000000e+03
6.217000000000000000e+03
3.246000000000000000e+03
7.914000000000000000e+03
