7.768000000000000000e+03
3.354000000000000000e+03
7.335000000000000000e+03
3.610000000000000000e+02
7.892000000000000000e+03
9.412000000000000000e+03
2.199000000000000000e+03
5.278000000000000000e+03
3.113000000000000000e+03
9.188000000000000000e+03
8.963000000000000000e+03
1.107000000000000000e+04
9.369000000000000000e+03
3.416000000000000000e+03
8.592000000000000000e+03
1.818000000000000000e+03
7.943000000000000000e+03
6.217000000000000000e+03
7.212000000000000000e+03
1.345000000000000000e+03
1.074800000000000000e+04
1.052800000000000000e+04
2.161000000000000000e+03
8.950000000000000000e+03
3.697000000000000000e+03
6.430000000000000000e+03
7.940000000000000000e+02
1.545000000000000000e+03
6.089000000000000000e+03
4.937000000000000000e+03
6.755000000000000000e+03
6.009000000000000000e+03
8.814000000000000000e+03
1.120800000000000000e+04
4.494000000000000000e+03
8.256000000000000000e+03
1.466000000000000000e+03
6.590000000000000000e+02
1.013400000000000000e+04
5.374000000000000000e+03
1.115800000000000000e+04
1.642000000000000000e+03
4.706000000000000000e+03
9.016000000000000000e+03
7.580000000000000000e+02
1.181000000000000000e+03
1.119000000000000000e+03
7.950000000000000000e+03
2.157000000000000000e+03
1.277000000000000000e+03
