1.870000000000000000e+03
4.262000000000000000e+03
3.884000000000000000e+03
3.386000000000000000e+03
3.817000000000000000e+03
3.912000000000000000e+03
3.158000000000000000e+03
4.156000000000000000e+03
1.194000000000000000e+03
3.697000000000000000e+03
7.380000000000000000e+02
2.172000000000000000e+03
3.033000000000000000e+03
2.171000000000000000e+03
3.902000000000000000e+03
4.200000000000000000e+01
3.786000000000000000e+03
2.870000000000000000e+03
1.075000000000000000e+03
4.314000000000000000e+03
4.129000000000000000e+03
2.554000000000000000e+03
1.210000000000000000e+02
2.847000000000000000e+03
4.204000000000000000e+03
1.485000000000000000e+03
1.929000000000000000e+03
3.696000000000000000e+03
1.950000000000000000e+03
9.680000000000000000e+02
9.750000000000000000e+02
1.014000000000000000e+03
7.550000000000000000e+02
3.729000000000000000e+03
1.813000000000000000e+03
2.584000000000000000e+03
2.472000000000000000e+03
3.775000000000000000e+03
1.544000000000000000e+03
3.307000000000000000e+03
3.454000000000000000e+03
3.466000000000000000e+03
2.618000000000000000e+03
2.801000000000000000e+03
1.604000000000000000e+03
1.464000000000000000e+03
1.077000000000000000e+03
2.403000000000000000e+03
3.663000000000000000e+03
3.359000000000000000e+03
