6.966000000000000000e+03
9.600000000000000000e+01
6.501000000000000000e+03
9.620000000000000000e+03
9.872000000000000000e+03
8.950000000000000000e+02
7.190000000000000000e+03
9.281000000000000000e+03
3.135000000000000000e+03
7.452000000000000000e+03
8.966000000000000000e+03
1.152000000000000000e+03
3.150000000000000000e+02
4.717000000000000000e+03
6.967000000000000000e+03
9.506000000000000000e+03
6.670000000000000000e+02
8.532000000000000000e+03
9.167000000000000000e+03
8.234000000000000000e+03
7.729000000000000000e+03
6.965000000000000000e+03
7.650000000000000000e+02
9.395000000000000000e+03
1.157000000000000000e+03
2.034000000000000000e+03
6.710000000000000000e+02
6.347000000000000000e+03
7.673000000000000000e+03
9.619000000000000000e+03
6.240000000000000000e+02
8.758000000000000000e+03
1.158000000000000000e+03
4.157000000000000000e+03
7.670000000000000000e+02
2.536000000000000000e+03
1.396000000000000000e+03
9.390000000000000000e+03
7.077000000000000000e+03
8.458000000000000000e+03
7.281000000000000000e+03
4.198000000000000000e+03
8.290000000000000000e+02
9.169000000000000000e+03
8.711000000000000000e+03
7.078000000000000000e+03
3.160000000000000000e+02
1.151000000000000000e+03
1.692000000000000000e+03
8.009000000000000000e+03
