2.585000000000000000e+03
4.532000000000000000e+03
3.246000000000000000e+03
2.710000000000000000e+03
2.133000000000000000e+03
3.648000000000000000e+03
1.815000000000000000e+03
5.556000000000000000e+03
6.880000000000000000e+02
3.358000000000000000e+03
2.679000000000000000e+03
5.703000000000000000e+03
3.044000000000000000e+03
3.845000000000000000e+03
1.867000000000000000e+03
3.903000000000000000e+03
2.188000000000000000e+03
4.860000000000000000e+03
2.372000000000000000e+03
2.587000000000000000e+03
2.690000000000000000e+03
4.203000000000000000e+03
9.100000000000000000e+02
4.842000000000000000e+03
1.774000000000000000e+03
3.668000000000000000e+03
1.620000000000000000e+03
4.155000000000000000e+03
5.840000000000000000e+02
1.948000000000000000e+03
4.520000000000000000e+02
2.084000000000000000e+03
5.666000000000000000e+03
3.786000000000000000e+03
1.050000000000000000e+02
2.461000000000000000e+03
3.070000000000000000e+02
2.400000000000000000e+03
4.085000000000000000e+03
1.293000000000000000e+03
3.031000000000000000e+03
1.857000000000000000e+03
4.300000000000000000e+01
4.522000000000000000e+03
5.679000000000000000e+03
1.921000000000000000e+03
3.762000000000000000e+03
2.087000000000000000e+03
2.884000000000000000e+03
3.919000000000000000e+03
