[2, 8, 24, 36, 39, 52, 71, 83, 84, 99, 106, 135, 149, 152, 174, 181, 183, 184, 186, 189, 203, 214, 215, 228, 237, 244, 245, 256, 297, 299, 300, 309, 335, 360, 361, 375, 394, 395, 404, 414, 417, 421, 429, 431, 432, 433, 436, 437, 452, 453, 515, 522, 553, 554, 581, 595, 604, 608, ]
[1, 23, 48, 55, 81, 101, 107, 111, 154, 173, 183, 185, 188, 215, 245, 254, 293, 299, 304, 314, 327, 331, 335, 343, 360, 362, 364, 366, 384, 393, 395, 396, 422, 424, 425, 426, 427, 429, 432, 452, 453, 454, 455, 456, 457, 458, 470, 471, 477, 479, 486, 487, 489, 512, 519, 520, 544, 545, 554, 555, 564, 565, 583, 598, ]
[21, 131, 139, 185, 285, 330, 332, 367, 377, 387, 389, 425, 448, 481, 495, 513, 525, 531, 539, 545, 555, 560, 576, 581, 583, ]
[7, 49, 168, 217, 244, 305, 331, 337, 352, 360, 363, 367, 393, 394, 396, 427, 428, 430, 435, 446, 461, 462, 470, 471, 479, 501, 523, 533, 559, 565, 572, 579, 602, 615, ]
[5, 15, 108, 112, 124, 143, 150, 165, 171, 215, 217, 228, 239, 240, 241, 253, 260, 268, 269, 271, 273, 274, 285, 303, 315, 316, 319, 328, 337, 359, 360, 393, 395, 415, 424, 425, 432, 434, 447, 462, 463, 466, 467, 468, 469, 471, 479, 480, 512, 526, 561, 578, 581, 583, 603, 608, ]
[6, 16, 57, 77, 110, 131, 140, 142, 166, 169, 172, 173, 187, 199, 202, 206, 242, 336, 341, 372, 378, 406, 408, 411, 412, 414, 415, 423, 426, 441, 445, 447, 473, 495, 520, 590, 602, 604, 607, 608, 610, 612, 614, ]
[38, 81, 166, 177, 185, 239, 248, 263, 286, 332, 333, 361, 362, 363, 394, 395, 413, 420, 424, 425, 426, 433, 436, 447, 473, 474, 494, 495, 496, 512, 513, 522, 524, 527, 536, 559, 560, 562, 566, 568, 582, 605, ]
[73, 108, 118, 168, 172, 192, 210, 250, 277, 301, 344, 382, 383, 384, 385, 394, 410, 417, 418, 423, 439, 440, 443, 445, 449, 451, 452, 471, 473, 477, 490, 522, 581, 582, 584, 589, 600, 601, 602, 604, 606, 609, ]
[8, 9, 10, 22, 36, 41, 43, 47, 62, 68, 75, 76, 82, 99, 108, 121, 178, 179, 180, 213, 214, 215, 233, 234, 259, 264, 265, 266, 308, 334, 339, 346, 355, 416, 429, 432, 434, 437, 485, 500, 581, 596, ]
[3, 19, 49, 66, 79, 101, 114, 132, 135, 146, 147, 180, 183, 192, 210, 213, 214, 237, 259, 292, 306, 331, 335, 340, 362, 375, 395, 399, 416, 426, 427, 434, 436, 457, 461, 480, 481, 488, 494, 495, 500, 501, 512, 513, 516, 517, 526, 527, 531, 537, 553, 559, 561, 576, 583, ]
[21, 49, 50, 72, 82, 83, 115, 116, 138, 147, 148, 171, 182, 199, 205, 214, 215, 225, 253, 308, 334, 364, 393, 394, 395, 396, 416, 424, 425, 426, 429, 447, 458, 460, 461, 474, 475, 488, 495, 498, 500, 502, 524, 525, 545, 554, 555, 577, 581, 583, 596, 609, ]
[15, 45, 46, 56, 72, 102, 104, 114, 130, 133, 134, 144, 149, 165, 166, 167, 172, 177, 196, 210, 211, 214, 215, 217, 239, 248, 258, 330, 336, 365, 407, 408, 416, 423, 429, 431, 433, 498, 545, 552, 553, 582, 589, 590, 594, 606, ]
[22, 37, 48, 71, 78, 128, 161, 162, 164, 166, 171, 212, 214, 236, 275, 297, 298, 299, 310, 328, 333, 370, 371, 372, 394, 415, 431, 435, 436, 471, 522, 524, 561, 588, 591, 592, 605, 607, ]
[22, 51, 69, 79, 80, 82, 159, 160, 161, 162, 165, 175, 181, 189, 190, 208, 213, 248, 281, 295, 302, 303, 309, 333, 346, 361, 367, 371, 372, 373, 394, 417, 423, 426, 431, 432, 435, 436, 473, 479, 522, 556, 591, 592, 593, ]
[2, 9, 41, 47, 68, 99, 100, 131, 134, 163, 164, 166, 175, 180, 198, 217, 227, 232, 233, 234, 261, 265, 302, 305, 307, 311, 336, 360, 372, 375, 398, 407, 408, 409, 411, 414, 422, 431, 433, 461, 475, 477, 496, 517, 549, 556, 588, 590, ]
[9, 79, 81, 107, 133, 151, 153, 154, 165, 166, 189, 214, 237, 241, 257, 272, 279, 281, 295, 302, 304, 327, 328, 330, 343, 394, 426, 427, 429, 446, 448, 460, 471, 480, 488, 489, 490, 491, 492, 493, 508, 510, 513, 524, 530, 538, 542, 550, 560, 561, 563, 567, 577, 581, 601, ]
[51, 70, 80, 89, 98, 99, 128, 131, 150, 163, 182, 184, 185, 197, 200, 202, 214, 215, 217, 219, 262, 264, 313, 324, 332, 339, 361, 392, 393, 394, 407, 408, 409, 411, 423, 434, 447, 471, 477, 481, 488, 495, 499, 511, 513, 519, 520, 526, 527, 529, 531, 532, 536, 537, 539, 558, 560, 577, 581, 582, 583, 590, 591, ]
[2, 7, 8, 36, 49, 78, 87, 95, 98, 138, 171, 172, 173, 183, 205, 215, 232, 264, 308, 334, 337, 363, 375, 418, 422, 425, 433, 435, 437, 471, 555, 561, 564, 581, 592, 606, ]
[27, 79, 119, 130, 166, 172, 207, 211, 259, 333, 340, 377, 408, 410, 412, 413, 414, 415, 434, 442, 447, 496, 597, 601, 605, ]
[59, 60, 81, 133, 216, 225, 272, 330, 331, 345, 354, 361, 394, 424, 425, 426, 428, 432, 469, 471, 474, 480, 486, 487, 488, 492, 493, 494, 495, 496, 502, 505, 513, 527, 533, 534, 561, 565, 569, 576, 581, 605, 612, ]
[7, 8, 12, 15, 72, 83, 99, 107, 130, 162, 167, 182, 183, 195, 199, 200, 214, 216, 217, 218, 228, 249, 262, 286, 326, 331, 332, 333, 336, 358, 371, 375, 391, 407, 408, 409, 410, 428, 437, 452, 458, 461, 471, 477, 479, 480, 512, 546, 555, 576, 577, 589, 595, ]
[7, 37, 51, 77, 99, 154, 165, 169, 173, 185, 186, 190, 198, 202, 209, 233, 250, 281, 294, 360, 361, 362, 388, 418, 425, 426, 435, 455, 459, 461, 471, 474, 476, 479, 480, 481, 519, 532, 551, 552, 554, 567, 571, 576, 581, 590, 601, ]
[3, 10, 35, 50, 53, 66, 67, 133, 172, 202, 203, 214, 218, 227, 258, 259, 291, 323, 324, 325, 326, 333, 356, 367, 393, 394, 408, 411, 414, 431, 432, 433, 434, 435, 499, 500, 501, 522, 545, 582, 584, 585, 586, 590, 594, 608, ]
[48, 113, 162, 165, 170, 207, 208, 209, 213, 217, 234, 248, 303, 336, 349, 361, 376, 407, 410, 418, 439, 440, 441, 447, 448, 461, 473, 479, 497, 520, 582, 584, 585, 598, 600, 602, ]
[3, 19, 20, 21, 23, 31, 38, 72, 103, 112, 134, 140, 162, 178, 212, 213, 215, 227, 240, 245, 249, 255, 258, 259, 277, 282, 336, 363, 364, 369, 395, 396, 397, 416, 427, 428, 432, 461, 474, 475, 477, 479, 498, 512, 544, 545, 562, 576, 582, 596, ]
[17, 156, 224, 306, 322, 333, 341, 346, 392, 416, 422, 427, 428, 433, 471, 479, 485, 489, 495, 496, 516, 523, 526, 529, 531, 541, 547, 549, 556, 559, 560, 570, 571, 573, 577, 578, 580, 602, ]