[12, 19, 27, 29, 50, 52, 53, 65, 70, 73, 83, 86, ]
[7, 12, 20, 27, 29, 31, 34, 45, 48, 51, 52, 63, 67, 78, 81, 82, 83, 85, 87, ]
[5, 7, 9, 10, 25, 27, 29, 31, 33, 38, 49, 51, 53, 57, 66, 77, 79, 88, 89, ]
[16, 23, 33, 35, 49, 50, 87, ]
[0, 9, 13, 19, 25, 47, 50, 72, 89, ]
[27, 38, 46, 55, 59, 61, 86, ]
[12, 14, 16, 19, 26, 29, 31, 36, 37, 43, 47, 53, 63, 69, 71, 76, 79, 81, 84, 86, 87, 88, 89, ]
[0, 3, 15, 19, 21, 23, 24, 25, 27, 29, 30, 31, 39, 40, 78, 83, 87, 88, ]
[12, 25, 26, 27, 28, 43, 51, 56, 65, 75, 80, 85, 87, ]
[5, 8, 13, 24, 35, 37, 46, 50, 67, 85, 86, 89, ]
[2, 9, 15, 27, 31, 38, 43, 47, 61, 65, 67, 83, 88, 89, ]
[0, 6, 8, 9, 21, 27, 29, 30, 32, 46, 49, 51, 53, 60, 62, 77, 80, 84, 86, 88, ]
[2, 3, 13, 23, 36, 37, 43, 49, 67, 68, 71, 73, 74, 85, 89, ]
[0, 1, 2, 4, 7, 13, 23, 24, 25, 26, 27, 41, 47, 48, 49, 55, 58, 63, 64, 65, 69, 82, 83, 88, ]
[7, 8, 11, 12, 14, 22, 25, 34, 39, 49, 50, 51, 55, 59, 61, 64, 65, 71, 72, 75, 89, ]