[24, 36, 39, 52, 71, 83, 84, 99, 106, 115, 135, 149, 152, 154, 174, 181, 183, 184, 186, 203, 204, 214, 215, 226, 228, 232, 237, 244, 245, 256, 297, 299, 300, 309, 335, 336, 359, 360, 361, 375, 383, 395, 417, 421, 429, 431, 432, 433, 436, 437, 452, 453, 454, 515, 522, 551, 553, 554, 581, 598, 608, ]
[1, 19, 23, 81, 107, 111, 134, 154, 183, 185, 198, 217, 254, 259, 293, 299, 304, 314, 317, 327, 331, 334, 343, 360, 362, 364, 393, 395, 396, 422, 424, 425, 427, 429, 432, 445, 452, 453, 454, 455, 456, 457, 458, 470, 471, 479, 486, 488, 489, 512, 519, 544, 545, 554, 555, 564, 565, ]
[21, 131, 139, 185, 330, 367, 377, 387, 389, 425, 448, 481, 495, 513, 525, 531, 539, 545, 555, 559, 576, 581, 583, ]
[49, 168, 217, 244, 305, 331, 335, 360, 367, 379, 393, 394, 396, 428, 435, 458, 461, 462, 470, 471, 474, 479, 500, 501, 523, 533, 559, 572, 579, 602, ]
[5, 15, 50, 71, 108, 112, 124, 165, 171, 189, 215, 217, 228, 239, 240, 241, 253, 260, 267, 268, 271, 273, 285, 287, 303, 315, 316, 328, 333, 337, 359, 360, 393, 395, 396, 415, 424, 425, 432, 434, 437, 447, 462, 463, 466, 467, 468, 469, 471, 492, 512, 561, 578, 581, 583, 603, 608, ]
[77, 110, 131, 140, 142, 166, 168, 170, 172, 173, 187, 199, 206, 240, 242, 341, 372, 378, 406, 408, 411, 412, 414, 415, 423, 441, 445, 447, 452, 473, 498, 520, 559, 589, 602, 604, 607, 608, 609, 610, 612, 614, ]
[5, 38, 81, 166, 174, 183, 239, 248, 286, 332, 333, 357, 362, 363, 394, 395, 425, 426, 433, 435, 443, 447, 473, 474, 494, 495, 496, 512, 513, 522, 524, 527, 536, 559, 560, 562, 566, 568, 582, 583, 606, ]
[73, 108, 118, 168, 175, 192, 201, 210, 224, 238, 251, 277, 301, 344, 382, 383, 384, 385, 394, 417, 418, 423, 439, 440, 445, 449, 450, 451, 471, 473, 490, 522, 581, 582, 584, 588, 600, 601, 603, 604, 606, 609, ]
[3, 8, 9, 10, 22, 36, 41, 43, 47, 62, 66, 68, 75, 76, 108, 121, 178, 179, 180, 205, 213, 214, 215, 233, 234, 265, 266, 333, 337, 355, 416, 429, 432, 434, 437, 485, 500, 581, 582, 596, ]
[3, 19, 39, 49, 66, 79, 101, 114, 132, 146, 147, 180, 192, 200, 213, 214, 217, 237, 259, 282, 292, 306, 331, 335, 339, 362, 375, 394, 395, 416, 426, 427, 434, 436, 457, 461, 480, 481, 488, 494, 495, 500, 501, 512, 513, 517, 526, 527, 531, 537, 553, 559, 561, 576, 583, 601, 606, ]
[20, 49, 50, 72, 82, 83, 115, 116, 138, 147, 148, 151, 171, 182, 199, 205, 214, 215, 253, 308, 341, 362, 364, 393, 394, 395, 396, 416, 423, 424, 425, 426, 429, 447, 458, 460, 461, 474, 475, 488, 495, 498, 500, 502, 524, 525, 539, 554, 555, 577, 581, 583, 596, 609, ]
[15, 45, 46, 56, 72, 102, 104, 114, 130, 133, 134, 135, 142, 144, 165, 166, 167, 177, 181, 196, 210, 211, 214, 215, 217, 239, 258, 305, 336, 366, 374, 407, 408, 416, 423, 428, 429, 433, 545, 552, 553, 562, 582, 589, 590, 594, 606, ]
[18, 24, 37, 71, 78, 128, 145, 161, 162, 164, 166, 214, 236, 294, 296, 298, 299, 310, 328, 333, 370, 371, 372, 394, 415, 431, 435, 436, 471, 522, 524, 561, 588, 591, 592, 607, ]
[51, 69, 80, 82, 157, 160, 161, 162, 165, 175, 189, 190, 207, 208, 213, 243, 248, 258, 281, 295, 302, 303, 309, 333, 346, 361, 367, 371, 372, 373, 394, 417, 423, 426, 431, 434, 435, 436, 473, 479, 522, 556, 592, 593, ]
[9, 25, 41, 47, 68, 99, 100, 131, 132, 135, 163, 166, 171, 177, 180, 198, 217, 227, 232, 233, 234, 258, 261, 265, 302, 307, 311, 319, 335, 360, 372, 375, 398, 407, 408, 409, 411, 427, 431, 433, 461, 475, 477, 496, 517, 549, 588, 590, ]
[13, 69, 81, 107, 112, 133, 153, 154, 165, 166, 185, 189, 214, 241, 253, 257, 272, 279, 281, 295, 302, 304, 327, 328, 330, 394, 395, 397, 426, 427, 429, 446, 448, 460, 470, 471, 480, 481, 488, 489, 490, 491, 492, 493, 510, 529, 530, 532, 538, 540, 542, 546, 550, 561, 577, 581, 601, ]
[51, 72, 78, 89, 98, 99, 150, 163, 170, 182, 184, 185, 200, 202, 214, 215, 217, 219, 235, 261, 264, 282, 332, 339, 361, 392, 393, 394, 406, 407, 408, 409, 411, 423, 434, 447, 477, 481, 488, 495, 499, 511, 513, 520, 526, 527, 531, 532, 537, 539, 558, 560, 577, 581, 582, 583, 590, 604, ]
[2, 7, 8, 36, 49, 78, 87, 95, 98, 138, 171, 172, 173, 183, 205, 215, 232, 264, 309, 336, 363, 375, 418, 422, 425, 432, 435, 437, 471, 555, 561, 564, 581, 592, 607, ]
[79, 119, 130, 166, 172, 179, 259, 333, 340, 377, 408, 410, 412, 413, 414, 415, 434, 447, 558, 597, 601, 605, ]
[59, 60, 81, 102, 197, 216, 225, 272, 330, 331, 334, 345, 354, 361, 394, 399, 424, 425, 426, 428, 432, 437, 469, 471, 474, 480, 483, 486, 487, 492, 493, 494, 495, 496, 502, 503, 510, 513, 527, 533, 534, 561, 565, 569, 576, 581, 605, 612, ]
[7, 8, 13, 15, 30, 72, 83, 99, 107, 130, 162, 182, 184, 185, 195, 199, 200, 214, 216, 217, 218, 228, 249, 262, 276, 286, 331, 332, 333, 336, 358, 371, 375, 391, 407, 408, 409, 411, 428, 430, 437, 456, 458, 461, 477, 479, 480, 512, 536, 546, 576, ]
[7, 37, 51, 77, 90, 169, 173, 182, 186, 202, 209, 216, 233, 250, 284, 294, 337, 360, 361, 362, 418, 425, 459, 461, 471, 474, 479, 480, 544, 551, 552, 554, 567, 571, 576, 581, 590, 601, 608, ]
[3, 10, 18, 49, 66, 67, 118, 133, 135, 201, 202, 203, 218, 219, 227, 251, 254, 259, 291, 314, 323, 324, 325, 326, 333, 356, 357, 367, 394, 408, 411, 414, 432, 433, 434, 435, 475, 485, 499, 500, 501, 509, 525, 545, 582, 584, 585, 586, 590, ]
[3, 16, 48, 130, 165, 166, 170, 192, 207, 208, 209, 210, 213, 217, 234, 248, 303, 336, 349, 361, 376, 407, 410, 418, 439, 440, 441, 447, 448, 473, 479, 524, 551, 560, 581, 582, 584, 585, 598, 600, 602, 603, 611, ]
[3, 15, 19, 20, 21, 23, 31, 71, 72, 99, 103, 112, 135, 140, 162, 178, 212, 213, 215, 227, 240, 245, 250, 255, 258, 259, 277, 278, 282, 336, 363, 364, 369, 395, 396, 397, 416, 427, 428, 432, 460, 461, 473, 474, 475, 477, 479, 498, 512, 544, 545, 562, 576, 577, 596, ]
[17, 156, 224, 306, 322, 333, 346, 392, 416, 422, 426, 428, 433, 471, 479, 485, 489, 493, 495, 516, 523, 529, 531, 541, 547, 549, 554, 556, 559, 560, 564, 570, 572, 573, 576, 577, 578, 580, 600, ]