[14, 21, 25, 26, 27, 29, 48, 52, 53, 61, 62, 65, 73, 79, 83, 86, ]
[7, 12, 20, 27, 29, 30, 31, 34, 43, 48, 51, 52, 63, 69, 78, 79, 80, 81, 85, 87, ]
[5, 7, 10, 25, 27, 29, 31, 35, 38, 51, 53, 55, 66, 77, 84, 85, ]
[10, 23, 33, 35, 36, 49, 52, 83, ]
[2, 9, 13, 16, 19, 25, 47, 50, 64, 75, 89, ]
[27, 32, 40, 46, 55, 59, 61, 84, ]
[0, 14, 16, 19, 21, 26, 29, 31, 36, 43, 47, 52, 53, 63, 69, 71, 76, 79, 81, 84, 86, 87, 88, 89, ]
[2, 3, 15, 19, 21, 23, 24, 25, 27, 29, 31, 32, 39, 48, 78, 81, 88, 89, ]
[8, 25, 26, 27, 28, 31, 42, 51, 53, 56, 65, 75, 80, 85, 87, ]
[8, 9, 13, 29, 33, 36, 37, 47, 48, 50, 67, 69, 78, 85, 86, 89, ]
[2, 9, 15, 27, 31, 38, 45, 60, 61, 65, 69, 88, 89, ]
[0, 1, 6, 8, 25, 27, 30, 32, 35, 46, 49, 51, 53, 60, 62, 77, 82, 84, 86, 88, ]
[2, 7, 13, 21, 23, 37, 43, 46, 49, 67, 68, 71, 73, 74, 75, 85, 89, ]
[1, 2, 3, 4, 8, 13, 23, 24, 25, 27, 41, 47, 48, 53, 59, 63, 64, 69, 82, 83, ]
[7, 11, 12, 14, 22, 25, 34, 39, 49, 50, 51, 55, 59, 61, 64, 65, 71, 75, 85, ]