[7, 50, 82, 125, 131, 132, 178, 196, 210, 215, 294, 323, 359, 480, 516, 525, 529, 530, 532, 561, 575, 581, 597, 607, 613, 614, 667, 678, 707, 739, 753, 773, 774, 800, 807, 822, 828, 838, 869, 890, 922, 949, 960, 996, 1011, ]
[3, 13, 62, 127, 190, 196, 202, 255, 285, 343, 359, 405, 415, 420, 436, 449, 476, 479, 484, 488, 501, 524, 525, 526, 533, 534, 579, 598, 612, 631, 642, 650, 663, 674, 681, 709, 711, 726, 743, 744, 774, 782, 790, 808, 818, 832, 891, 900, 905, 927, 967, 991, 995, ]
[7, 9, 33, 68, 122, 147, 242, 264, 281, 313, 355, 357, 461, 495, 504, 519, 528, 533, 534, 544, 549, 562, 601, 631, 646, 662, 724, 742, 776, 793, 824, 833, 834, 864, 890, 896, 922, 924, 925, 926, 928, 960, 1002, ]
[34, 67, 92, 98, 114, 126, 127, 131, 135, 160, 162, 163, 192, 193, 194, 219, 228, 278, 326, 338, 387, 422, 459, 471, 486, 500, 512, 513, 519, 526, 527, 539, 551, 566, 591, 603, 616, 620, 624, 628, 633, 634, 638, 642, 678, 690, 710, 711, 717, 785, 801, 806, 807, 832, 906, 929, 930, 931, 959, 964, 965, 992, 1008, 1021, ]
[1, 2, 37, 38, 68, 178, 256, 269, 286, 287, 355, 361, 426, 438, 461, 489, 493, 501, 505, 522, 525, 531, 532, 542, 557, 558, 560, 568, 579, 584, 593, 597, 603, 616, 623, 627, 631, 639, 644, 656, 661, 679, 736, 741, 742, 776, 784, 798, 810, 817, 824, 837, 868, 960, 963, 967, 993, 1001, 1014, 1015, ]
[8, 14, 24, 33, 42, 43, 44, 62, 124, 196, 199, 287, 296, 304, 326, 335, 384, 453, 466, 471, 487, 499, 503, 524, 531, 551, 567, 573, 578, 590, 594, 595, 654, 659, 709, 710, 739, 747, 771, 779, 843, 852, 925, 943, 959, 969, 981, 1002, 1012, ]
[11, 30, 63, 64, 93, 105, 112, 142, 143, 149, 216, 247, 309, 310, 311, 312, 328, 340, 355, 376, 383, 410, 442, 475, 487, 548, 558, 581, 593, 599, 605, 607, 615, 633, 637, 690, 698, 699, 724, 726, 730, 741, 756, 760, 761, 762, 792, 798, 827, 855, 859, 885, 886, 947, 966, 979, 1019, ]
[0, 4, 17, 26, 33, 36, 41, 42, 64, 65, 70, 93, 103, 106, 164, 289, 297, 341, 396, 422, 427, 430, 456, 485, 486, 490, 496, 512, 518, 529, 536, 537, 543, 546, 551, 559, 560, 614, 616, 634, 652, 660, 665, 675, 694, 707, 739, 741, 756, 760, 776, 780, 803, 923, 965, 980, 995, 1001, 1005, ]
[40, 50, 63, 93, 101, 161, 220, 263, 264, 301, 308, 319, 351, 405, 410, 456, 468, 485, 488, 519, 531, 535, 538, 546, 551, 555, 563, 566, 582, 597, 605, 627, 630, 661, 676, 688, 702, 800, 801, 805, 849, 850, 868, 895, 946, 949, 966, 988, 994, ]
[0, 33, 46, 54, 65, 93, 94, 126, 149, 157, 169, 200, 234, 271, 306, 323, 355, 360, 390, 422, 434, 439, 469, 477, 493, 501, 510, 587, 591, 598, 605, 615, 621, 626, 633, 638, 647, 665, 666, 698, 726, 736, 746, 769, 776, 794, 802, 806, 819, 871, 927, 932, 934, 949, 962, 966, 998, 999, 1019, ]
[33, 218, 249, 373, 377, 464, 480, 481, 482, 498, 504, 511, 513, 514, 539, 544, 546, 570, 576, 577, 578, 608, 609, 632, 642, 672, 679, 686, 698, 770, 810, 832, 1003, 1010, ]
[0, 2, 31, 42, 68, 73, 76, 104, 105, 117, 123, 127, 158, 191, 285, 296, 304, 323, 361, 403, 405, 426, 449, 469, 471, 472, 488, 492, 494, 497, 521, 540, 543, 550, 553, 563, 607, 616, 623, 640, 650, 671, 674, 678, 693, 703, 712, 749, 771, 820, 872, 895, 896, 1005, 1018, ]
[0, 10, 15, 68, 102, 125, 210, 243, 254, 267, 281, 299, 300, 309, 332, 346, 363, 449, 455, 486, 499, 531, 544, 549, 562, 563, 567, 568, 585, 594, 595, 602, 625, 626, 627, 644, 652, 679, 733, 736, 737, 760, 778, 787, 807, 816, 818, 835, 864, 928, 929, 933, 1003, 1013, 1023, ]
[33, 37, 45, 63, 64, 66, 69, 94, 95, 104, 125, 135, 205, 225, 230, 294, 308, 327, 352, 354, 385, 392, 409, 427, 437, 453, 456, 476, 488, 500, 524, 528, 530, 558, 563, 581, 583, 586, 588, 623, 624, 628, 632, 637, 644, 645, 646, 671, 676, 709, 735, 739, 740, 745, 746, 756, 768, 771, 779, 803, 805, 839, 867, 934, 940, 961, 969, 990, 991, ]
[8, 56, 71, 81, 126, 127, 158, 186, 187, 229, 234, 287, 308, 326, 327, 355, 380, 416, 439, 471, 499, 517, 538, 549, 561, 599, 616, 676, 692, 712, 727, 752, 778, 801, 850, 868, 882, 895, 989, 992, ]