[71, 144, 186, 225, 473, 504, 515, ]
[38, 80, 396, 471, 520, 576, 589, ]
[3, 389, 576, 580, ]
[1, 34, 394, 428, 470, 513, 519, 533, 572, ]
[5, 35, 39, 81, 211, 242, 395, 396, 462, ]
[1, 175, 177, 411, 415, 608, ]
[25, 88, 302, 461, 513, 527, 583, ]
[0, 1, 168, 417, 584, ]
[3, 9, 169, 215, ]
[6, 101, 201, 337, 392, 426, 515, ]
[102, 186, 393, 395, 460, 546, ]
[10, 27, 104, 133, 145, 271, ]
[38, 106, 129, 165, 202, 298, ]
[12, 44, 111, 166, 189, 206, ]
[1, 28, 99, 176, 265, 549, ]
[174, 395, 401, 459, 488, 552, ]
[110, 184, 392, 393, ]
[8, 23, 205, 216, ]
[76, 106, 413, 415, 445, 491, ]
[1, 361, 396, 492, 527, 583, ]
[13, 122, 179, 332, 456, ]
[3, 293, 471, 479, 480, 551, 572, ]
[14, 17, 140, 326, 432, 582, ]
[5, 170, 411, 473, 584, ]
[21, 179, 227, 477, ]
[389, 483, 494, 580, ]