[7, 50, 82, 125, 131, 178, 196, 210, 215, 323, 358, 359, 381, 480, 516, 529, 532, 543, 551, 561, 575, 613, 614, 667, 694, 707, 710, 739, 753, 773, 800, 806, 807, 822, 828, 901, 949, 952, 996, ]
[3, 13, 41, 62, 127, 190, 196, 202, 229, 255, 343, 405, 415, 420, 436, 449, 456, 476, 479, 484, 501, 524, 526, 533, 534, 535, 563, 579, 612, 631, 642, 648, 650, 709, 711, 726, 743, 744, 767, 774, 782, 790, 808, 818, 832, 900, 905, 922, 965, 979, 991, 995, ]
[7, 9, 33, 68, 109, 121, 147, 242, 313, 355, 357, 461, 467, 504, 519, 528, 544, 549, 562, 601, 631, 646, 662, 664, 691, 793, 824, 833, 834, 864, 890, 896, 922, 925, 926, 928, 960, 999, ]
[34, 67, 92, 126, 127, 131, 150, 160, 162, 163, 192, 193, 194, 228, 278, 326, 338, 439, 454, 464, 487, 500, 505, 512, 519, 524, 527, 551, 559, 566, 572, 588, 603, 611, 616, 633, 634, 638, 642, 678, 710, 711, 717, 723, 776, 807, 832, 907, 929, 930, 931, 959, 964, 965, 992, 1008, 1021, ]
[1, 2, 37, 39, 61, 68, 85, 191, 256, 263, 269, 355, 361, 383, 419, 438, 487, 489, 493, 501, 522, 525, 526, 532, 541, 557, 560, 579, 585, 593, 597, 602, 616, 623, 627, 631, 639, 644, 661, 679, 705, 741, 742, 744, 767, 776, 784, 798, 817, 824, 960, 963, 967, 992, 993, 1001, 1014, 1015, ]
[8, 14, 24, 33, 44, 62, 99, 199, 287, 296, 304, 326, 335, 384, 466, 471, 499, 504, 520, 524, 531, 551, 567, 573, 578, 590, 594, 595, 709, 739, 779, 843, 852, 867, 925, 943, 959, 981, 1019, ]
[11, 30, 63, 64, 93, 105, 112, 143, 149, 182, 216, 247, 256, 260, 309, 310, 311, 312, 317, 328, 340, 355, 376, 410, 442, 455, 475, 487, 548, 558, 593, 599, 605, 607, 615, 633, 637, 674, 690, 698, 699, 724, 726, 730, 741, 756, 760, 761, 762, 763, 792, 798, 827, 855, 859, 885, 886, 947, 966, 979, ]
[4, 16, 26, 33, 36, 41, 42, 64, 65, 70, 76, 93, 106, 124, 164, 235, 289, 297, 341, 353, 355, 396, 430, 456, 465, 480, 486, 490, 496, 518, 519, 520, 529, 536, 537, 551, 559, 614, 616, 634, 660, 665, 684, 694, 707, 739, 756, 760, 803, 894, 923, 950, 962, 965, 987, 995, 1001, 1005, ]
[8, 40, 50, 63, 161, 221, 263, 264, 301, 308, 319, 326, 342, 351, 405, 442, 456, 468, 484, 488, 519, 528, 531, 535, 538, 546, 551, 555, 563, 581, 597, 605, 627, 629, 630, 655, 676, 702, 720, 800, 801, 805, 849, 850, 904, 949, 957, 966, 994, ]
[4, 24, 33, 65, 93, 94, 102, 126, 149, 157, 169, 187, 201, 227, 234, 296, 306, 323, 355, 360, 384, 390, 422, 434, 439, 451, 478, 493, 501, 504, 587, 591, 598, 605, 615, 621, 626, 633, 638, 647, 665, 666, 698, 726, 736, 742, 746, 769, 776, 802, 804, 806, 819, 871, 927, 932, 934, 949, 962, 966, 998, 999, ]
[249, 273, 377, 426, 464, 480, 481, 482, 498, 504, 507, 511, 513, 514, 544, 546, 564, 570, 576, 577, 578, 608, 609, 632, 642, 672, 679, 681, 686, 698, 770, 810, 832, 934, 1003, 1010, ]
[0, 1, 42, 61, 68, 73, 76, 92, 104, 105, 127, 128, 153, 158, 191, 221, 285, 323, 361, 403, 405, 449, 469, 471, 472, 486, 492, 494, 521, 540, 543, 553, 563, 565, 606, 607, 616, 623, 640, 650, 674, 678, 712, 749, 771, 820, 872, 928, 1001, 1018, 1019, ]
[0, 15, 68, 102, 125, 224, 241, 244, 267, 299, 300, 308, 313, 332, 346, 363, 384, 389, 455, 499, 531, 549, 562, 563, 567, 568, 579, 584, 587, 594, 595, 602, 625, 626, 627, 644, 652, 733, 736, 737, 760, 778, 787, 807, 816, 835, 850, 864, 928, 929, 933, 1003, 1013, 1021, 1023, ]
[33, 37, 45, 61, 64, 66, 68, 69, 95, 104, 127, 153, 195, 199, 205, 225, 230, 262, 294, 318, 322, 327, 352, 385, 423, 427, 437, 442, 453, 456, 476, 488, 500, 519, 526, 528, 530, 563, 566, 581, 583, 586, 588, 623, 624, 637, 644, 645, 646, 647, 676, 709, 735, 739, 740, 745, 746, 756, 767, 768, 771, 779, 803, 805, 839, 867, 901, 905, 934, 940, 961, 990, 991, 1009, 1010, ]
[13, 60, 71, 81, 126, 127, 187, 188, 229, 234, 249, 287, 295, 326, 327, 340, 355, 357, 380, 416, 439, 471, 499, 517, 529, 538, 549, 561, 613, 616, 692, 696, 712, 752, 801, 850, 868, 882, 895, 986, 992, ]