[28, 39, 52, 71, 83, 84, 99, 106, 135, 149, 152, 174, 181, 183, 184, 186, 203, 214, 215, 228, 229, 237, 244, 245, 256, 297, 300, 309, 335, 359, 360, 361, 375, 395, 414, 417, 429, 431, 432, 433, 436, 437, 452, 454, 515, 522, 553, 554, 581, 595, 608, ]
[1, 19, 23, 70, 81, 111, 173, 183, 185, 188, 215, 254, 263, 293, 299, 304, 314, 331, 336, 343, 360, 362, 384, 393, 395, 396, 422, 424, 425, 427, 429, 432, 452, 453, 456, 457, 458, 470, 471, 477, 479, 486, 489, 512, 519, 544, 545, 554, 555, 564, 565, 603, ]
[53, 131, 139, 185, 330, 337, 377, 387, 389, 425, 448, 481, 493, 496, 513, 527, 531, 539, 543, 545, 555, 559, 576, 581, 583, ]
[49, 168, 217, 231, 244, 305, 332, 337, 352, 360, 363, 367, 393, 394, 396, 428, 430, 435, 446, 461, 462, 470, 471, 479, 499, 501, 523, 525, 533, 548, 573, 579, 602, 615, ]
[5, 15, 27, 50, 71, 112, 124, 137, 150, 171, 189, 215, 217, 228, 239, 240, 241, 243, 253, 260, 268, 271, 274, 287, 303, 316, 328, 337, 358, 360, 393, 395, 415, 424, 425, 432, 434, 462, 463, 466, 467, 468, 469, 471, 492, 512, 533, 561, 578, 581, 583, ]
[6, 16, 57, 77, 110, 131, 140, 142, 166, 170, 172, 173, 184, 192, 199, 202, 206, 226, 242, 326, 341, 367, 372, 378, 395, 406, 408, 411, 414, 415, 417, 441, 445, 447, 473, 554, 589, 602, 606, 607, 608, 610, 612, 614, ]
[37, 38, 81, 166, 185, 239, 248, 286, 333, 361, 362, 363, 394, 395, 413, 420, 424, 425, 426, 433, 436, 447, 473, 474, 494, 495, 496, 512, 513, 522, 524, 527, 559, 560, 562, 566, 568, 582, 601, ]
[53, 73, 108, 118, 168, 172, 192, 201, 210, 238, 250, 344, 382, 383, 384, 385, 394, 410, 417, 418, 423, 439, 440, 443, 445, 448, 449, 451, 452, 471, 473, 477, 490, 522, 581, 582, 584, 589, 600, 601, 602, 604, 606, 609, ]
[8, 9, 22, 36, 41, 47, 62, 67, 75, 82, 108, 121, 179, 192, 204, 213, 215, 234, 258, 266, 334, 339, 347, 355, 371, 429, 432, 434, 437, 443, 500, 522, 581, 596, 610, ]
[3, 20, 39, 49, 66, 79, 101, 114, 135, 146, 147, 180, 192, 200, 210, 213, 214, 237, 259, 292, 306, 331, 335, 340, 362, 394, 395, 399, 416, 426, 427, 434, 436, 457, 461, 480, 481, 488, 494, 495, 500, 501, 512, 513, 516, 526, 527, 531, 537, 553, 559, 561, 583, 612, ]
[21, 44, 50, 72, 82, 83, 115, 127, 138, 147, 148, 163, 171, 182, 214, 215, 252, 308, 334, 339, 364, 393, 394, 395, 396, 416, 424, 425, 426, 429, 447, 460, 461, 474, 488, 495, 500, 502, 524, 525, 554, 577, 581, 583, 596, 609, ]
[14, 15, 16, 45, 46, 56, 72, 102, 104, 133, 134, 135, 142, 145, 165, 166, 167, 172, 177, 181, 210, 211, 214, 215, 217, 258, 305, 330, 336, 365, 367, 374, 393, 407, 408, 416, 429, 433, 552, 553, 582, 590, 594, 607, ]
[18, 22, 37, 69, 71, 78, 128, 161, 162, 164, 166, 171, 186, 193, 214, 236, 275, 296, 298, 299, 309, 310, 328, 334, 370, 371, 372, 373, 394, 415, 431, 435, 436, 471, 492, 522, 524, 553, 561, 588, 591, 592, 605, 607, ]
[51, 69, 79, 80, 82, 89, 159, 160, 161, 162, 165, 175, 181, 189, 190, 207, 208, 213, 245, 248, 281, 284, 295, 302, 303, 309, 333, 346, 361, 371, 372, 373, 394, 405, 417, 423, 426, 431, 432, 435, 436, 473, 479, 492, 522, 556, 583, 591, 592, 593, 605, ]
[2, 9, 41, 49, 67, 68, 100, 131, 134, 143, 163, 164, 166, 172, 180, 184, 198, 206, 217, 227, 232, 233, 234, 241, 261, 265, 277, 305, 311, 335, 360, 372, 375, 398, 407, 408, 409, 411, 427, 431, 433, 435, 461, 475, 477, 496, 517, 549, 556, 588, 590, ]
[13, 22, 69, 79, 81, 106, 133, 146, 153, 154, 165, 166, 185, 189, 214, 237, 241, 253, 257, 272, 279, 281, 295, 302, 304, 327, 328, 330, 343, 391, 394, 395, 415, 426, 427, 429, 446, 448, 460, 470, 471, 474, 480, 488, 489, 490, 491, 492, 493, 508, 510, 513, 524, 530, 532, 538, 542, 550, 560, 561, 563, 577, 581, 597, ]
[51, 72, 78, 98, 99, 150, 163, 182, 183, 184, 185, 197, 200, 203, 215, 217, 219, 227, 240, 255, 262, 264, 313, 332, 339, 361, 392, 393, 394, 407, 408, 411, 423, 434, 444, 447, 477, 488, 499, 511, 513, 520, 526, 527, 529, 531, 532, 537, 539, 557, 558, 577, 581, 582, 583, 590, ]
[2, 7, 8, 36, 48, 87, 95, 98, 139, 171, 172, 173, 183, 205, 215, 232, 264, 298, 309, 336, 363, 375, 411, 422, 425, 433, 435, 438, 444, 447, 471, 561, 565, 581, 592, 607, ]
[79, 119, 166, 172, 211, 259, 290, 334, 340, 377, 404, 408, 410, 412, 413, 414, 415, 434, 442, 447, 496, 597, 601, 605, ]
[59, 60, 133, 144, 216, 257, 272, 330, 331, 345, 361, 386, 399, 424, 425, 426, 428, 432, 437, 469, 471, 474, 480, 483, 486, 487, 492, 493, 494, 495, 496, 502, 503, 505, 513, 527, 533, 534, 562, 565, 576, 581, 605, 612, ]
[8, 12, 15, 72, 83, 99, 107, 130, 162, 183, 199, 200, 214, 215, 216, 218, 228, 249, 262, 286, 326, 331, 332, 333, 336, 371, 375, 391, 407, 408, 409, 411, 428, 430, 436, 441, 452, 456, 461, 471, 477, 479, 480, 512, 536, 546, 555, 576, 591, 595, ]
[7, 37, 51, 77, 99, 154, 169, 173, 186, 190, 198, 209, 216, 233, 250, 256, 281, 294, 360, 361, 362, 418, 425, 426, 459, 461, 471, 474, 479, 480, 481, 551, 552, 554, 567, 571, 576, 581, ]
[3, 8, 49, 66, 67, 133, 165, 201, 202, 203, 218, 227, 259, 291, 323, 324, 325, 326, 327, 333, 334, 356, 367, 394, 399, 408, 411, 414, 432, 433, 434, 435, 475, 485, 496, 499, 500, 501, 545, 572, 582, 584, 585, 586, 590, ]
[48, 90, 113, 130, 165, 166, 170, 207, 208, 210, 213, 234, 248, 303, 336, 349, 361, 376, 407, 410, 418, 436, 439, 440, 441, 447, 448, 473, 479, 506, 520, 560, 581, 582, 584, 585, 598, 600, 602, 603, ]
[3, 19, 20, 22, 23, 31, 72, 103, 112, 130, 134, 140, 178, 213, 215, 227, 240, 245, 247, 249, 255, 258, 259, 277, 282, 336, 364, 369, 395, 396, 397, 416, 427, 428, 432, 461, 474, 475, 479, 498, 512, 545, 562, 576, 582, 596, ]
[7, 17, 219, 224, 306, 322, 346, 367, 390, 416, 421, 422, 427, 428, 432, 471, 479, 485, 489, 495, 496, 516, 523, 526, 529, 531, 541, 547, 549, 554, 556, 559, 560, 564, 570, 571, 573, 576, 577, 578, 580, 602, ]