[14, 21, 25, 27, 28, 29, 43, 48, 52, 61, 62, 69, 73, 83, 86, ]
[7, 12, 20, 27, 28, 29, 31, 34, 45, 48, 51, 63, 67, 78, 81, 82, 83, 85, 89, ]
[3, 5, 9, 10, 25, 27, 29, 31, 33, 34, 35, 49, 51, 53, 55, 66, 77, 79, 88, 89, ]
[10, 23, 33, 35, 54, 59, 83, ]
[9, 13, 16, 19, 25, 40, 62, 89, ]
[23, 38, 48, 49, 59, 61, 84, ]
[14, 16, 21, 26, 29, 31, 38, 43, 53, 63, 71, 76, 79, 81, 84, 86, 88, 89, ]
[0, 3, 15, 19, 21, 23, 24, 25, 27, 29, 30, 31, 40, 78, 83, 88, 89, ]
[2, 4, 17, 23, 25, 26, 28, 31, 42, 51, 53, 56, 69, 75, 82, 85, 87, ]
[7, 8, 13, 22, 29, 33, 36, 37, 46, 47, 48, 50, 67, 69, 85, 86, 88, 89, ]
[6, 9, 15, 27, 31, 38, 47, 60, 61, 65, 67, 83, 88, 89, ]
[0, 6, 8, 9, 25, 27, 30, 32, 35, 46, 51, 53, 55, 60, 62, 77, 80, 84, 86, 88, ]
[2, 3, 13, 21, 37, 38, 51, 67, 68, 71, 75, 85, 89, ]
[1, 2, 3, 4, 5, 9, 12, 23, 24, 25, 27, 41, 47, 48, 53, 59, 63, 64, 65, 82, 83, ]
[7, 10, 11, 12, 14, 22, 24, 25, 39, 47, 50, 51, 53, 55, 59, 61, 64, 65, 71, 72, 75, 87, ]