[7, 50, 82, 125, 131, 178, 196, 210, 215, 255, 291, 294, 356, 358, 359, 417, 436, 480, 486, 525, 529, 530, 531, 561, 575, 581, 607, 613, 614, 647, 667, 678, 707, 710, 739, 753, 773, 800, 807, 822, 828, 838, 869, 890, 901, 913, 922, 949, 952, 960, 996, ]
[3, 13, 62, 127, 196, 202, 255, 285, 326, 343, 359, 386, 405, 420, 436, 449, 476, 479, 484, 488, 501, 524, 526, 533, 534, 535, 554, 579, 600, 612, 650, 662, 663, 674, 681, 709, 711, 726, 735, 736, 743, 744, 774, 782, 790, 808, 818, 900, 905, 922, 967, 991, 997, 1023, ]
[7, 33, 68, 121, 147, 242, 264, 313, 355, 390, 461, 496, 504, 519, 533, 534, 544, 549, 562, 601, 631, 646, 662, 691, 742, 776, 793, 824, 833, 834, 864, 890, 896, 922, 924, 925, 928, 960, 1002, ]
[34, 67, 114, 126, 131, 135, 158, 160, 161, 162, 163, 192, 193, 194, 219, 228, 278, 326, 338, 452, 459, 464, 471, 480, 486, 500, 512, 519, 524, 527, 548, 551, 559, 566, 572, 588, 602, 603, 616, 624, 628, 633, 634, 638, 642, 678, 710, 718, 723, 728, 801, 807, 832, 901, 907, 929, 930, 931, 959, 964, 965, 992, 1008, 1021, ]
[1, 2, 6, 18, 35, 38, 70, 178, 269, 287, 355, 361, 426, 438, 461, 493, 522, 525, 532, 541, 557, 560, 563, 568, 579, 585, 593, 597, 603, 616, 623, 631, 639, 644, 661, 679, 736, 742, 776, 784, 798, 810, 824, 837, 868, 960, 967, 993, 1001, 1014, ]
[8, 11, 14, 33, 42, 44, 62, 196, 199, 287, 296, 304, 326, 335, 384, 457, 466, 471, 499, 520, 524, 531, 551, 567, 573, 578, 590, 594, 595, 616, 705, 709, 710, 739, 747, 779, 843, 852, 943, 959, 981, 1003, 1012, ]
[11, 30, 63, 64, 93, 105, 112, 142, 149, 216, 247, 260, 309, 310, 311, 312, 317, 328, 340, 355, 376, 410, 442, 475, 487, 558, 581, 593, 599, 605, 607, 615, 633, 637, 674, 690, 698, 699, 703, 724, 726, 730, 741, 756, 760, 761, 762, 792, 798, 855, 859, 885, 896, 917, 947, 966, 979, 1019, ]
[16, 17, 33, 36, 41, 42, 64, 76, 93, 103, 106, 164, 235, 297, 341, 355, 396, 430, 456, 480, 486, 490, 496, 518, 520, 529, 536, 537, 543, 550, 559, 585, 614, 616, 624, 634, 660, 675, 694, 707, 739, 748, 760, 803, 844, 894, 923, 950, 961, 965, 992, 1001, 1005, ]
[40, 50, 63, 93, 161, 220, 263, 264, 301, 308, 319, 342, 351, 405, 442, 456, 488, 519, 531, 535, 538, 546, 555, 563, 582, 597, 605, 627, 630, 655, 661, 676, 702, 720, 800, 801, 805, 849, 850, 868, 895, 949, 966, ]
[6, 33, 65, 92, 93, 94, 102, 126, 149, 157, 169, 187, 200, 234, 306, 323, 355, 356, 358, 360, 384, 422, 434, 439, 462, 469, 493, 504, 510, 587, 591, 598, 605, 615, 621, 626, 633, 638, 647, 665, 666, 698, 705, 726, 746, 769, 776, 794, 802, 806, 819, 871, 927, 932, 934, 948, 962, 966, 967, 998, 999, ]
[33, 218, 249, 377, 464, 480, 481, 482, 498, 504, 511, 513, 514, 544, 546, 570, 576, 577, 578, 608, 609, 628, 632, 642, 672, 679, 681, 686, 698, 770, 810, 832, 1003, 1010, ]
[0, 1, 31, 42, 48, 68, 73, 76, 91, 93, 104, 105, 128, 153, 158, 191, 285, 291, 323, 330, 403, 405, 419, 449, 471, 472, 488, 492, 494, 521, 533, 540, 543, 553, 563, 565, 607, 616, 623, 640, 650, 671, 674, 678, 693, 703, 712, 749, 771, 818, 820, 872, 926, 928, 1018, ]
[15, 97, 102, 127, 210, 255, 267, 299, 300, 312, 313, 332, 346, 364, 366, 389, 448, 455, 499, 531, 549, 562, 563, 567, 568, 583, 594, 595, 602, 625, 626, 627, 644, 652, 683, 733, 736, 737, 739, 760, 778, 807, 816, 818, 819, 864, 867, 896, 928, 961, 999, 1002, 1013, 1023, ]
[33, 37, 45, 61, 64, 66, 68, 69, 76, 94, 95, 104, 118, 127, 135, 205, 225, 230, 262, 294, 318, 325, 327, 352, 354, 385, 409, 423, 427, 433, 437, 453, 456, 476, 488, 500, 524, 528, 530, 558, 563, 564, 566, 581, 583, 586, 588, 623, 624, 637, 644, 645, 646, 647, 671, 676, 695, 735, 739, 740, 745, 746, 752, 756, 768, 771, 779, 803, 839, 867, 901, 934, 940, 961, 969, 990, 991, 1023, ]
[8, 60, 71, 102, 126, 127, 159, 187, 188, 208, 229, 234, 276, 295, 326, 327, 355, 357, 380, 410, 416, 439, 471, 499, 517, 529, 538, 549, 561, 613, 616, 692, 712, 727, 752, 778, 801, 850, 868, 882, 895, 986, 992, ]