[12, 19, 27, 28, 29, 43, 48, 52, 61, 65, 73, 83, 86, ]
[7, 20, 27, 29, 31, 34, 45, 48, 52, 63, 67, 78, 81, 82, 83, 85, 87, ]
[5, 9, 10, 21, 27, 29, 31, 37, 38, 51, 53, 55, 66, 77, 79, 88, ]
[10, 23, 33, 35, 36, 53, 54, 83, ]
[2, 7, 9, 13, 16, 17, 19, 24, 25, 33, 47, 50, 62, 64, 75, 80, 87, 89, ]
[27, 38, 48, 59, 61, 84, ]
[12, 14, 16, 19, 21, 26, 31, 36, 39, 47, 48, 53, 57, 71, 76, 79, 81, 83, 84, 86, 88, 89, ]
[0, 3, 15, 19, 21, 23, 24, 25, 27, 29, 30, 31, 39, 46, 78, 81, 89, ]
[6, 23, 26, 28, 31, 43, 50, 51, 65, 75, 80, 85, ]
[5, 7, 8, 13, 26, 31, 33, 37, 46, 48, 50, 53, 65, 67, 75, 78, 86, 87, 88, 89, ]
[2, 9, 15, 27, 31, 32, 43, 46, 51, 60, 61, 65, 67, 83, 88, 89, ]
[0, 6, 8, 11, 25, 27, 30, 32, 35, 46, 51, 53, 55, 60, 62, 77, 82, 84, 86, 88, ]
[2, 3, 13, 23, 37, 38, 49, 67, 68, 71, 73, 85, 89, ]
[0, 1, 2, 3, 4, 13, 23, 24, 25, 26, 27, 41, 47, 48, 53, 59, 63, 64, 69, 80, ]
[8, 12, 13, 14, 15, 22, 25, 34, 39, 49, 51, 55, 59, 61, 64, 65, 72, 75, 77, 89, ]