[39, 52, 71, 83, 84, 88, 99, 106, 115, 135, 152, 174, 181, 183, 186, 189, 203, 214, 215, 228, 232, 237, 244, 245, 256, 299, 300, 309, 335, 359, 360, 361, 375, 395, 414, 417, 429, 431, 432, 433, 436, 437, 452, 454, 512, 515, 522, 553, 554, 581, 595, 598, 608, ]
[1, 23, 38, 81, 82, 101, 107, 111, 154, 183, 185, 215, 245, 254, 259, 293, 299, 304, 314, 317, 327, 331, 336, 343, 360, 362, 364, 366, 384, 393, 395, 396, 422, 424, 425, 427, 429, 432, 452, 453, 454, 455, 456, 457, 458, 470, 471, 477, 479, 486, 488, 489, 512, 519, 520, 544, 545, 554, 555, 562, 564, 565, 582, 602, ]
[21, 131, 139, 146, 185, 285, 330, 377, 387, 389, 425, 448, 481, 495, 513, 525, 531, 539, 545, 555, 560, 576, 581, 583, ]
[7, 49, 168, 217, 244, 305, 331, 337, 352, 360, 363, 367, 393, 394, 396, 428, 432, 435, 446, 461, 462, 470, 471, 479, 501, 523, 533, 559, 565, 572, 579, 602, 615, ]
[5, 15, 50, 108, 112, 124, 165, 171, 189, 215, 217, 228, 240, 241, 253, 260, 267, 268, 271, 274, 285, 316, 328, 333, 337, 341, 360, 393, 395, 396, 415, 424, 425, 432, 434, 462, 463, 466, 467, 468, 469, 471, 512, 561, 578, 581, 583, 601, 608, ]
[16, 77, 85, 110, 131, 140, 142, 166, 169, 172, 173, 184, 192, 199, 202, 206, 242, 336, 341, 372, 378, 406, 411, 414, 415, 423, 441, 445, 447, 452, 473, 520, 562, 589, 602, 604, 607, 608, 609, 610, 612, 614, ]
[37, 38, 81, 166, 185, 239, 248, 286, 333, 361, 362, 363, 394, 395, 413, 420, 425, 426, 433, 435, 447, 473, 474, 494, 495, 496, 501, 512, 513, 522, 524, 527, 559, 560, 562, 566, 568, 582, 605, ]
[75, 108, 118, 168, 172, 192, 201, 210, 252, 277, 301, 306, 344, 382, 383, 384, 394, 402, 417, 418, 440, 443, 445, 448, 449, 451, 452, 473, 477, 490, 522, 581, 582, 584, 589, 600, 601, 604, 606, 609, ]
[8, 9, 22, 41, 47, 62, 67, 68, 75, 108, 121, 179, 192, 205, 213, 215, 234, 258, 266, 334, 339, 347, 355, 373, 429, 432, 434, 437, 443, 500, 581, 587, 596, ]
[3, 19, 48, 49, 66, 101, 114, 132, 135, 146, 147, 151, 180, 192, 210, 213, 214, 237, 259, 282, 292, 306, 331, 334, 335, 339, 362, 375, 394, 395, 416, 426, 427, 434, 457, 461, 480, 481, 482, 488, 494, 495, 500, 501, 512, 513, 517, 526, 527, 531, 553, 559, 561, 569, 576, 583, 601, ]
[21, 30, 49, 50, 72, 83, 115, 127, 138, 147, 148, 171, 182, 214, 215, 308, 333, 338, 364, 393, 394, 395, 416, 424, 425, 429, 447, 457, 460, 461, 474, 488, 495, 500, 502, 524, 525, 543, 554, 577, 583, 596, 599, 609, ]
[14, 15, 45, 46, 56, 72, 102, 104, 113, 130, 133, 134, 135, 142, 145, 165, 166, 167, 177, 181, 196, 210, 211, 214, 215, 217, 239, 258, 336, 366, 393, 407, 408, 416, 428, 429, 433, 552, 553, 562, 582, 589, 590, 594, 606, ]
[18, 24, 37, 71, 77, 78, 128, 129, 145, 161, 162, 164, 165, 171, 186, 212, 214, 236, 274, 286, 294, 296, 298, 299, 310, 311, 328, 333, 345, 370, 371, 372, 373, 394, 415, 431, 432, 435, 436, 441, 471, 492, 522, 524, 553, 561, 588, 591, 592, 607, ]
[51, 69, 80, 82, 159, 160, 161, 162, 165, 175, 189, 190, 205, 208, 213, 224, 245, 248, 281, 295, 302, 303, 309, 333, 346, 361, 371, 372, 373, 394, 417, 423, 426, 431, 432, 435, 436, 479, 522, 556, 591, 592, 593, ]
[9, 41, 47, 54, 68, 99, 100, 131, 134, 147, 163, 164, 166, 172, 184, 198, 212, 217, 227, 232, 233, 234, 258, 261, 265, 302, 305, 319, 335, 360, 372, 375, 398, 407, 408, 409, 411, 429, 431, 433, 461, 475, 477, 496, 517, 531, 549, 556, 588, ]
[13, 37, 79, 106, 126, 133, 146, 151, 153, 154, 165, 166, 185, 189, 214, 224, 237, 241, 257, 272, 279, 281, 302, 304, 327, 328, 330, 343, 391, 394, 395, 416, 426, 427, 429, 448, 460, 466, 470, 471, 480, 481, 488, 489, 490, 491, 492, 493, 510, 524, 530, 538, 540, 542, 550, 561, 563, 567, 577, 581, 601, ]
[51, 80, 98, 99, 101, 108, 122, 128, 150, 163, 182, 184, 185, 197, 200, 202, 214, 215, 217, 219, 262, 264, 286, 313, 332, 339, 359, 361, 392, 393, 394, 407, 408, 409, 411, 423, 434, 447, 477, 481, 488, 495, 499, 510, 513, 519, 520, 526, 527, 529, 531, 532, 537, 539, 558, 560, 577, 581, 582, 583, 590, 591, 600, ]
[2, 7, 8, 36, 49, 78, 87, 95, 98, 138, 171, 172, 173, 183, 205, 215, 232, 264, 309, 333, 336, 363, 375, 418, 422, 425, 435, 471, 555, 561, 564, 581, 592, 607, ]
[79, 119, 131, 166, 172, 179, 221, 259, 340, 377, 408, 410, 412, 413, 414, 415, 434, 442, 447, 496, 597, 601, 605, ]
[59, 60, 133, 165, 216, 257, 272, 330, 331, 345, 354, 361, 399, 424, 425, 426, 428, 432, 437, 469, 471, 474, 480, 483, 486, 487, 488, 492, 493, 494, 495, 496, 502, 505, 513, 527, 533, 534, 561, 565, 569, 576, 581, 612, ]
[7, 8, 12, 13, 15, 72, 83, 99, 130, 162, 182, 183, 195, 199, 200, 214, 216, 217, 218, 228, 249, 260, 262, 286, 326, 331, 332, 333, 336, 358, 371, 375, 391, 406, 407, 408, 409, 411, 428, 430, 456, 458, 461, 471, 477, 479, 480, 497, 512, 536, 546, 576, 577, 590, 595, ]
[7, 37, 51, 90, 99, 109, 169, 173, 186, 190, 198, 209, 216, 233, 250, 281, 294, 337, 360, 361, 362, 418, 425, 435, 455, 459, 461, 471, 474, 479, 480, 481, 551, 552, 553, 554, 567, 571, 576, 581, 590, 601, ]
[3, 49, 53, 57, 66, 67, 118, 133, 135, 202, 203, 214, 218, 227, 259, 265, 291, 323, 324, 325, 326, 333, 356, 367, 394, 408, 411, 414, 431, 432, 433, 434, 435, 499, 500, 501, 525, 545, 572, 582, 584, 585, 590, 608, ]
[48, 130, 165, 166, 170, 207, 208, 209, 213, 217, 234, 248, 258, 303, 307, 336, 349, 361, 364, 372, 376, 407, 410, 418, 439, 440, 448, 473, 479, 497, 520, 581, 582, 584, 585, 598, 600, ]
[3, 19, 20, 21, 22, 31, 72, 99, 103, 112, 134, 140, 162, 178, 192, 213, 215, 227, 240, 245, 249, 255, 258, 277, 279, 282, 336, 364, 369, 395, 396, 397, 416, 427, 428, 432, 461, 473, 474, 475, 479, 498, 512, 545, 562, 576, 596, ]
[17, 156, 224, 322, 346, 392, 416, 421, 422, 426, 427, 428, 433, 471, 479, 485, 489, 495, 496, 516, 523, 526, 529, 531, 541, 547, 549, 556, 559, 560, 570, 571, 573, 576, 577, 578, 580, 600, ]