[14, 21, 25, 26, 29, 31, 50, 52, 53, 62, 65, 73, 79, 83, 86, ]
[7, 9, 12, 20, 27, 29, 30, 31, 34, 45, 48, 51, 52, 63, 67, 78, 79, 81, 82, 83, 85, 89, ]
[3, 7, 10, 11, 25, 27, 29, 31, 35, 38, 49, 51, 53, 59, 66, 77, 79, 88, 89, ]
[14, 23, 33, 35, 45, 52, 59, 87, ]
[2, 7, 9, 13, 16, 17, 19, 24, 25, 43, 50, 62, 64, 75, 80, 89, ]
[27, 38, 48, 55, 59, 61, 82, ]
[12, 14, 16, 19, 21, 26, 27, 31, 43, 46, 47, 57, 63, 71, 73, 76, 79, 81, 84, 86, 89, ]
[0, 2, 3, 15, 19, 21, 23, 24, 25, 27, 29, 30, 31, 40, 49, 68, 78, 83, 88, 89, ]
[0, 23, 25, 26, 28, 42, 51, 69, 75, 82, 85, 87, ]
[5, 8, 13, 15, 26, 29, 33, 35, 37, 38, 43, 46, 50, 52, 69, 75, 78, 85, 86, 87, 88, 89, ]
[2, 9, 15, 16, 27, 31, 43, 46, 47, 60, 61, 65, 67, 83, 88, 89, ]
[0, 3, 6, 8, 25, 27, 30, 32, 35, 46, 51, 53, 55, 60, 62, 77, 80, 84, 86, 88, ]
[2, 7, 13, 23, 37, 40, 43, 49, 67, 68, 71, 73, 85, 89, ]
[0, 3, 4, 13, 23, 24, 25, 27, 47, 48, 59, 63, 64, 69, 82, ]
[7, 8, 11, 12, 14, 22, 24, 25, 39, 49, 51, 55, 59, 61, 64, 65, 71, 72, 75, 89, ]