[133, 140, 162, 175, 196, 199, 208, 296, 310, 324, 329, 358, 360, 394, 425, 427, 436, 453, 455, 459, 466, 469, 472, 489, 496, 502, 519, 521, 526, 530, 532, 533, 538, 551, 563, 573, 647, 662, 671, 680, 694, 741, 744, 756, 759, 775, 779, 789, 804, 809, 827, 839, 846, 871, 903, 937, 956, 991, 1020, ]
[1, 41, 42, 54, 64, 70, 92, 100, 103, 108, 112, 131, 134, 136, 146, 156, 157, 169, 171, 196, 199, 200, 215, 223, 233, 268, 269, 275, 286, 296, 297, 305, 319, 331, 333, 335, 342, 348, 371, 373, 390, 392, 402, 421, 435, 436, 455, 456, 461, 466, 468, 475, 476, 484, 492, 496, 500, 509, 519, 520, 524, 535, 550, 555, 570, 575, 596, 600, 611, 612, 620, 627, 640, 647, 657, 661, 665, 675, 679, 683, 687, 710, 711, 713, 718, 719, 722, 740, 743, 757, 776, 777, 780, 799, 806, 826, 863, 869, 893, 899, 930, 933, 968, 971, 992, 1003, 1007, 1012, 1019, ]
[0, 18, 20, 62, 86, 101, 117, 127, 133, 137, 138, 148, 157, 169, 192, 198, 201, 218, 229, 233, 265, 274, 311, 330, 331, 339, 345, 348, 362, 376, 378, 394, 405, 429, 456, 457, 470, 475, 478, 487, 490, 493, 499, 500, 516, 532, 536, 537, 557, 570, 592, 597, 629, 658, 677, 678, 688, 704, 710, 760, 775, 780, 783, 808, 834, 836, 841, 859, 892, 901, 920, 955, 963, ]
[7, 27, 61, 63, 69, 76, 127, 137, 164, 167, 169, 197, 201, 209, 214, 224, 243, 265, 311, 325, 331, 347, 355, 356, 373, 389, 402, 403, 406, 423, 437, 440, 441, 466, 468, 469, 480, 496, 501, 522, 531, 533, 538, 551, 561, 563, 565, 582, 596, 601, 608, 634, 654, 658, 662, 677, 683, 725, 728, 739, 743, 772, 775, 776, 825, 837, 839, 873, 895, 903, 904, 926, 959, 967, 983, 988, 993, 1002, 1021, ]
[21, 22, 23, 25, 31, 65, 95, 105, 115, 132, 147, 169, 178, 186, 190, 197, 200, 208, 226, 238, 244, 250, 260, 261, 262, 264, 296, 312, 333, 341, 377, 379, 404, 406, 408, 411, 419, 422, 444, 457, 464, 475, 506, 510, 532, 538, 539, 540, 568, 570, 583, 590, 591, 592, 598, 602, 626, 631, 633, 655, 659, 678, 680, 741, 776, 807, 808, 840, 841, 853, 891, 928, 934, 956, 993, 1022, ]
[8, 13, 21, 23, 24, 25, 26, 28, 29, 31, 63, 73, 94, 95, 103, 137, 138, 161, 164, 169, 190, 200, 232, 233, 236, 239, 243, 247, 248, 255, 286, 291, 296, 298, 313, 323, 327, 345, 358, 359, 372, 390, 392, 404, 408, 412, 424, 436, 442, 452, 463, 471, 476, 504, 508, 525, 526, 540, 541, 552, 559, 562, 573, 582, 590, 600, 604, 636, 637, 646, 668, 679, 707, 714, 775, 776, 802, 808, 839, 840, 841, 871, 895, 925, 932, 958, 959, 987, 993, ]
[0, 1, 26, 63, 64, 74, 75, 93, 102, 133, 138, 156, 231, 233, 237, 284, 319, 325, 331, 340, 345, 354, 374, 392, 404, 408, 411, 424, 434, 460, 500, 508, 529, 531, 536, 556, 557, 569, 586, 587, 599, 602, 607, 621, 626, 627, 644, 649, 681, 731, 746, 753, 754, 767, 784, 804, 805, 860, 866, 872, 895, 902, 930, 934, 935, 941, 949, 958, 968, 973, 980, 989, 992, 1004, 1005, 1006, 1018, ]
[31, 37, 57, 85, 138, 144, 165, 167, 178, 196, 218, 238, 245, 249, 252, 259, 273, 282, 283, 312, 313, 314, 315, 316, 326, 332, 336, 339, 349, 393, 396, 398, 400, 401, 403, 404, 420, 422, 427, 434, 435, 440, 456, 461, 491, 492, 493, 495, 497, 519, 564, 569, 600, 623, 629, 638, 651, 771, 776, 807, 866, 898, 903, 960, 963, ]
[20, 29, 31, 70, 78, 94, 118, 143, 162, 168, 169, 180, 195, 203, 207, 234, 249, 256, 279, 286, 292, 293, 296, 299, 308, 329, 346, 373, 411, 420, 431, 435, 466, 470, 486, 497, 519, 532, 537, 581, 592, 600, 622, 647, 651, 676, 694, 708, 760, 762, 769, 778, 803, 841, 847, 853, 869, 873, 888, 895, 904, 923, 937, 958, 964, 966, 967, 1014, 1020, ]
[17, 42, 57, 64, 93, 106, 131, 132, 136, 137, 164, 174, 176, 196, 197, 209, 231, 232, 234, 304, 345, 375, 388, 391, 396, 397, 403, 405, 408, 410, 424, 447, 462, 464, 467, 490, 498, 509, 527, 583, 630, 710, 713, 720, 745, 807, 808, 814, 824, 838, 868, 872, 875, 927, 987, 1011, ]
[1, 5, 10, 14, 23, 27, 36, 74, 105, 131, 133, 152, 164, 169, 177, 184, 204, 213, 222, 223, 232, 234, 274, 277, 296, 319, 334, 335, 345, 367, 373, 376, 383, 392, 398, 413, 425, 434, 437, 438, 439, 447, 453, 454, 456, 464, 466, 485, 487, 488, 489, 505, 509, 519, 521, 533, 543, 547, 550, 555, 558, 562, 564, 575, 584, 595, 597, 604, 614, 625, 631, 644, 653, 655, 664, 681, 683, 714, 734, 737, 744, 750, 757, 774, 776, 799, 824, 840, 844, 846, 848, 858, 864, 868, 883, 924, 954, 967, 979, 991, 1018, 1022, ]
[9, 16, 23, 30, 31, 33, 57, 100, 110, 128, 135, 149, 163, 164, 169, 196, 215, 238, 251, 260, 262, 319, 342, 346, 351, 358, 363, 371, 377, 391, 396, 400, 424, 433, 434, 456, 460, 467, 488, 491, 507, 528, 559, 560, 573, 580, 595, 617, 624, 631, 652, 742, 747, 768, 772, 778, 803, 823, 835, 836, 867, 868, 871, 873, 894, 908, 931, 932, 968, 1017, ]
[8, 27, 29, 31, 70, 79, 105, 127, 140, 167, 191, 196, 198, 200, 207, 218, 232, 240, 244, 262, 291, 293, 300, 315, 330, 341, 368, 373, 386, 393, 401, 408, 425, 429, 434, 442, 465, 468, 471, 496, 506, 508, 539, 591, 593, 625, 630, 632, 663, 677, 693, 704, 710, 720, 741, 754, 760, 766, 772, 776, 778, 824, 870, 893, 931, 934, 937, 958, 969, 993, 1001, 1016, 1019, ]
[0, 13, 20, 31, 89, 94, 103, 105, 115, 127, 130, 133, 136, 144, 188, 191, 195, 197, 217, 228, 230, 265, 286, 302, 350, 357, 358, 360, 376, 392, 405, 406, 423, 425, 428, 434, 436, 463, 473, 478, 489, 515, 526, 536, 555, 563, 564, 567, 581, 592, 595, 596, 597, 598, 611, 649, 663, 664, 671, 676, 709, 711, 712, 745, 783, 785, 790, 791, 799, 802, 823, 838, 853, 863, 869, 872, 873, 875, 876, 895, 900, 925, 940, 941, 973, 997, 1017, 1023, ]
[2, 17, 24, 33, 44, 91, 92, 131, 145, 159, 165, 168, 169, 171, 172, 187, 193, 197, 200, 206, 218, 272, 276, 278, 280, 283, 293, 295, 296, 313, 329, 337, 339, 356, 357, 358, 363, 364, 373, 375, 389, 407, 410, 425, 427, 437, 438, 456, 462, 463, 477, 479, 486, 487, 492, 508, 515, 518, 521, 526, 530, 534, 559, 560, 563, 569, 583, 585, 587, 588, 589, 599, 613, 629, 649, 652, 678, 683, 684, 689, 695, 712, 713, 719, 731, 737, 741, 753, 767, 798, 805, 806, 830, 842, 851, 888, 901, 905, 930, 958, 972, 988, 990, 993, 1000, 1014, 1019, 1020, ]
[2, 41, 58, 64, 104, 127, 132, 134, 135, 137, 190, 201, 202, 216, 223, 228, 245, 252, 265, 295, 311, 325, 368, 373, 375, 377, 382, 400, 401, 408, 409, 456, 501, 551, 600, 603, 612, 628, 681, 685, 728, 743, 749, 762, 775, 797, 817, 820, 821, 841, 843, 852, 868, 873, 903, 904, 928, 989, 995, 1017, ]
[7, 25, 63, 68, 100, 136, 177, 197, 198, 213, 221, 223, 233, 245, 249, 264, 267, 277, 287, 294, 303, 318, 324, 326, 328, 341, 342, 357, 371, 372, 375, 378, 400, 412, 441, 445, 454, 459, 476, 478, 495, 501, 504, 521, 549, 564, 570, 599, 625, 636, 639, 646, 651, 653, 680, 682, 709, 726, 745, 767, 770, 800, 802, 813, 868, 905, 914, 937, 965, 969, 1010, 1023, ]
[3, 16, 31, 32, 39, 60, 70, 94, 104, 114, 122, 138, 158, 161, 163, 168, 207, 220, 261, 277, 283, 294, 296, 304, 306, 319, 326, 332, 361, 363, 370, 377, 392, 412, 414, 437, 447, 464, 473, 479, 492, 498, 536, 543, 585, 595, 612, 623, 625, 631, 644, 645, 661, 680, 730, 774, 792, 800, 807, 828, 830, 833, 847, 875, 892, 901, 902, 915, 962, 964, 988, 993, 1023, ]
[11, 12, 25, 28, 30, 57, 69, 93, 95, 100, 103, 106, 131, 133, 135, 138, 139, 152, 165, 170, 191, 196, 200, 203, 221, 228, 233, 263, 264, 283, 287, 293, 296, 299, 313, 328, 337, 344, 357, 365, 388, 392, 393, 396, 400, 401, 406, 407, 420, 428, 429, 457, 458, 462, 463, 475, 483, 487, 495, 514, 523, 524, 526, 528, 530, 531, 532, 534, 538, 550, 552, 555, 588, 592, 593, 595, 598, 601, 616, 619, 632, 647, 667, 680, 682, 683, 691, 697, 709, 710, 711, 712, 745, 750, 759, 785, 807, 809, 831, 863, 872, 895, 906, 929, 942, 959, 960, 987, 991, 999, 1009, 1016, 1018, 1021, ]
[31, 45, 64, 90, 101, 110, 112, 139, 147, 165, 197, 229, 247, 261, 280, 290, 293, 325, 341, 351, 356, 357, 376, 381, 400, 401, 406, 426, 434, 435, 439, 453, 455, 460, 465, 466, 476, 486, 488, 493, 497, 498, 500, 523, 558, 559, 560, 585, 613, 616, 693, 696, 709, 712, 713, 767, 775, 817, 831, 832, 872, 907, 932, 953, 1004, 1020, ]
[11, 23, 28, 36, 68, 93, 97, 98, 111, 112, 123, 125, 130, 132, 133, 140, 146, 168, 180, 198, 202, 223, 228, 246, 247, 258, 259, 264, 266, 267, 280, 318, 333, 345, 349, 351, 353, 358, 375, 400, 401, 405, 408, 412, 416, 424, 430, 434, 440, 441, 442, 446, 453, 475, 480, 499, 520, 525, 528, 532, 536, 586, 588, 594, 612, 625, 640, 655, 695, 696, 710, 718, 735, 745, 748, 749, 750, 760, 763, 804, 805, 808, 815, 830, 840, 843, 871, 873, 884, 901, 927, 931, 933, 934, 936, 950, 957, 960, 962, 966, 967, 969, 990, 1001, 1017, ]
[3, 11, 26, 30, 32, 58, 77, 81, 87, 98, 103, 104, 106, 108, 131, 132, 133, 134, 148, 171, 173, 186, 188, 201, 202, 209, 215, 229, 231, 235, 240, 245, 246, 259, 264, 266, 286, 287, 289, 294, 313, 316, 324, 332, 340, 344, 359, 363, 364, 389, 401, 403, 411, 426, 427, 432, 435, 440, 446, 447, 456, 457, 459, 466, 473, 476, 488, 489, 491, 517, 519, 522, 528, 550, 552, 553, 562, 580, 583, 585, 590, 614, 618, 620, 622, 624, 627, 632, 636, 652, 655, 659, 667, 685, 717, 743, 750, 765, 776, 790, 800, 803, 806, 818, 831, 833, 853, 864, 865, 877, 879, 888, 897, 901, 904, 915, 924, 931, 937, 943, 965, 966, 968, 978, 984, 986, 988, 989, 992, 1002, 1005, 1021, ]
[29, 61, 89, 105, 108, 109, 117, 134, 148, 162, 163, 169, 191, 201, 202, 211, 215, 216, 228, 229, 240, 245, 260, 266, 280, 292, 313, 324, 342, 363, 374, 388, 422, 435, 464, 476, 478, 492, 497, 498, 505, 518, 533, 536, 563, 564, 587, 591, 597, 616, 631, 639, 646, 677, 679, 689, 696, 698, 739, 741, 744, 774, 783, 784, 827, 839, 872, 873, 933, 958, 969, 986, 1015, 1016, ]
[23, 28, 60, 63, 66, 73, 92, 93, 94, 95, 100, 127, 137, 226, 227, 229, 259, 273, 277, 290, 319, 321, 332, 341, 343, 356, 360, 364, 368, 370, 371, 374, 375, 392, 394, 399, 432, 450, 459, 492, 508, 516, 520, 524, 527, 529, 530, 549, 562, 563, 565, 568, 588, 596, 598, 599, 600, 606, 614, 624, 625, 634, 644, 653, 663, 671, 685, 703, 710, 712, 734, 735, 748, 773, 775, 784, 838, 866, 873, 925, 936, 962, ]
[23, 31, 63, 71, 90, 92, 101, 130, 136, 150, 162, 165, 190, 201, 230, 234, 245, 264, 272, 294, 303, 305, 312, 327, 330, 341, 342, 343, 344, 370, 397, 399, 415, 428, 431, 432, 433, 434, 437, 440, 441, 444, 447, 460, 465, 466, 467, 471, 472, 487, 499, 502, 516, 530, 533, 535, 538, 569, 587, 624, 662, 663, 678, 690, 697, 708, 728, 739, 756, 757, 759, 773, 776, 808, 823, 839, 840, 870, 885, 895, 900, 905, 969, 991, 999, 1012, 1023, ]
[19, 29, 39, 42, 46, 69, 93, 103, 125, 127, 135, 137, 159, 163, 188, 201, 216, 227, 238, 243, 252, 261, 291, 295, 313, 315, 355, 361, 405, 406, 407, 412, 426, 432, 435, 436, 444, 455, 464, 489, 496, 509, 510, 519, 522, 527, 532, 534, 561, 571, 583, 587, 601, 655, 662, 678, 680, 694, 719, 732, 739, 760, 804, 840, 895, 899, 936, 990, 992, 997, 1006, 1020, ]
[2, 24, 26, 30, 31, 37, 42, 60, 62, 64, 138, 150, 159, 170, 172, 187, 194, 197, 201, 203, 232, 240, 255, 262, 269, 272, 277, 279, 282, 297, 304, 339, 357, 361, 369, 378, 388, 393, 398, 404, 423, 427, 431, 432, 434, 456, 463, 470, 475, 479, 489, 491, 500, 501, 504, 505, 516, 518, 526, 528, 532, 589, 594, 621, 622, 625, 627, 629, 669, 672, 693, 717, 730, 737, 739, 741, 743, 744, 753, 775, 777, 825, 831, 841, 853, 875, 880, 889, 894, 895, 904, 924, 925, 927, 928, 955, 959, 965, 969, 1002, 1006, 1014, 1015, ]
[23, 26, 41, 63, 85, 87, 124, 137, 157, 161, 167, 189, 191, 201, 203, 211, 222, 228, 246, 251, 259, 264, 281, 291, 296, 329, 374, 399, 423, 426, 435, 452, 455, 468, 476, 496, 499, 502, 504, 507, 533, 535, 541, 543, 591, 613, 646, 656, 674, 745, 746, 748, 751, 767, 773, 776, 778, 816, 827, 829, 831, 842, 861, 868, 871, 873, 880, 894, 901, 917, 956, 968, 978, ]
[2, 27, 29, 33, 61, 64, 67, 91, 100, 101, 111, 117, 144, 159, 200, 210, 247, 259, 269, 286, 300, 303, 313, 321, 325, 336, 338, 340, 353, 360, 374, 378, 384, 390, 398, 400, 402, 412, 432, 433, 435, 441, 465, 478, 491, 496, 523, 531, 558, 561, 580, 586, 599, 623, 625, 652, 666, 693, 726, 735, 744, 750, 799, 840, 852, 871, 901, 959, 960, 969, 1010, 1019, ]
[0, 8, 17, 27, 31, 69, 102, 124, 127, 134, 140, 162, 163, 175, 180, 197, 201, 222, 233, 241, 266, 275, 278, 279, 288, 292, 294, 299, 339, 344, 354, 368, 370, 377, 379, 390, 394, 403, 404, 410, 423, 430, 454, 455, 458, 466, 475, 476, 484, 495, 521, 528, 531, 541, 550, 554, 562, 565, 583, 633, 658, 664, 669, 676, 687, 694, 702, 707, 714, 740, 749, 757, 767, 774, 806, 822, 831, 838, 839, 840, 841, 870, 888, 897, 902, 909, 923, 927, 932, 935, 966, 967, 973, 990, 994, 1022, ]
[2, 6, 28, 29, 39, 62, 101, 106, 124, 136, 169, 178, 193, 196, 200, 208, 212, 213, 232, 236, 240, 244, 245, 248, 268, 287, 295, 300, 304, 311, 344, 345, 367, 376, 380, 394, 395, 406, 414, 420, 432, 433, 442, 445, 456, 459, 473, 489, 493, 499, 500, 503, 533, 539, 551, 616, 620, 646, 647, 655, 660, 664, 682, 712, 729, 742, 743, 744, 780, 816, 848, 851, 856, 866, 873, 910, 938, 958, 961, 969, 992, 1005, 1023, ]
[0, 7, 14, 30, 39, 41, 42, 55, 69, 70, 101, 136, 168, 169, 190, 212, 221, 230, 234, 238, 249, 260, 265, 270, 293, 298, 329, 358, 385, 391, 438, 493, 505, 512, 533, 540, 551, 570, 573, 598, 611, 639, 657, 693, 712, 730, 742, 744, 751, 754, 786, 788, 811, 826, 842, 846, 866, 868, 869, 889, 901, 902, 903, 912, 934, 958, 993, ]
[47, 129, 160, 191, 192, 224, 225, 243, 256, 257, 288, 289, 292, 301, 319, 321, 335, 341, 346, 353, 354, 360, 376, 417, 448, 480, 556, 559, 600, 734, 773, 789, 814, 834, 944, 969, 1018, ]
[9, 26, 33, 47, 52, 69, 126, 137, 140, 145, 162, 165, 166, 169, 171, 180, 200, 209, 216, 227, 231, 247, 254, 264, 271, 272, 281, 304, 305, 319, 326, 330, 336, 340, 366, 383, 385, 394, 399, 412, 414, 428, 451, 456, 463, 485, 488, 489, 493, 497, 507, 518, 527, 530, 531, 563, 574, 582, 588, 593, 594, 605, 613, 616, 624, 654, 655, 679, 680, 686, 688, 695, 708, 712, 720, 739, 742, 746, 752, 758, 760, 769, 781, 783, 786, 896, 906, 910, 913, 924, 956, 966, 995, 1006, 1022, ]
[1, 25, 27, 64, 116, 126, 133, 201, 260, 266, 291, 297, 307, 326, 331, 368, 373, 379, 393, 398, 402, 408, 426, 430, 436, 439, 455, 490, 495, 515, 519, 524, 536, 560, 570, 598, 618, 631, 653, 697, 711, 744, 746, 772, 805, 808, 831, 852, 905, 928, 932, 987, 994, 1021, 1023, ]
[5, 26, 27, 28, 29, 34, 52, 107, 132, 156, 199, 202, 208, 212, 221, 229, 250, 259, 314, 339, 344, 360, 369, 375, 376, 377, 406, 414, 429, 435, 442, 443, 462, 466, 472, 483, 485, 487, 495, 496, 497, 505, 527, 530, 558, 571, 588, 599, 603, 615, 626, 663, 665, 676, 678, 725, 742, 743, 772, 775, 785, 794, 822, 862, 864, 868, 896, 902, 928, 929, 945, 961, 968, 986, 1000, 1008, 1011, ]
[4, 17, 19, 24, 41, 55, 63, 118, 119, 122, 150, 157, 159, 165, 181, 187, 195, 199, 201, 215, 222, 227, 237, 238, 246, 248, 265, 267, 279, 280, 292, 311, 312, 313, 315, 323, 337, 345, 347, 348, 349, 359, 395, 404, 412, 420, 423, 424, 435, 453, 466, 487, 494, 497, 502, 503, 506, 520, 529, 532, 595, 622, 632, 645, 656, 710, 713, 740, 766, 774, 791, 793, 829, 839, 856, 858, 867, 888, 894, 901, 913, 960, 979, 988, 991, 996, 1003, 1010, 1012, ]
[0, 3, 4, 18, 31, 35, 42, 50, 57, 61, 136, 139, 166, 169, 175, 180, 192, 196, 200, 206, 209, 228, 229, 232, 252, 260, 266, 280, 296, 298, 299, 303, 307, 309, 324, 341, 344, 358, 369, 403, 409, 412, 420, 434, 435, 452, 467, 493, 496, 498, 500, 502, 508, 520, 528, 552, 560, 561, 568, 572, 587, 598, 612, 615, 627, 634, 636, 676, 708, 709, 718, 742, 743, 757, 795, 811, 816, 824, 834, 869, 871, 892, 925, 949, 967, 969, 991, 992, ]
[12, 15, 28, 57, 78, 105, 114, 129, 139, 154, 166, 169, 179, 201, 202, 213, 223, 229, 235, 248, 265, 269, 273, 277, 282, 284, 306, 311, 312, 327, 340, 358, 375, 376, 378, 393, 403, 433, 434, 441, 445, 446, 459, 462, 464, 493, 499, 516, 517, 534, 536, 537, 547, 554, 557, 561, 565, 581, 594, 603, 631, 638, 665, 671, 712, 731, 743, 758, 769, 804, 808, 809, 825, 832, 835, 837, 843, 864, 865, 896, 897, 900, 910, 916, 923, 928, 929, 930, 938, 969, 995, 1022, ]
[25, 28, 60, 69, 74, 81, 105, 108, 116, 140, 169, 182, 191, 196, 209, 216, 219, 231, 241, 254, 256, 261, 295, 296, 298, 312, 346, 357, 372, 381, 401, 420, 434, 439, 442, 446, 490, 495, 497, 532, 561, 565, 568, 573, 578, 588, 623, 631, 670, 677, 679, 768, 769, 808, 835, 837, 911, 956, 967, 990, 1009, ]