5.093000000000000000e+03
7.335000000000000000e+03
3.610000000000000000e+02
7.768000000000000000e+03
1.114300000000000000e+04
1.009100000000000000e+04
9.153000000000000000e+03
2.046000000000000000e+03
8.781000000000000000e+03
3.834000000000000000e+03
6.649000000000000000e+03
6.500000000000000000e+01
3.113000000000000000e+03
5.104000000000000000e+03
8.486000000000000000e+03
4.920000000000000000e+02
3.406000000000000000e+03
8.013000000000000000e+03
1.050000000000000000e+02
6.547000000000000000e+03
5.740000000000000000e+02
8.880000000000000000e+03
9.396000000000000000e+03
8.031000000000000000e+03
1.041300000000000000e+04
1.009200000000000000e+04
5.884000000000000000e+03
3.742000000000000000e+03
8.379000000000000000e+03
1.945000000000000000e+03
9.138000000000000000e+03
1.128000000000000000e+03
9.613000000000000000e+03
6.911000000000000000e+03
1.061200000000000000e+04
8.030000000000000000e+02
9.076000000000000000e+03
5.379000000000000000e+03
7.757000000000000000e+03
1.129000000000000000e+04
1.351000000000000000e+03
5.887000000000000000e+03
4.441000000000000000e+03
4.580000000000000000e+02
1.264000000000000000e+03
9.250000000000000000e+03
9.193000000000000000e+03
5.261000000000000000e+03
1.012400000000000000e+04
8.082000000000000000e+03
