1.870000000000000000e+03
1.014000000000000000e+03
3.790000000000000000e+03
3.488000000000000000e+03
1.790000000000000000e+02
2.292000000000000000e+03
3.775000000000000000e+03
3.817000000000000000e+03
3.158000000000000000e+03
8.460000000000000000e+02
2.430000000000000000e+02
3.614000000000000000e+03
1.194000000000000000e+03
4.424000000000000000e+03
1.744000000000000000e+03
2.171000000000000000e+03
2.403000000000000000e+03
8.840000000000000000e+02
1.410000000000000000e+03
4.345000000000000000e+03
8.240000000000000000e+02
1.211000000000000000e+03
3.912000000000000000e+03
2.446000000000000000e+03
4.020000000000000000e+03
2.172000000000000000e+03
7.380000000000000000e+02
8.640000000000000000e+02
3.237000000000000000e+03
7.550000000000000000e+02
1.920000000000000000e+03
4.156000000000000000e+03
1.494000000000000000e+03
4.860000000000000000e+02
1.544000000000000000e+03
3.615000000000000000e+03
3.243000000000000000e+03
1.824000000000000000e+03
1.950000000000000000e+03
2.541000000000000000e+03
3.077000000000000000e+03
2.471000000000000000e+03
1.485000000000000000e+03
9.750000000000000000e+02
4.204000000000000000e+03
2.454000000000000000e+03
1.758000000000000000e+03
2.870000000000000000e+03
2.975000000000000000e+03
3.696000000000000000e+03
