1.870000000000000000e+03
2.847000000000000000e+03
2.584000000000000000e+03
8.840000000000000000e+02
3.786000000000000000e+03
9.620000000000000000e+02
3.158000000000000000e+03
1.188000000000000000e+03
4.450000000000000000e+02
2.782000000000000000e+03
2.239000000000000000e+03
1.929000000000000000e+03
2.910000000000000000e+02
1.194000000000000000e+03
3.912000000000000000e+03
8.030000000000000000e+02
2.010000000000000000e+03
2.870000000000000000e+03
1.709000000000000000e+03
2.329000000000000000e+03
1.544000000000000000e+03
7.550000000000000000e+02
2.320000000000000000e+03
3.729000000000000000e+03
2.627000000000000000e+03
2.664000000000000000e+03
1.014000000000000000e+03
3.434000000000000000e+03
2.172000000000000000e+03
8.590000000000000000e+02
3.817000000000000000e+03
3.857000000000000000e+03
3.790000000000000000e+02
1.761000000000000000e+03
9.840000000000000000e+02
4.204000000000000000e+03
1.813000000000000000e+03
1.411000000000000000e+03
1.417000000000000000e+03
9.750000000000000000e+02
2.150000000000000000e+03
2.794000000000000000e+03
3.488000000000000000e+03
3.671000000000000000e+03
2.471000000000000000e+03
3.326000000000000000e+03
8.500000000000000000e+01
6.970000000000000000e+02
4.156000000000000000e+03
3.466000000000000000e+03
