1.870000000000000000e+03
3.488000000000000000e+03
1.014000000000000000e+03
3.790000000000000000e+03
1.790000000000000000e+02
3.466000000000000000e+03
3.859000000000000000e+03
3.490000000000000000e+03
2.292000000000000000e+03
2.512000000000000000e+03
2.172000000000000000e+03
3.020000000000000000e+03
2.131000000000000000e+03
2.910000000000000000e+02
2.446000000000000000e+03
5.000000000000000000e+00
3.158000000000000000e+03
3.817000000000000000e+03
2.770000000000000000e+02
3.912000000000000000e+03
4.156000000000000000e+03
2.794000000000000000e+03
8.640000000000000000e+02
1.180000000000000000e+02
1.194000000000000000e+03
2.908000000000000000e+03
2.071000000000000000e+03
1.929000000000000000e+03
4.020000000000000000e+03
3.786000000000000000e+03
2.359000000000000000e+03
9.840000000000000000e+02
4.424000000000000000e+03
3.592000000000000000e+03
1.867000000000000000e+03
3.237000000000000000e+03
4.432000000000000000e+03
1.410000000000000000e+03
1.464000000000000000e+03
4.049000000000000000e+03
3.180000000000000000e+02
1.500000000000000000e+02
1.515000000000000000e+03
1.018000000000000000e+03
1.417000000000000000e+03
3.307000000000000000e+03
9.750000000000000000e+02
2.858000000000000000e+03
3.540000000000000000e+02
1.560000000000000000e+02
