1.050000000000000000e+02
5.830000000000000000e+02
9.000000000000000000e+00
4.710000000000000000e+02
1.340000000000000000e+02
2.150000000000000000e+02
3.950000000000000000e+02
7.300000000000000000e+01
1.660000000000000000e+02
1.720000000000000000e+02
3.940000000000000000e+02
4.100000000000000000e+01
1.040000000000000000e+02
2.140000000000000000e+02
5.140000000000000000e+02
1.380000000000000000e+02
8.000000000000000000e+00
1.030000000000000000e+02
1.060000000000000000e+02
5.480000000000000000e+02
1.350000000000000000e+02
2.130000000000000000e+02
7.100000000000000000e+01
1.430000000000000000e+02
5.160000000000000000e+02
1.370000000000000000e+02
1.000000000000000000e+01
1.020000000000000000e+02
3.930000000000000000e+02
7.200000000000000000e+01
1.840000000000000000e+02
1.390000000000000000e+02
1.360000000000000000e+02
3.960000000000000000e+02
4.000000000000000000e+01
1.670000000000000000e+02
1.730000000000000000e+02
5.150000000000000000e+02
1.070000000000000000e+02
2.160000000000000000e+02
7.000000000000000000e+00
1.650000000000000000e+02
7.400000000000000000e+01
5.490000000000000000e+02
1.830000000000000000e+02
1.330000000000000000e+02
1.740000000000000000e+02
5.170000000000000000e+02
4.730000000000000000e+02
1.080000000000000000e+02
