1.082000000000000000e+03
1.927000000000000000e+03
3.670000000000000000e+02
1.081000000000000000e+03
1.084000000000000000e+03
2.337000000000000000e+03
1.805000000000000000e+03
2.171000000000000000e+03
1.202000000000000000e+03
9.620000000000000000e+02
1.992000000000000000e+03
4.270000000000000000e+02
1.383000000000000000e+03
1.016000000000000000e+03
9.020000000000000000e+02
1.866000000000000000e+03
1.024000000000000000e+03
1.641000000000000000e+03
1.865000000000000000e+03
8.420000000000000000e+02
4.860000000000000000e+02
1.745000000000000000e+03
1.142000000000000000e+03
5.980000000000000000e+02
1.926000000000000000e+03
9.610000000000000000e+02
1.324000000000000000e+03
9.000000000000000000e+02
2.107000000000000000e+03
2.038000000000000000e+03
1.022000000000000000e+03
2.172000000000000000e+03
3.090000000000000000e+02
1.322000000000000000e+03
1.266000000000000000e+03
1.021000000000000000e+03
2.338000000000000000e+03
4.260000000000000000e+02
1.203000000000000000e+03
2.170000000000000000e+03
9.010000000000000000e+02
9.640000000000000000e+02
1.924000000000000000e+03
4.190000000000000000e+02
1.300000000000000000e+02
8.430000000000000000e+02
1.867000000000000000e+03
1.323000000000000000e+03
2.232000000000000000e+03
7.830000000000000000e+02
