2.979000000000000000e+03
4.191000000000000000e+03
8.600000000000000000e+01
4.322000000000000000e+03
9.487000000000000000e+03
6.501000000000000000e+03
9.995000000000000000e+03
9.087000000000000000e+03
2.529000000000000000e+03
7.800000000000000000e+03
2.603000000000000000e+03
8.939000000000000000e+03
4.290000000000000000e+02
3.121000000000000000e+03
8.735000000000000000e+03
5.630000000000000000e+03
9.368000000000000000e+03
9.923000000000000000e+03
1.353000000000000000e+03
2.300000000000000000e+02
9.388000000000000000e+03
5.023000000000000000e+03
2.955000000000000000e+03
9.981000000000000000e+03
8.486000000000000000e+03
4.252000000000000000e+03
6.442000000000000000e+03
6.430000000000000000e+03
6.294000000000000000e+03
5.000000000000000000e+00
9.322000000000000000e+03
5.248000000000000000e+03
4.868000000000000000e+03
2.027000000000000000e+03
2.184000000000000000e+03
3.274000000000000000e+03
9.821000000000000000e+03
8.950000000000000000e+02
3.478000000000000000e+03
9.548000000000000000e+03
1.060000000000000000e+02
7.643000000000000000e+03
1.912000000000000000e+03
7.664000000000000000e+03
5.540000000000000000e+02
4.021000000000000000e+03
6.268000000000000000e+03
8.550000000000000000e+03
4.905000000000000000e+03
6.557000000000000000e+03
