1.061200000000000000e+04
1.009100000000000000e+04
7.335000000000000000e+03
6.496000000000000000e+03
5.851000000000000000e+03
6.448000000000000000e+03
6.306000000000000000e+03
2.110000000000000000e+02
9.059000000000000000e+03
1.074800000000000000e+04
5.890000000000000000e+03
2.705000000000000000e+03
6.370000000000000000e+02
2.584000000000000000e+03
4.594000000000000000e+03
4.287000000000000000e+03
8.523000000000000000e+03
2.880000000000000000e+02
4.039000000000000000e+03
2.177000000000000000e+03
8.463000000000000000e+03
2.447000000000000000e+03
1.057700000000000000e+04
1.116500000000000000e+04
9.840000000000000000e+02
7.718000000000000000e+03
1.205000000000000000e+03
4.706000000000000000e+03
1.057900000000000000e+04
7.292000000000000000e+03
3.580000000000000000e+03
9.300000000000000000e+02
6.962000000000000000e+03
8.477000000000000000e+03
2.583000000000000000e+03
3.342000000000000000e+03
5.224000000000000000e+03
9.067000000000000000e+03
6.590000000000000000e+02
4.127000000000000000e+03
3.935000000000000000e+03
2.721000000000000000e+03
3.291000000000000000e+03
2.630000000000000000e+02
8.550000000000000000e+02
8.354000000000000000e+03
9.016000000000000000e+03
3.251000000000000000e+03
6.422000000000000000e+03
2.366000000000000000e+03
