1.061200000000000000e+04
1.009100000000000000e+04
7.335000000000000000e+03
3.410000000000000000e+02
9.582000000000000000e+03
9.812000000000000000e+03
7.212000000000000000e+03
5.684000000000000000e+03
9.854000000000000000e+03
5.140000000000000000e+03
7.718000000000000000e+03
5.967000000000000000e+03
9.720000000000000000e+02
4.706000000000000000e+03
3.417000000000000000e+03
2.211000000000000000e+03
2.934000000000000000e+03
9.261000000000000000e+03
2.580000000000000000e+03
9.856000000000000000e+03
7.992000000000000000e+03
3.251000000000000000e+03
2.388000000000000000e+03
7.243000000000000000e+03
4.459000000000000000e+03
6.481000000000000000e+03
1.560000000000000000e+03
4.040000000000000000e+03
5.699000000000000000e+03
5.966000000000000000e+03
8.463000000000000000e+03
9.580000000000000000e+02
6.590000000000000000e+02
7.999000000000000000e+03
4.127000000000000000e+03
3.291000000000000000e+03
4.375000000000000000e+03
7.940000000000000000e+02
2.939000000000000000e+03
1.062700000000000000e+04
3.931000000000000000e+03
3.247000000000000000e+03
2.176000000000000000e+03
6.962000000000000000e+03
2.772000000000000000e+03
7.145000000000000000e+03
1.064000000000000000e+03
8.295000000000000000e+03
5.420000000000000000e+03
3.580000000000000000e+03
