1.061200000000000000e+04
1.009100000000000000e+04
3.113000000000000000e+03
9.396000000000000000e+03
2.982000000000000000e+03
1.560000000000000000e+03
6.749000000000000000e+03
8.550000000000000000e+02
2.028000000000000000e+03
7.207000000000000000e+03
3.795000000000000000e+03
6.438000000000000000e+03
8.456000000000000000e+03
8.360000000000000000e+02
8.605000000000000000e+03
2.583000000000000000e+03
3.611000000000000000e+03
8.898000000000000000e+03
5.673000000000000000e+03
7.087000000000000000e+03
8.563000000000000000e+03
8.367000000000000000e+03
1.095400000000000000e+04
7.375000000000000000e+03
9.580000000000000000e+02
6.590000000000000000e+02
8.849000000000000000e+03
6.289000000000000000e+03
9.720000000000000000e+02
1.051900000000000000e+04
4.801000000000000000e+03
3.580000000000000000e+03
7.950000000000000000e+03
7.171000000000000000e+03
6.074000000000000000e+03
3.055000000000000000e+03
5.986000000000000000e+03
7.219000000000000000e+03
1.119000000000000000e+03
9.513000000000000000e+03
3.330000000000000000e+02
8.770000000000000000e+03
1.277000000000000000e+03
1.466000000000000000e+03
3.602000000000000000e+03
3.735000000000000000e+03
3.911000000000000000e+03
1.780000000000000000e+03
3.431000000000000000e+03
1.115800000000000000e+04
