1.061200000000000000e+04
6.230000000000000000e+03
9.356000000000000000e+03
1.126700000000000000e+04
6.669000000000000000e+03
9.544000000000000000e+03
7.219000000000000000e+03
4.563000000000000000e+03
5.497000000000000000e+03
9.458000000000000000e+03
1.046100000000000000e+04
6.962000000000000000e+03
7.798000000000000000e+03
7.320000000000000000e+03
6.606000000000000000e+03
6.074000000000000000e+03
3.291000000000000000e+03
9.125000000000000000e+03
3.546000000000000000e+03
6.652000000000000000e+03
1.074800000000000000e+04
3.342000000000000000e+03
9.300000000000000000e+02
6.605000000000000000e+03
1.057700000000000000e+04
1.205000000000000000e+03
1.011500000000000000e+04
6.910000000000000000e+02
1.051700000000000000e+04
3.580000000000000000e+03
1.642000000000000000e+03
5.525000000000000000e+03
8.920000000000000000e+02
1.068700000000000000e+04
3.821000000000000000e+03
6.333000000000000000e+03
6.454000000000000000e+03
8.463000000000000000e+03
1.419000000000000000e+03
7.483000000000000000e+03
8.456000000000000000e+03
3.247000000000000000e+03
7.999000000000000000e+03
1.010200000000000000e+04
5.224000000000000000e+03
7.023000000000000000e+03
1.065900000000000000e+04
4.315000000000000000e+03
2.705000000000000000e+03
3.697000000000000000e+03
