1.870000000000000000e+03
4.280000000000000000e+03
7.080000000000000000e+02
3.897000000000000000e+03
3.844000000000000000e+03
1.488000000000000000e+03
4.230000000000000000e+03
9.620000000000000000e+02
4.432000000000000000e+03
2.800000000000000000e+01
4.368000000000000000e+03
9.950000000000000000e+02
6.360000000000000000e+02
3.213000000000000000e+03
2.554000000000000000e+03
3.521000000000000000e+03
2.796000000000000000e+03
3.902000000000000000e+03
3.033000000000000000e+03
1.053000000000000000e+03
3.759000000000000000e+03
3.512000000000000000e+03
4.560000000000000000e+02
2.312000000000000000e+03
3.975000000000000000e+03
1.650000000000000000e+03
3.333000000000000000e+03
7.530000000000000000e+02
2.826000000000000000e+03
4.046000000000000000e+03
3.454000000000000000e+03
3.602000000000000000e+03
1.318000000000000000e+03
3.298000000000000000e+03
3.770000000000000000e+02
2.240000000000000000e+03
4.414000000000000000e+03
2.492000000000000000e+03
3.111000000000000000e+03
2.907000000000000000e+03
1.958000000000000000e+03
5.850000000000000000e+02
1.000000000000000000e+01
3.775000000000000000e+03
3.500000000000000000e+03
1.290000000000000000e+02
3.037000000000000000e+03
4.300000000000000000e+03
2.761000000000000000e+03
4.011000000000000000e+03
