9.857000000000000000e+03
2.692000000000000000e+03
9.810000000000000000e+02
8.240000000000000000e+02
4.528000000000000000e+03
8.784000000000000000e+03
8.055000000000000000e+03
4.672000000000000000e+03
5.210000000000000000e+03
4.452000000000000000e+03
7.815000000000000000e+03
5.572000000000000000e+03
3.879000000000000000e+03
4.236000000000000000e+03
5.427000000000000000e+03
6.358000000000000000e+03
4.640000000000000000e+03
8.051000000000000000e+03
5.099000000000000000e+03
4.228000000000000000e+03
7.986000000000000000e+03
5.662000000000000000e+03
3.015000000000000000e+03
4.417000000000000000e+03
4.347000000000000000e+03
7.773000000000000000e+03
5.461000000000000000e+03
3.893000000000000000e+03
1.163000000000000000e+03
4.124000000000000000e+03
8.001000000000000000e+03
4.795000000000000000e+03
7.878000000000000000e+03
3.185000000000000000e+03
4.869000000000000000e+03
8.773000000000000000e+03
5.239000000000000000e+03
8.276000000000000000e+03
5.438000000000000000e+03
5.237000000000000000e+03
5.209000000000000000e+03
1.190000000000000000e+03
8.671000000000000000e+03
7.884000000000000000e+03
6.470000000000000000e+03
2.849000000000000000e+03
5.235000000000000000e+03
4.529000000000000000e+03
4.788000000000000000e+03
5.317000000000000000e+03
