9.857000000000000000e+03
6.613000000000000000e+03
7.540000000000000000e+02
5.120000000000000000e+02
8.050000000000000000e+03
8.001000000000000000e+03
8.164000000000000000e+03
5.210000000000000000e+03
4.452000000000000000e+03
7.556000000000000000e+03
5.887000000000000000e+03
8.781000000000000000e+03
7.815000000000000000e+03
4.339000000000000000e+03
2.060000000000000000e+03
4.124000000000000000e+03
5.427000000000000000e+03
5.349000000000000000e+03
8.055000000000000000e+03
1.882000000000000000e+03
5.239000000000000000e+03
3.185000000000000000e+03
8.773000000000000000e+03
8.673000000000000000e+03
4.640000000000000000e+03
5.099000000000000000e+03
6.880000000000000000e+03
5.348000000000000000e+03
3.352000000000000000e+03
8.276000000000000000e+03
7.783000000000000000e+03
1.424000000000000000e+03
3.782000000000000000e+03
8.002000000000000000e+03
8.051000000000000000e+03
4.228000000000000000e+03
4.459000000000000000e+03
5.461000000000000000e+03
7.816000000000000000e+03
5.662000000000000000e+03
6.358000000000000000e+03
7.891000000000000000e+03
7.325000000000000000e+03
4.114000000000000000e+03
5.098000000000000000e+03
3.990000000000000000e+03
4.236000000000000000e+03
8.786000000000000000e+03
1.768000000000000000e+03
8.544000000000000000e+03
