1.520000000000000000e+02
5.600000000000000000e+01
2.140000000000000000e+02
1.560000000000000000e+02
4.800000000000000000e+01
1.120000000000000000e+02
8.200000000000000000e+01
1.700000000000000000e+02
1.110000000000000000e+02
2.190000000000000000e+02
1.160000000000000000e+02
1.450000000000000000e+02
1.300000000000000000e+02
1.260000000000000000e+02
9.700000000000000000e+01
1.250000000000000000e+02
1.150000000000000000e+02
1.440000000000000000e+02
1.310000000000000000e+02
8.300000000000000000e+01
1.590000000000000000e+02
1.600000000000000000e+02
1.270000000000000000e+02
2.200000000000000000e+02
1.850000000000000000e+02
2.040000000000000000e+02
2.340000000000000000e+02
2.000000000000000000e+02
1.860000000000000000e+02
1.840000000000000000e+02
2.180000000000000000e+02
1.020000000000000000e+02
1.990000000000000000e+02
2.050000000000000000e+02
2.350000000000000000e+02
1.710000000000000000e+02
2.010000000000000000e+02
2.030000000000000000e+02
2.330000000000000000e+02
1.890000000000000000e+02
1.400000000000000000e+02
9.600000000000000000e+01
1.570000000000000000e+02
2.020000000000000000e+02
9.800000000000000000e+01
1.870000000000000000e+02
1.100000000000000000e+02
1.290000000000000000e+02
6.800000000000000000e+01
1.410000000000000000e+02
