2.585000000000000000e+03
4.162000000000000000e+03
4.237000000000000000e+03
2.390000000000000000e+02
6.250000000000000000e+02
4.842000000000000000e+03
5.896000000000000000e+03
4.746000000000000000e+03
5.522000000000000000e+03
2.065000000000000000e+03
1.701000000000000000e+03
4.479000000000000000e+03
4.926000000000000000e+03
1.677000000000000000e+03
5.152000000000000000e+03
2.084000000000000000e+03
1.113000000000000000e+03
9.200000000000000000e+02
5.182000000000000000e+03
2.450000000000000000e+02
5.038000000000000000e+03
4.709000000000000000e+03
5.235000000000000000e+03
8.660000000000000000e+02
5.510000000000000000e+03
4.681000000000000000e+03
2.920000000000000000e+02
8.400000000000000000e+01
3.505000000000000000e+03
3.358000000000000000e+03
2.639000000000000000e+03
1.374000000000000000e+03
5.836000000000000000e+03
4.982000000000000000e+03
9.360000000000000000e+02
3.576000000000000000e+03
6.220000000000000000e+02
5.270000000000000000e+02
4.085000000000000000e+03
5.360000000000000000e+02
5.624000000000000000e+03
2.600000000000000000e+02
2.884000000000000000e+03
1.310000000000000000e+03
1.452000000000000000e+03
1.754000000000000000e+03
2.882000000000000000e+03
5.254000000000000000e+03
6.300000000000000000e+01
4.400000000000000000e+01
