4.162000000000000000e+03
4.959000000000000000e+03
2.710000000000000000e+03
3.218000000000000000e+03
6.250000000000000000e+02
5.915000000000000000e+03
5.088000000000000000e+03
4.982000000000000000e+03
1.691000000000000000e+03
2.084000000000000000e+03
5.322000000000000000e+03
3.084000000000000000e+03
3.092000000000000000e+03
1.701000000000000000e+03
5.008000000000000000e+03
3.665000000000000000e+03
4.798000000000000000e+03
1.452000000000000000e+03
8.640000000000000000e+02
2.231000000000000000e+03
5.254000000000000000e+03
6.220000000000000000e+02
3.800000000000000000e+01
5.078000000000000000e+03
2.660000000000000000e+03
5.427000000000000000e+03
4.926000000000000000e+03
2.526000000000000000e+03
5.760000000000000000e+02
3.341000000000000000e+03
1.715000000000000000e+03
5.510000000000000000e+03
1.651000000000000000e+03
1.113000000000000000e+03
4.000000000000000000e+00
4.085000000000000000e+03
4.709000000000000000e+03
6.180000000000000000e+02
4.352000000000000000e+03
2.808000000000000000e+03
4.203000000000000000e+03
5.270000000000000000e+02
3.853000000000000000e+03
6.210000000000000000e+02
3.715000000000000000e+03
5.650000000000000000e+03
3.483000000000000000e+03
3.708000000000000000e+03
5.128000000000000000e+03
4.155000000000000000e+03
