4.162000000000000000e+03
2.710000000000000000e+03
3.077000000000000000e+03
5.154000000000000000e+03
1.738000000000000000e+03
3.050000000000000000e+03
2.188000000000000000e+03
8.900000000000000000e+02
1.113000000000000000e+03
2.762000000000000000e+03
1.677000000000000000e+03
2.084000000000000000e+03
1.349000000000000000e+03
1.701000000000000000e+03
4.479000000000000000e+03
2.447000000000000000e+03
4.521000000000000000e+03
3.951000000000000000e+03
1.050000000000000000e+02
4.709000000000000000e+03
4.352000000000000000e+03
3.084000000000000000e+03
1.694000000000000000e+03
4.014000000000000000e+03
8.400000000000000000e+01
4.926000000000000000e+03
5.427000000000000000e+03
5.152000000000000000e+03
4.463000000000000000e+03
3.715000000000000000e+03
5.510000000000000000e+03
3.576000000000000000e+03
2.250000000000000000e+02
2.884000000000000000e+03
6.030000000000000000e+02
3.358000000000000000e+03
3.483000000000000000e+03
1.689000000000000000e+03
3.188000000000000000e+03
5.674000000000000000e+03
4.085000000000000000e+03
8.660000000000000000e+02
3.083000000000000000e+03
5.836000000000000000e+03
1.654000000000000000e+03
6.250000000000000000e+02
8.640000000000000000e+02
4.797000000000000000e+03
6.930000000000000000e+02
5.235000000000000000e+03
