4.162000000000000000e+03
4.959000000000000000e+03
2.710000000000000000e+03
3.218000000000000000e+03
1.578000000000000000e+03
4.172000000000000000e+03
8.250000000000000000e+02
1.910000000000000000e+02
1.964000000000000000e+03
4.576000000000000000e+03
2.681000000000000000e+03
4.400000000000000000e+01
5.427000000000000000e+03
2.084000000000000000e+03
1.349000000000000000e+03
3.590000000000000000e+03
5.160000000000000000e+02
2.997000000000000000e+03
3.576000000000000000e+03
2.989000000000000000e+03
4.982000000000000000e+03
5.571000000000000000e+03
2.884000000000000000e+03
1.374000000000000000e+03
4.440000000000000000e+02
5.840000000000000000e+03
4.000000000000000000e+00
2.882000000000000000e+03
5.270000000000000000e+02
3.507000000000000000e+03
1.455000000000000000e+03
8.640000000000000000e+02
1.452000000000000000e+03
1.400000000000000000e+03
3.084000000000000000e+03
5.472000000000000000e+03
3.505000000000000000e+03
1.691000000000000000e+03
3.350000000000000000e+02
4.692000000000000000e+03
2.220000000000000000e+02
4.829000000000000000e+03
4.826000000000000000e+03
6.220000000000000000e+02
4.656000000000000000e+03
4.966000000000000000e+03
1.768000000000000000e+03
1.238000000000000000e+03
4.900000000000000000e+01
5.474000000000000000e+03
