3.270000000000000000e+02
4.900000000000000000e+01
6.200000000000000000e+01
1.620000000000000000e+02
3.820000000000000000e+02
1.500000000000000000e+01
3.870000000000000000e+02
9.600000000000000000e+01
2.590000000000000000e+02
3.490000000000000000e+02
2.400000000000000000e+02
4.430000000000000000e+02
9.300000000000000000e+01
9.900000000000000000e+01
1.560000000000000000e+02
1.130000000000000000e+02
6.000000000000000000e+00
3.850000000000000000e+02
2.760000000000000000e+02
3.930000000000000000e+02
2.660000000000000000e+02
9.200000000000000000e+01
2.550000000000000000e+02
3.780000000000000000e+02
3.000000000000000000e+01
4.520000000000000000e+02
4.110000000000000000e+02
1.040000000000000000e+02
1.460000000000000000e+02
3.790000000000000000e+02
3.140000000000000000e+02
9.400000000000000000e+01
2.290000000000000000e+02
1.090000000000000000e+02
4.500000000000000000e+02
2.710000000000000000e+02
1.050000000000000000e+02
1.000000000000000000e+00
2.570000000000000000e+02
3.840000000000000000e+02
3.640000000000000000e+02
1.520000000000000000e+02
2.540000000000000000e+02
4.140000000000000000e+02
8.100000000000000000e+01
1.900000000000000000e+01
1.420000000000000000e+02
4.450000000000000000e+02
2.600000000000000000e+02
1.280000000000000000e+02
