3.280000000000000000e+02
8.900000000000000000e+01
4.700000000000000000e+01
3.820000000000000000e+02
8.100000000000000000e+01
4.430000000000000000e+02
3.060000000000000000e+02
1.410000000000000000e+02
2.590000000000000000e+02
2.400000000000000000e+02
3.870000000000000000e+02
1.220000000000000000e+02
3.490000000000000000e+02
6.000000000000000000e+00
1.460000000000000000e+02
4.520000000000000000e+02
3.140000000000000000e+02
2.720000000000000000e+02
3.850000000000000000e+02
1.130000000000000000e+02
4.450000000000000000e+02
3.790000000000000000e+02
8.700000000000000000e+01
9.200000000000000000e+01
2.660000000000000000e+02
9.400000000000000000e+01
1.400000000000000000e+01
3.840000000000000000e+02
1.840000000000000000e+02
4.540000000000000000e+02
3.780000000000000000e+02
9.300000000000000000e+01
1.560000000000000000e+02
3.900000000000000000e+01
1.090000000000000000e+02
2.550000000000000000e+02
1.120000000000000000e+02
9.600000000000000000e+01
2.760000000000000000e+02
1.060000000000000000e+02
1.280000000000000000e+02
3.640000000000000000e+02
1.520000000000000000e+02
3.000000000000000000e+01
1.100000000000000000e+02
9.900000000000000000e+01
1.030000000000000000e+02
3.970000000000000000e+02
1.390000000000000000e+02
4.030000000000000000e+02
