2.664000000000000000e+03
2.756000000000000000e+03
1.870000000000000000e+03
4.401000000000000000e+03
3.932000000000000000e+03
4.390000000000000000e+02
1.100000000000000000e+01
5.354000000000000000e+03
3.177000000000000000e+03
4.639000000000000000e+03
1.387000000000000000e+03
5.486000000000000000e+03
3.278000000000000000e+03
4.172000000000000000e+03
3.160000000000000000e+02
2.507000000000000000e+03
6.520000000000000000e+02
2.909000000000000000e+03
4.867000000000000000e+03
1.384000000000000000e+03
5.535000000000000000e+03
2.433000000000000000e+03
3.108000000000000000e+03
1.075000000000000000e+03
3.175000000000000000e+03
4.743000000000000000e+03
2.264000000000000000e+03
1.311000000000000000e+03
2.876000000000000000e+03
2.518000000000000000e+03
4.460000000000000000e+02
4.084000000000000000e+03
3.520000000000000000e+03
4.061000000000000000e+03
4.576000000000000000e+03
2.314000000000000000e+03
3.420000000000000000e+02
3.606000000000000000e+03
4.859000000000000000e+03
2.966000000000000000e+03
3.060000000000000000e+03
3.994000000000000000e+03
1.317000000000000000e+03
5.211000000000000000e+03
1.428000000000000000e+03
3.593000000000000000e+03
4.155000000000000000e+03
2.106000000000000000e+03
5.421000000000000000e+03
1.012000000000000000e+03
