2.664000000000000000e+03
2.756000000000000000e+03
1.870000000000000000e+03
2.722000000000000000e+03
4.988000000000000000e+03
4.994000000000000000e+03
3.256000000000000000e+03
3.848000000000000000e+03
4.063000000000000000e+03
2.517000000000000000e+03
4.743000000000000000e+03
2.106000000000000000e+03
4.460000000000000000e+02
2.518000000000000000e+03
4.084000000000000000e+03
4.845000000000000000e+03
3.994000000000000000e+03
3.767000000000000000e+03
3.484000000000000000e+03
8.980000000000000000e+02
2.909000000000000000e+03
1.238000000000000000e+03
1.722000000000000000e+03
5.354000000000000000e+03
3.060000000000000000e+03
3.160000000000000000e+02
1.797000000000000000e+03
1.311000000000000000e+03
2.996000000000000000e+03
1.116000000000000000e+03
5.960000000000000000e+02
1.387000000000000000e+03
4.867000000000000000e+03
2.314000000000000000e+03
3.108000000000000000e+03
4.061000000000000000e+03
5.220000000000000000e+02
2.507000000000000000e+03
2.578000000000000000e+03
1.075000000000000000e+03
3.596000000000000000e+03
1.344000000000000000e+03
2.966000000000000000e+03
2.998000000000000000e+03
4.799000000000000000e+03
3.056000000000000000e+03
2.142000000000000000e+03
4.556000000000000000e+03
1.271000000000000000e+03
3.302000000000000000e+03
