2.664000000000000000e+03
2.756000000000000000e+03
1.470000000000000000e+03
2.722000000000000000e+03
4.700000000000000000e+02
1.271000000000000000e+03
3.211000000000000000e+03
2.526000000000000000e+03
8.500000000000000000e+01
2.330000000000000000e+03
1.349000000000000000e+03
1.311000000000000000e+03
2.966000000000000000e+03
3.160000000000000000e+02
2.518000000000000000e+03
2.092000000000000000e+03
6.420000000000000000e+02
3.606000000000000000e+03
2.314000000000000000e+03
1.075000000000000000e+03
3.459000000000000000e+03
3.108000000000000000e+03
3.484000000000000000e+03
2.142000000000000000e+03
5.960000000000000000e+02
4.084000000000000000e+03
1.891000000000000000e+03
3.593000000000000000e+03
3.061000000000000000e+03
1.116000000000000000e+03
4.743000000000000000e+03
2.909000000000000000e+03
2.998000000000000000e+03
5.180000000000000000e+03
1.238000000000000000e+03
4.460000000000000000e+02
2.106000000000000000e+03
1.387000000000000000e+03
4.061000000000000000e+03
3.972000000000000000e+03
3.167000000000000000e+03
1.344000000000000000e+03
3.834000000000000000e+03
1.440000000000000000e+03
1.310000000000000000e+03
2.578000000000000000e+03
5.341000000000000000e+03
3.483000000000000000e+03
3.921000000000000000e+03
3.056000000000000000e+03
