2.664000000000000000e+03
2.756000000000000000e+03
1.490000000000000000e+02
1.470000000000000000e+03
4.004000000000000000e+03
2.353000000000000000e+03
4.700000000000000000e+02
1.012000000000000000e+03
2.909000000000000000e+03
5.060000000000000000e+03
1.344000000000000000e+03
5.421000000000000000e+03
2.314000000000000000e+03
2.966000000000000000e+03
2.507000000000000000e+03
3.420000000000000000e+02
4.061000000000000000e+03
3.060000000000000000e+03
4.084000000000000000e+03
5.354000000000000000e+03
2.433000000000000000e+03
3.767000000000000000e+03
4.799000000000000000e+03
5.341000000000000000e+03
3.483000000000000000e+03
3.220000000000000000e+02
3.108000000000000000e+03
2.998000000000000000e+03
2.518000000000000000e+03
1.387000000000000000e+03
1.311000000000000000e+03
1.075000000000000000e+03
4.460000000000000000e+02
3.484000000000000000e+03
3.994000000000000000e+03
4.743000000000000000e+03
1.238000000000000000e+03
3.950000000000000000e+03
1.559000000000000000e+03
5.960000000000000000e+02
3.302000000000000000e+03
5.535000000000000000e+03
3.606000000000000000e+03
2.526000000000000000e+03
2.092000000000000000e+03
5.211000000000000000e+03
2.334000000000000000e+03
3.160000000000000000e+02
3.827000000000000000e+03
4.867000000000000000e+03
