3.527000000000000000e+03
3.262000000000000000e+03
1.168000000000000000e+03
5.068000000000000000e+03
3.119000000000000000e+03
6.480000000000000000e+02
2.896000000000000000e+03
2.208000000000000000e+03
3.916000000000000000e+03
2.331000000000000000e+03
3.237000000000000000e+03
2.075000000000000000e+03
4.869000000000000000e+03
8.400000000000000000e+02
2.695000000000000000e+03
2.772000000000000000e+03
1.428000000000000000e+03
3.463000000000000000e+03
5.542000000000000000e+03
1.344000000000000000e+03
2.773000000000000000e+03
3.580000000000000000e+03
4.230000000000000000e+02
4.335000000000000000e+03
3.196000000000000000e+03
2.793000000000000000e+03
3.408000000000000000e+03
2.858000000000000000e+03
2.158000000000000000e+03
2.600000000000000000e+02
4.786000000000000000e+03
2.982000000000000000e+03
5.383000000000000000e+03
6.800000000000000000e+02
4.845000000000000000e+03
5.656000000000000000e+03
2.256000000000000000e+03
4.340000000000000000e+02
3.544000000000000000e+03
4.438000000000000000e+03
4.274000000000000000e+03
4.816000000000000000e+03
3.251000000000000000e+03
5.704000000000000000e+03
4.600000000000000000e+01
2.458000000000000000e+03
3.926000000000000000e+03
2.501000000000000000e+03
5.710000000000000000e+03
1.093000000000000000e+03
