1.365000000000000000e+03
2.865000000000000000e+03
2.598000000000000000e+03
2.540000000000000000e+03
4.100000000000000000e+03
1.612000000000000000e+03
1.528000000000000000e+03
5.082000000000000000e+03
5.198000000000000000e+03
1.939000000000000000e+03
4.858000000000000000e+03
3.196000000000000000e+03
9.500000000000000000e+02
2.858000000000000000e+03
4.546000000000000000e+03
5.542000000000000000e+03
5.710000000000000000e+03
1.767000000000000000e+03
2.600000000000000000e+02
4.070000000000000000e+02
2.982000000000000000e+03
2.610000000000000000e+03
2.092000000000000000e+03
3.926000000000000000e+03
2.772000000000000000e+03
3.363000000000000000e+03
1.151000000000000000e+03
4.348000000000000000e+03
3.916000000000000000e+03
4.815000000000000000e+03
1.344000000000000000e+03
1.862000000000000000e+03
4.423000000000000000e+03
5.383000000000000000e+03
2.028000000000000000e+03
2.773000000000000000e+03
1.675000000000000000e+03
2.914000000000000000e+03
3.237000000000000000e+03
2.374000000000000000e+03
5.285000000000000000e+03
2.802000000000000000e+03
2.501000000000000000e+03
3.580000000000000000e+03
1.428000000000000000e+03
2.497000000000000000e+03
2.481000000000000000e+03
1.390000000000000000e+03
4.816000000000000000e+03
3.119000000000000000e+03
