3.527000000000000000e+03
2.865000000000000000e+03
2.095000000000000000e+03
4.429000000000000000e+03
3.818000000000000000e+03
4.858000000000000000e+03
1.766000000000000000e+03
3.196000000000000000e+03
1.355000000000000000e+03
3.119000000000000000e+03
3.237000000000000000e+03
2.871000000000000000e+03
2.487000000000000000e+03
5.383000000000000000e+03
3.372000000000000000e+03
2.823000000000000000e+03
4.057000000000000000e+03
5.542000000000000000e+03
3.353000000000000000e+03
3.668000000000000000e+03
2.789000000000000000e+03
2.600000000000000000e+02
9.710000000000000000e+02
4.896000000000000000e+03
4.957000000000000000e+03
3.790000000000000000e+03
3.363000000000000000e+03
5.570000000000000000e+02
3.916000000000000000e+03
4.869000000000000000e+03
3.544000000000000000e+03
4.786000000000000000e+03
2.976000000000000000e+03
2.898000000000000000e+03
2.436000000000000000e+03
5.585000000000000000e+03
2.208000000000000000e+03
2.858000000000000000e+03
8.730000000000000000e+02
2.578000000000000000e+03
5.272000000000000000e+03
1.926000000000000000e+03
3.727000000000000000e+03
1.767000000000000000e+03
4.039000000000000000e+03
4.816000000000000000e+03
3.451000000000000000e+03
2.158000000000000000e+03
1.675000000000000000e+03
2.773000000000000000e+03
