1.365000000000000000e+03
2.865000000000000000e+03
2.598000000000000000e+03
2.540000000000000000e+03
1.612000000000000000e+03
1.663000000000000000e+03
5.098000000000000000e+03
2.075000000000000000e+03
7.490000000000000000e+02
1.205000000000000000e+03
2.772000000000000000e+03
5.542000000000000000e+03
2.773000000000000000e+03
2.374000000000000000e+03
1.972000000000000000e+03
4.869000000000000000e+03
2.458000000000000000e+03
2.092000000000000000e+03
2.256000000000000000e+03
4.845000000000000000e+03
2.695000000000000000e+03
3.926000000000000000e+03
3.459000000000000000e+03
3.390000000000000000e+02
6.480000000000000000e+02
2.896000000000000000e+03
2.898000000000000000e+03
5.656000000000000000e+03
1.428000000000000000e+03
3.463000000000000000e+03
4.117000000000000000e+03
4.786000000000000000e+03
2.982000000000000000e+03
5.704000000000000000e+03
4.546000000000000000e+03
3.415000000000000000e+03
2.914000000000000000e+03
2.280000000000000000e+03
3.363000000000000000e+03
1.390000000000000000e+03
3.119000000000000000e+03
4.727000000000000000e+03
3.980000000000000000e+02
4.057000000000000000e+03
3.916000000000000000e+03
4.335000000000000000e+03
7.250000000000000000e+02
9.710000000000000000e+02
4.570000000000000000e+03
2.564000000000000000e+03
