3.527000000000000000e+03
4.436000000000000000e+03
4.073000000000000000e+03
1.500000000000000000e+02
4.845000000000000000e+03
1.947000000000000000e+03
2.773000000000000000e+03
2.914000000000000000e+03
1.663000000000000000e+03
1.580000000000000000e+03
1.695000000000000000e+03
5.542000000000000000e+03
3.916000000000000000e+03
4.815000000000000000e+03
1.344000000000000000e+03
2.982000000000000000e+03
2.985000000000000000e+03
1.675000000000000000e+03
2.772000000000000000e+03
3.196000000000000000e+03
1.598000000000000000e+03
8.730000000000000000e+02
4.546000000000000000e+03
3.283000000000000000e+03
6.480000000000000000e+02
3.792000000000000000e+03
3.842000000000000000e+03
4.438000000000000000e+03
5.568000000000000000e+03
1.508000000000000000e+03
5.585000000000000000e+03
3.363000000000000000e+03
2.600000000000000000e+02
3.580000000000000000e+03
1.151000000000000000e+03
2.789000000000000000e+03
2.115000000000000000e+03
1.390000000000000000e+03
1.428000000000000000e+03
3.119000000000000000e+03
8.900000000000000000e+02
3.463000000000000000e+03
2.256000000000000000e+03
8.310000000000000000e+02
1.189000000000000000e+03
2.501000000000000000e+03
5.704000000000000000e+03
1.767000000000000000e+03
4.816000000000000000e+03
3.383000000000000000e+03
