9.020000000000000000e+02
1.924000000000000000e+03
1.978000000000000000e+03
2.399000000000000000e+03
1.521000000000000000e+03
1.578000000000000000e+03
2.089000000000000000e+03
2.117000000000000000e+03
1.245000000000000000e+03
8.230000000000000000e+02
1.760000000000000000e+03
1.522000000000000000e+03
2.123000000000000000e+03
6.840000000000000000e+02
1.422000000000000000e+03
1.458000000000000000e+03
7.430000000000000000e+02
8.160000000000000000e+02
2.366000000000000000e+03
1.583000000000000000e+03
1.704000000000000000e+03
1.364000000000000000e+03
2.245000000000000000e+03
3.840000000000000000e+02
1.482000000000000000e+03
1.355000000000000000e+03
1.824000000000000000e+03
1.362000000000000000e+03
1.937000000000000000e+03
3.870000000000000000e+02
2.369000000000000000e+03
7.440000000000000000e+02
8.200000000000000000e+01
1.244000000000000000e+03
2.850000000000000000e+02
8.830000000000000000e+02
8.030000000000000000e+02
2.217000000000000000e+03
3.760000000000000000e+02
1.643000000000000000e+03
1.423000000000000000e+03
2.125000000000000000e+03
7.650000000000000000e+02
1.523000000000000000e+03
4.420000000000000000e+02
1.459000000000000000e+03
1.184000000000000000e+03
1.559000000000000000e+03
6.980000000000000000e+02
1.997000000000000000e+03
