2.419000000000000000e+03
1.151000000000000000e+03
1.665000000000000000e+03
7.720000000000000000e+02
1.497000000000000000e+03
1.079000000000000000e+03
1.070000000000000000e+02
1.118000000000000000e+03
1.689000000000000000e+03
1.279000000000000000e+03
1.612000000000000000e+03
1.237000000000000000e+03
8.010000000000000000e+02
6.110000000000000000e+02
1.655000000000000000e+03
1.625000000000000000e+03
9.690000000000000000e+02
1.235000000000000000e+03
5.040000000000000000e+02
1.194000000000000000e+03
1.011000000000000000e+03
8.280000000000000000e+02
1.411000000000000000e+03
1.683000000000000000e+03
7.200000000000000000e+02
4.700000000000000000e+02
1.231000000000000000e+03
9.620000000000000000e+02
1.238000000000000000e+03
4.490000000000000000e+02
8.540000000000000000e+02
1.234000000000000000e+03
7.760000000000000000e+02
6.980000000000000000e+02
5.000000000000000000e+02
9.060000000000000000e+02
1.682000000000000000e+03
1.233000000000000000e+03
8.580000000000000000e+02
6.950000000000000000e+02
1.788000000000000000e+03
1.229000000000000000e+03
4.110000000000000000e+02
5.550000000000000000e+02
5.080000000000000000e+02
2.970000000000000000e+02
5.030000000000000000e+02
1.236000000000000000e+03
1.627000000000000000e+03
8.270000000000000000e+02
