2.419000000000000000e+03
2.358000000000000000e+03
1.090000000000000000e+02
4.880000000000000000e+02
5.700000000000000000e+02
1.408000000000000000e+03
1.020000000000000000e+02
3.240000000000000000e+02
8.010000000000000000e+02
1.627000000000000000e+03
1.237000000000000000e+03
6.100000000000000000e+02
8.540000000000000000e+02
4.500000000000000000e+01
1.121000000000000000e+03
1.233000000000000000e+03
9.100000000000000000e+02
5.040000000000000000e+02
1.788000000000000000e+03
1.235000000000000000e+03
9.200000000000000000e+02
7.250000000000000000e+02
8.550000000000000000e+02
5.880000000000000000e+02
1.231000000000000000e+03
6.670000000000000000e+02
1.411000000000000000e+03
2.970000000000000000e+02
1.683000000000000000e+03
5.080000000000000000e+02
8.570000000000000000e+02
1.655000000000000000e+03
4.490000000000000000e+02
7.200000000000000000e+02
1.451000000000000000e+03
9.040000000000000000e+02
1.234000000000000000e+03
6.950000000000000000e+02
1.901000000000000000e+03
7.760000000000000000e+02
1.140000000000000000e+03
5.200000000000000000e+02
1.236000000000000000e+03
6.110000000000000000e+02
1.625000000000000000e+03
7.800000000000000000e+02
6.980000000000000000e+02
1.194000000000000000e+03
9.060000000000000000e+02
1.790000000000000000e+03
