1.120100000000000000e+04
6.030000000000000000e+03
9.406000000000000000e+03
9.052000000000000000e+03
9.078000000000000000e+03
8.056000000000000000e+03
3.248000000000000000e+03
1.804000000000000000e+03
9.245000000000000000e+03
1.626000000000000000e+03
2.600000000000000000e+03
6.486000000000000000e+03
1.133600000000000000e+04
1.087400000000000000e+04
1.187600000000000000e+04
1.055700000000000000e+04
4.228000000000000000e+03
4.288000000000000000e+03
7.940000000000000000e+03
8.091000000000000000e+03
7.110000000000000000e+03
1.365000000000000000e+03
5.244000000000000000e+03
9.019000000000000000e+03
7.224000000000000000e+03
6.750000000000000000e+02
3.864000000000000000e+03
1.026100000000000000e+04
9.300000000000000000e+03
2.010000000000000000e+03
1.166100000000000000e+04
1.237000000000000000e+04
9.480000000000000000e+02
1.017800000000000000e+04
1.060100000000000000e+04
3.563000000000000000e+03
1.999000000000000000e+03
5.539000000000000000e+03
2.743000000000000000e+03
6.107000000000000000e+03
4.134000000000000000e+03
4.955000000000000000e+03
3.308000000000000000e+03
5.826000000000000000e+03
1.214400000000000000e+04
2.523000000000000000e+03
4.594000000000000000e+03
5.420000000000000000e+03
7.643000000000000000e+03
8.227000000000000000e+03
