6.030000000000000000e+03
1.120100000000000000e+04
5.610000000000000000e+02
9.052000000000000000e+03
9.078000000000000000e+03
5.735000000000000000e+03
9.150000000000000000e+03
9.700000000000000000e+01
1.182500000000000000e+04
2.193000000000000000e+03
1.240000000000000000e+04
1.230000000000000000e+03
1.133600000000000000e+04
9.811000000000000000e+03
6.816000000000000000e+03
9.480000000000000000e+02
7.940000000000000000e+03
7.189000000000000000e+03
2.010000000000000000e+03
3.790000000000000000e+02
1.225000000000000000e+03
5.604000000000000000e+03
3.308000000000000000e+03
4.781000000000000000e+03
2.994000000000000000e+03
8.424000000000000000e+03
9.781000000000000000e+03
8.295000000000000000e+03
1.193000000000000000e+03
1.055700000000000000e+04
2.743000000000000000e+03
6.515000000000000000e+03
6.322000000000000000e+03
4.644000000000000000e+03
1.251000000000000000e+04
6.289000000000000000e+03
6.016000000000000000e+03
9.023000000000000000e+03
3.633000000000000000e+03
6.967000000000000000e+03
1.005100000000000000e+04
1.059900000000000000e+04
8.091000000000000000e+03
1.151900000000000000e+04
1.999000000000000000e+03
7.170000000000000000e+03
4.228000000000000000e+03
4.185000000000000000e+03
8.310000000000000000e+02
2.085000000000000000e+03
