1.120100000000000000e+04
6.030000000000000000e+03
9.406000000000000000e+03
9.052000000000000000e+03
9.078000000000000000e+03
2.601000000000000000e+03
8.607000000000000000e+03
1.124400000000000000e+04
8.825000000000000000e+03
8.529000000000000000e+03
4.522000000000000000e+03
8.873000000000000000e+03
1.129700000000000000e+04
1.134900000000000000e+04
1.193800000000000000e+04
9.862000000000000000e+03
7.021000000000000000e+03
4.288000000000000000e+03
4.665000000000000000e+03
8.525000000000000000e+03
3.234000000000000000e+03
4.228000000000000000e+03
1.051600000000000000e+04
1.108200000000000000e+04
1.257000000000000000e+04
6.515000000000000000e+03
2.815000000000000000e+03
2.600000000000000000e+03
9.480000000000000000e+02
2.994000000000000000e+03
6.901000000000000000e+03
5.643000000000000000e+03
1.075500000000000000e+04
1.193000000000000000e+03
1.092200000000000000e+04
3.308000000000000000e+03
1.646000000000000000e+03
6.351000000000000000e+03
1.005100000000000000e+04
1.131400000000000000e+04
8.090000000000000000e+02
2.743000000000000000e+03
3.460000000000000000e+02
4.072000000000000000e+03
6.129000000000000000e+03
3.563000000000000000e+03
1.188800000000000000e+04
8.091000000000000000e+03
7.492000000000000000e+03
7.110000000000000000e+03
