6.030000000000000000e+03
1.120100000000000000e+04
9.406000000000000000e+03
9.052000000000000000e+03
9.078000000000000000e+03
5.735000000000000000e+03
7.025000000000000000e+03
1.087200000000000000e+04
4.887000000000000000e+03
7.378000000000000000e+03
2.056000000000000000e+03
9.862000000000000000e+03
1.188800000000000000e+04
4.288000000000000000e+03
7.091000000000000000e+03
2.743000000000000000e+03
4.228000000000000000e+03
8.091000000000000000e+03
1.804000000000000000e+03
1.133600000000000000e+04
7.110000000000000000e+03
5.244000000000000000e+03
9.300000000000000000e+03
3.435000000000000000e+03
4.000000000000000000e+01
3.308000000000000000e+03
5.826000000000000000e+03
9.480000000000000000e+02
7.890000000000000000e+03
6.877000000000000000e+03
9.247000000000000000e+03
1.026100000000000000e+04
1.115600000000000000e+04
1.365000000000000000e+03
1.776000000000000000e+03
9.100000000000000000e+03
3.179000000000000000e+03
1.225900000000000000e+04
8.890000000000000000e+03
6.429000000000000000e+03
4.644000000000000000e+03
9.322000000000000000e+03
1.214400000000000000e+04
2.663000000000000000e+03
4.624000000000000000e+03
2.600000000000000000e+03
1.209400000000000000e+04
1.017800000000000000e+04
7.492000000000000000e+03
7.170000000000000000e+03
