[14, 25, 27, 28, 29, 36, 43, 50, 52, 61, 62, 65, 73, 81, 83, 86, ]
[7, 12, 20, 27, 29, 31, 34, 45, 46, 51, 52, 63, 71, 80, 81, 82, 83, 85, 87, ]
[5, 7, 10, 27, 29, 31, 33, 34, 35, 48, 49, 51, 55, 66, 73, 77, 88, 89, ]
[6, 23, 33, 35, 36, 49, 52, 83, ]
[9, 13, 16, 19, 25, 33, 50, 62, 75, 89, ]
[23, 38, 46, 49, 59, 61, 82, ]
[0, 14, 16, 19, 21, 26, 29, 31, 36, 43, 47, 53, 63, 71, 73, 76, 79, 81, 84, 86, 87, 88, 89, ]
[0, 2, 3, 15, 19, 21, 23, 25, 27, 29, 30, 31, 40, 68, 80, 88, 89, ]
[6, 25, 26, 27, 28, 48, 51, 65, 75, 80, 85, ]
[5, 8, 13, 26, 29, 33, 37, 48, 50, 51, 67, 69, 78, 85, 86, 87, ]
[2, 9, 15, 16, 27, 31, 41, 51, 56, 61, 65, 67, 83, 88, 89, ]
[0, 6, 8, 9, 25, 27, 30, 32, 35, 46, 51, 53, 55, 60, 62, 77, 82, 84, 86, 88, ]
[2, 3, 13, 23, 34, 37, 43, 46, 49, 67, 68, 71, 73, 85, 89, ]
[0, 1, 2, 4, 7, 13, 23, 24, 25, 26, 27, 29, 41, 47, 48, 49, 59, 63, 64, 65, 69, 82, 83, 88, ]
[10, 11, 12, 13, 14, 22, 25, 34, 39, 49, 51, 55, 59, 61, 64, 65, 71, 75, 79, ]