[7, 50, 82, 125, 131, 132, 178, 196, 210, 215, 294, 323, 359, 480, 529, 530, 531, 539, 544, 553, 561, 575, 581, 613, 667, 710, 721, 739, 773, 807, 822, 828, 869, 890, 901, 949, 952, 960, 973, 996, ]
[3, 13, 62, 127, 190, 196, 202, 229, 253, 326, 343, 386, 405, 415, 420, 436, 449, 476, 479, 484, 488, 501, 524, 525, 526, 533, 534, 553, 579, 590, 612, 631, 650, 662, 674, 681, 709, 711, 726, 743, 744, 758, 774, 782, 790, 808, 818, 832, 900, 905, 922, 965, 991, 995, 1023, ]
[7, 9, 33, 68, 109, 122, 147, 242, 264, 281, 313, 355, 357, 496, 504, 519, 544, 549, 562, 601, 631, 647, 662, 664, 691, 742, 776, 793, 824, 833, 834, 864, 890, 896, 922, 925, 926, 928, 960, 999, 1012, ]
[34, 67, 126, 131, 135, 158, 160, 161, 162, 163, 192, 193, 194, 219, 228, 278, 326, 336, 422, 439, 464, 471, 486, 487, 500, 512, 516, 519, 526, 527, 551, 559, 566, 572, 588, 603, 616, 628, 633, 634, 638, 642, 710, 718, 723, 728, 774, 801, 804, 807, 832, 901, 907, 929, 930, 931, 959, 964, 965, 992, 1013, ]
[1, 2, 37, 38, 54, 68, 178, 256, 269, 287, 296, 355, 361, 426, 438, 461, 489, 493, 501, 505, 522, 526, 531, 532, 542, 557, 558, 560, 579, 585, 593, 597, 603, 616, 623, 627, 631, 639, 644, 656, 661, 679, 736, 741, 742, 776, 784, 798, 810, 817, 824, 837, 868, 960, 963, 967, 993, 1001, 1014, 1015, ]
[0, 8, 14, 24, 33, 42, 44, 92, 99, 143, 196, 199, 287, 296, 304, 326, 335, 384, 439, 466, 467, 499, 503, 520, 524, 531, 551, 567, 578, 590, 594, 595, 627, 654, 689, 710, 739, 771, 773, 779, 835, 843, 852, 925, 943, 959, 981, 1002, ]
[11, 30, 63, 64, 93, 105, 112, 142, 149, 216, 247, 309, 310, 311, 312, 328, 340, 355, 383, 410, 442, 455, 475, 487, 548, 558, 581, 593, 599, 605, 607, 615, 633, 637, 690, 698, 699, 724, 726, 730, 741, 756, 760, 761, 762, 792, 798, 855, 859, 885, 886, 896, 947, 979, 1019, ]
[0, 16, 33, 36, 41, 64, 76, 93, 103, 164, 235, 289, 341, 396, 430, 456, 463, 480, 486, 490, 518, 519, 529, 536, 537, 543, 560, 578, 585, 595, 614, 616, 634, 660, 694, 707, 739, 748, 782, 803, 901, 923, 950, 965, 987, 994, 1001, 1005, ]
[8, 13, 40, 50, 63, 74, 101, 127, 161, 176, 220, 263, 264, 301, 319, 326, 339, 342, 345, 405, 410, 468, 484, 485, 488, 521, 531, 535, 546, 548, 551, 555, 556, 563, 597, 602, 605, 627, 630, 639, 661, 670, 672, 676, 680, 688, 702, 752, 800, 801, 805, 868, 904, 949, 957, 966, 994, ]
[0, 33, 46, 54, 65, 93, 94, 126, 149, 157, 169, 200, 234, 271, 323, 355, 360, 390, 422, 434, 439, 469, 477, 493, 504, 527, 587, 598, 605, 616, 621, 626, 634, 638, 647, 666, 698, 726, 736, 742, 746, 769, 776, 794, 806, 819, 871, 927, 934, 948, 962, 966, 998, 999, ]
[184, 249, 273, 377, 439, 464, 480, 481, 482, 488, 498, 504, 513, 514, 544, 546, 570, 576, 577, 578, 608, 609, 628, 632, 642, 672, 679, 681, 686, 698, 770, 810, 832, 934, 1003, 1010, ]
[0, 1, 31, 42, 68, 73, 76, 92, 104, 105, 117, 128, 153, 158, 191, 285, 291, 296, 323, 403, 405, 469, 471, 472, 481, 488, 492, 517, 521, 526, 540, 543, 553, 565, 595, 607, 616, 623, 629, 650, 671, 674, 678, 703, 712, 748, 771, 818, 820, 836, 872, 926, 928, 987, 1018, 1019, ]
[0, 15, 69, 76, 102, 127, 224, 244, 255, 267, 299, 300, 313, 332, 346, 363, 384, 433, 455, 499, 531, 549, 562, 563, 567, 568, 585, 594, 595, 602, 625, 626, 627, 644, 733, 736, 760, 778, 787, 807, 816, 835, 850, 865, 867, 896, 928, 929, 1003, 1013, 1023, ]
[13, 33, 37, 63, 64, 66, 68, 69, 94, 95, 104, 136, 153, 205, 225, 230, 294, 306, 322, 327, 344, 352, 354, 385, 392, 423, 427, 437, 453, 456, 459, 488, 500, 519, 526, 528, 530, 563, 564, 581, 583, 586, 588, 623, 624, 630, 632, 637, 644, 645, 646, 671, 676, 695, 707, 709, 735, 739, 740, 745, 752, 756, 768, 771, 779, 803, 806, 808, 867, 901, 934, 940, 961, 969, 990, 991, 1010, ]
[8, 60, 71, 81, 102, 126, 127, 135, 159, 187, 188, 229, 287, 295, 326, 327, 340, 355, 357, 380, 410, 416, 471, 499, 517, 529, 538, 549, 561, 613, 616, 674, 692, 697, 712, 733, 752, 778, 850, 868, 882, 895, 968, 986, 992, ]