2.372000000000000000e+03
8.680000000000000000e+03
9.923000000000000000e+03
2.749000000000000000e+03
4.201000000000000000e+03
1.288000000000000000e+03
5.387000000000000000e+03
2.142000000000000000e+03
9.134000000000000000e+03
1.573000000000000000e+03
8.322000000000000000e+03
6.086000000000000000e+03
8.006000000000000000e+03
8.492000000000000000e+03
9.275000000000000000e+03
8.377000000000000000e+03
1.003000000000000000e+03
4.670000000000000000e+02
5.004000000000000000e+03
6.600000000000000000e+02
7.556000000000000000e+03
3.982000000000000000e+03
7.704000000000000000e+03
4.198000000000000000e+03
7.570000000000000000e+02
8.970000000000000000e+03
3.381000000000000000e+03
3.854000000000000000e+03
9.992000000000000000e+03
5.877000000000000000e+03
1.982000000000000000e+03
7.074000000000000000e+03
3.647000000000000000e+03
8.200000000000000000e+03
3.968000000000000000e+03
2.240000000000000000e+02
1.722000000000000000e+03
5.110000000000000000e+02
6.051000000000000000e+03
3.789000000000000000e+03
3.780000000000000000e+03
7.666000000000000000e+03
1.882000000000000000e+03
9.097000000000000000e+03
2.190000000000000000e+03
4.603000000000000000e+03
7.635000000000000000e+03
5.045000000000000000e+03
8.206000000000000000e+03
2.709000000000000000e+03
