1.670000000000000000e+03
2.176000000000000000e+03
5.005000000000000000e+03
9.992000000000000000e+03
7.570000000000000000e+02
3.100000000000000000e+02
3.968000000000000000e+03
7.556000000000000000e+03
1.722000000000000000e+03
3.588000000000000000e+03
5.045000000000000000e+03
8.200000000000000000e+03
1.288000000000000000e+03
7.630000000000000000e+02
4.670000000000000000e+02
3.982000000000000000e+03
3.647000000000000000e+03
7.074000000000000000e+03
1.003000000000000000e+03
8.492000000000000000e+03
1.982000000000000000e+03
5.004000000000000000e+03
2.142000000000000000e+03
7.747000000000000000e+03
3.789000000000000000e+03
9.134000000000000000e+03
8.322000000000000000e+03
8.970000000000000000e+03
4.009000000000000000e+03
1.687000000000000000e+03
4.198000000000000000e+03
6.600000000000000000e+02
9.676000000000000000e+03
7.666000000000000000e+03
3.033000000000000000e+03
9.610000000000000000e+03
1.605000000000000000e+03
9.275000000000000000e+03
3.160000000000000000e+03
6.161000000000000000e+03
8.879000000000000000e+03
5.872000000000000000e+03
2.190000000000000000e+03
8.094000000000000000e+03
8.006000000000000000e+03
8.793000000000000000e+03
3.381000000000000000e+03
4.068000000000000000e+03
1.163000000000000000e+03
7.635000000000000000e+03
