1.670000000000000000e+03
8.200000000000000000e+03
3.647000000000000000e+03
7.570000000000000000e+02
9.097000000000000000e+03
4.201000000000000000e+03
3.982000000000000000e+03
6.007000000000000000e+03
7.074000000000000000e+03
2.357000000000000000e+03
7.219000000000000000e+03
8.541000000000000000e+03
1.687000000000000000e+03
2.240000000000000000e+02
8.492000000000000000e+03
8.322000000000000000e+03
8.289000000000000000e+03
1.060000000000000000e+02
4.198000000000000000e+03
8.879000000000000000e+03
6.685000000000000000e+03
8.377000000000000000e+03
1.003000000000000000e+03
3.588000000000000000e+03
8.006000000000000000e+03
5.004000000000000000e+03
7.635000000000000000e+03
4.322000000000000000e+03
3.854000000000000000e+03
6.222000000000000000e+03
3.381000000000000000e+03
9.587000000000000000e+03
6.161000000000000000e+03
7.499000000000000000e+03
4.289000000000000000e+03
7.556000000000000000e+03
6.600000000000000000e+02
2.190000000000000000e+03
3.033000000000000000e+03
8.206000000000000000e+03
6.794000000000000000e+03
5.859000000000000000e+03
2.709000000000000000e+03
9.134000000000000000e+03
4.670000000000000000e+02
1.288000000000000000e+03
4.603000000000000000e+03
1.722000000000000000e+03
5.045000000000000000e+03
9.854000000000000000e+03
