4.191000000000000000e+03
8.200000000000000000e+03
6.222000000000000000e+03
9.275000000000000000e+03
3.854000000000000000e+03
9.992000000000000000e+03
8.006000000000000000e+03
8.377000000000000000e+03
6.685000000000000000e+03
7.635000000000000000e+03
1.060000000000000000e+02
6.600000000000000000e+02
4.198000000000000000e+03
7.570000000000000000e+02
5.004000000000000000e+03
5.579000000000000000e+03
7.556000000000000000e+03
4.350000000000000000e+02
1.288000000000000000e+03
5.110000000000000000e+02
7.666000000000000000e+03
4.068000000000000000e+03
3.982000000000000000e+03
1.687000000000000000e+03
2.142000000000000000e+03
1.722000000000000000e+03
4.603000000000000000e+03
3.960000000000000000e+03
8.488000000000000000e+03
1.163000000000000000e+03
8.322000000000000000e+03
8.492000000000000000e+03
7.074000000000000000e+03
6.813000000000000000e+03
8.793000000000000000e+03
1.003000000000000000e+03
3.033000000000000000e+03
6.970000000000000000e+02
5.859000000000000000e+03
3.381000000000000000e+03
3.968000000000000000e+03
2.811000000000000000e+03
2.357000000000000000e+03
3.002000000000000000e+03
9.070000000000000000e+03
6.407000000000000000e+03
6.106000000000000000e+03
7.704000000000000000e+03
9.407000000000000000e+03
4.670000000000000000e+02
