2.430000000000000000e+02
5.872000000000000000e+03
6.104000000000000000e+03
1.003000000000000000e+03
7.997000000000000000e+03
3.100000000000000000e+02
4.068000000000000000e+03
8.377000000000000000e+03
5.566000000000000000e+03
3.381000000000000000e+03
5.633000000000000000e+03
3.854000000000000000e+03
9.992000000000000000e+03
3.968000000000000000e+03
7.074000000000000000e+03
3.647000000000000000e+03
6.407000000000000000e+03
3.982000000000000000e+03
2.914000000000000000e+03
8.200000000000000000e+03
9.159000000000000000e+03
5.045000000000000000e+03
4.198000000000000000e+03
1.687000000000000000e+03
8.970000000000000000e+03
2.190000000000000000e+03
7.747000000000000000e+03
9.134000000000000000e+03
2.240000000000000000e+02
7.570000000000000000e+02
9.097000000000000000e+03
4.670000000000000000e+02
6.600000000000000000e+02
5.004000000000000000e+03
2.142000000000000000e+03
8.206000000000000000e+03
6.076000000000000000e+03
2.709000000000000000e+03
4.603000000000000000e+03
7.635000000000000000e+03
7.499000000000000000e+03
9.854000000000000000e+03
9.587000000000000000e+03
3.780000000000000000e+03
3.033000000000000000e+03
7.666000000000000000e+03
8.492000000000000000e+03
7.219000000000000000e+03
6.090000000000000000e+03
3.588000000000000000e+03
