2.430000000000000000e+02
9.992000000000000000e+03
3.854000000000000000e+03
3.968000000000000000e+03
9.275000000000000000e+03
5.633000000000000000e+03
7.556000000000000000e+03
8.377000000000000000e+03
8.006000000000000000e+03
4.670000000000000000e+02
3.982000000000000000e+03
3.731000000000000000e+03
1.773000000000000000e+03
1.288000000000000000e+03
7.074000000000000000e+03
8.492000000000000000e+03
1.982000000000000000e+03
8.322000000000000000e+03
1.698000000000000000e+03
1.722000000000000000e+03
1.003000000000000000e+03
2.358000000000000000e+03
5.004000000000000000e+03
2.142000000000000000e+03
9.134000000000000000e+03
4.198000000000000000e+03
1.573000000000000000e+03
7.570000000000000000e+02
1.687000000000000000e+03
6.600000000000000000e+02
5.110000000000000000e+02
4.428000000000000000e+03
5.045000000000000000e+03
7.499000000000000000e+03
5.005000000000000000e+03
3.160000000000000000e+03
3.033000000000000000e+03
5.579000000000000000e+03
1.163000000000000000e+03
3.381000000000000000e+03
9.097000000000000000e+03
3.789000000000000000e+03
4.289000000000000000e+03
3.471000000000000000e+03
2.357000000000000000e+03
4.738000000000000000e+03
3.780000000000000000e+03
9.854000000000000000e+03
2.093000000000000000e+03
7.635000000000000000e+03
