1.540000000000000000e+03
6.007000000000000000e+03
2.176000000000000000e+03
8.200000000000000000e+03
7.231000000000000000e+03
2.540000000000000000e+03
3.647000000000000000e+03
7.074000000000000000e+03
3.982000000000000000e+03
3.137000000000000000e+03
7.570000000000000000e+02
1.003000000000000000e+03
8.492000000000000000e+03
5.045000000000000000e+03
1.288000000000000000e+03
8.322000000000000000e+03
2.142000000000000000e+03
5.110000000000000000e+02
9.134000000000000000e+03
4.670000000000000000e+02
7.666000000000000000e+03
4.350000000000000000e+02
1.779000000000000000e+03
9.992000000000000000e+03
3.402000000000000000e+03
3.854000000000000000e+03
5.004000000000000000e+03
7.630000000000000000e+02
9.275000000000000000e+03
7.556000000000000000e+03
3.968000000000000000e+03
4.068000000000000000e+03
8.970000000000000000e+03
6.685000000000000000e+03
8.006000000000000000e+03
1.722000000000000000e+03
7.635000000000000000e+03
2.093000000000000000e+03
6.600000000000000000e+02
4.653000000000000000e+03
3.033000000000000000e+03
4.198000000000000000e+03
6.813000000000000000e+03
7.274000000000000000e+03
8.928000000000000000e+03
1.982000000000000000e+03
7.605000000000000000e+03
3.789000000000000000e+03
2.709000000000000000e+03
7.704000000000000000e+03
