7.768000000000000000e+03
2.831000000000000000e+03
3.113000000000000000e+03
8.583000000000000000e+03
7.165000000000000000e+03
9.023000000000000000e+03
4.594000000000000000e+03
1.000800000000000000e+04
9.720000000000000000e+02
4.338000000000000000e+03
1.049700000000000000e+04
1.079100000000000000e+04
7.037000000000000000e+03
9.369000000000000000e+03
8.884000000000000000e+03
7.335000000000000000e+03
8.389000000000000000e+03
3.610000000000000000e+02
9.525000000000000000e+03
5.433000000000000000e+03
5.967000000000000000e+03
9.882000000000000000e+03
7.687000000000000000e+03
6.689000000000000000e+03
7.212000000000000000e+03
1.072900000000000000e+04
4.303000000000000000e+03
2.630000000000000000e+02
7.580000000000000000e+02
2.694000000000000000e+03
1.039100000000000000e+04
1.545000000000000000e+03
6.322000000000000000e+03
7.950000000000000000e+03
3.881000000000000000e+03
1.036300000000000000e+04
3.410000000000000000e+02
3.129000000000000000e+03
8.367000000000000000e+03
1.106200000000000000e+04
6.217000000000000000e+03
2.547000000000000000e+03
1.148000000000000000e+03
4.337000000000000000e+03
1.248000000000000000e+03
4.920000000000000000e+02
9.929000000000000000e+03
8.898000000000000000e+03
9.250000000000000000e+03
3.970000000000000000e+03
