7.768000000000000000e+03
1.983000000000000000e+03
3.113000000000000000e+03
2.476000000000000000e+03
3.881000000000000000e+03
5.433000000000000000e+03
1.187000000000000000e+03
8.884000000000000000e+03
2.630000000000000000e+02
9.058000000000000000e+03
7.037000000000000000e+03
1.597000000000000000e+03
1.066100000000000000e+04
7.335000000000000000e+03
3.330000000000000000e+02
4.920000000000000000e+02
8.950000000000000000e+03
4.188000000000000000e+03
4.337000000000000000e+03
1.593000000000000000e+03
2.199000000000000000e+03
1.120800000000000000e+04
3.558000000000000000e+03
1.080500000000000000e+04
6.755000000000000000e+03
1.036300000000000000e+04
1.119000000000000000e+03
7.950000000000000000e+03
8.550000000000000000e+02
2.157000000000000000e+03
6.689000000000000000e+03
6.496000000000000000e+03
1.106200000000000000e+04
3.129000000000000000e+03
5.841000000000000000e+03
9.250000000000000000e+03
5.212000000000000000e+03
6.089000000000000000e+03
1.345000000000000000e+03
3.377000000000000000e+03
6.322000000000000000e+03
9.882000000000000000e+03
9.840000000000000000e+02
1.079100000000000000e+04
3.979000000000000000e+03
8.963000000000000000e+03
1.072900000000000000e+04
5.887000000000000000e+03
5.286000000000000000e+03
5.278000000000000000e+03
