7.768000000000000000e+03
6.910000000000000000e+02
4.249000000000000000e+03
3.113000000000000000e+03
1.597000000000000000e+03
1.763000000000000000e+03
4.920000000000000000e+02
9.214000000000000000e+03
2.547000000000000000e+03
7.580000000000000000e+02
7.914000000000000000e+03
7.950000000000000000e+03
6.766000000000000000e+03
1.593000000000000000e+03
1.065900000000000000e+04
5.967000000000000000e+03
9.929000000000000000e+03
1.320000000000000000e+02
7.335000000000000000e+03
1.051700000000000000e+04
5.433000000000000000e+03
4.303000000000000000e+03
2.157000000000000000e+03
1.066100000000000000e+04
4.441000000000000000e+03
2.763000000000000000e+03
1.073900000000000000e+04
1.148000000000000000e+03
3.610000000000000000e+02
1.622000000000000000e+03
6.755000000000000000e+03
7.420000000000000000e+03
8.049000000000000000e+03
1.545000000000000000e+03
1.248000000000000000e+03
5.405000000000000000e+03
7.212000000000000000e+03
8.963000000000000000e+03
3.979000000000000000e+03
1.079100000000000000e+04
4.930000000000000000e+02
8.950000000000000000e+03
6.318000000000000000e+03
4.337000000000000000e+03
5.286000000000000000e+03
2.245000000000000000e+03
2.630000000000000000e+02
9.250000000000000000e+03
3.712000000000000000e+03
7.943000000000000000e+03
