5.093000000000000000e+03
8.770000000000000000e+03
3.113000000000000000e+03
1.080100000000000000e+04
8.878000000000000000e+03
7.335000000000000000e+03
7.950000000000000000e+03
1.007400000000000000e+04
2.230000000000000000e+03
4.920000000000000000e+02
3.610000000000000000e+02
4.249000000000000000e+03
2.763000000000000000e+03
5.379000000000000000e+03
3.417000000000000000e+03
6.430000000000000000e+03
1.019600000000000000e+04
5.699000000000000000e+03
3.877000000000000000e+03
1.187000000000000000e+03
5.887000000000000000e+03
2.880000000000000000e+02
8.884000000000000000e+03
8.130000000000000000e+02
2.547000000000000000e+03
9.720000000000000000e+02
5.286000000000000000e+03
3.129000000000000000e+03
5.433000000000000000e+03
6.496000000000000000e+03
9.250000000000000000e+03
5.212000000000000000e+03
5.967000000000000000e+03
9.582000000000000000e+03
8.950000000000000000e+03
1.072900000000000000e+04
1.066100000000000000e+04
5.068000000000000000e+03
5.154000000000000000e+03
1.597000000000000000e+03
4.303000000000000000e+03
9.840000000000000000e+02
2.775000000000000000e+03
2.157000000000000000e+03
7.037000000000000000e+03
4.337000000000000000e+03
1.486000000000000000e+03
1.074800000000000000e+04
1.642000000000000000e+03
2.630000000000000000e+02
