1.870000000000000000e+03
2.370000000000000000e+03
3.759000000000000000e+03
3.775000000000000000e+03
3.975000000000000000e+03
6.360000000000000000e+02
3.912000000000000000e+03
1.075000000000000000e+03
4.200000000000000000e+01
1.650000000000000000e+03
3.786000000000000000e+03
7.020000000000000000e+02
4.432000000000000000e+03
3.770000000000000000e+02
3.077000000000000000e+03
5.190000000000000000e+02
2.910000000000000000e+02
3.454000000000000000e+03
4.199000000000000000e+03
3.158000000000000000e+03
1.290000000000000000e+02
4.400000000000000000e+02
9.950000000000000000e+02
3.476000000000000000e+03
2.800000000000000000e+01
1.318000000000000000e+03
2.933000000000000000e+03
3.521000000000000000e+03
2.554000000000000000e+03
3.902000000000000000e+03
3.373000000000000000e+03
4.187000000000000000e+03
2.801000000000000000e+03
2.847000000000000000e+03
3.600000000000000000e+02
4.153000000000000000e+03
3.897000000000000000e+03
3.729000000000000000e+03
9.620000000000000000e+02
1.014000000000000000e+03
1.053000000000000000e+03
7.500000000000000000e+01
1.100000000000000000e+02
1.694000000000000000e+03
1.410000000000000000e+03
1.199000000000000000e+03
3.423000000000000000e+03
9.560000000000000000e+02
2.236000000000000000e+03
4.300000000000000000e+03
