1.870000000000000000e+03
4.050000000000000000e+02
3.759000000000000000e+03
2.544000000000000000e+03
2.801000000000000000e+03
1.199000000000000000e+03
4.200000000000000000e+01
3.775000000000000000e+03
6.360000000000000000e+02
3.912000000000000000e+03
1.290000000000000000e+02
1.000000000000000000e+01
1.767000000000000000e+03
7.550000000000000000e+02
9.620000000000000000e+02
1.075000000000000000e+03
3.975000000000000000e+03
1.318000000000000000e+03
3.454000000000000000e+03
2.554000000000000000e+03
3.033000000000000000e+03
2.237000000000000000e+03
1.798000000000000000e+03
3.902000000000000000e+03
2.933000000000000000e+03
3.859000000000000000e+03
2.847000000000000000e+03
1.650000000000000000e+03
3.786000000000000000e+03
6.700000000000000000e+02
2.800000000000000000e+01
4.432000000000000000e+03
1.710000000000000000e+03
3.993000000000000000e+03
1.094000000000000000e+03
1.857000000000000000e+03
3.000000000000000000e+00
2.172000000000000000e+03
2.941000000000000000e+03
3.862000000000000000e+03
2.517000000000000000e+03
2.502000000000000000e+03
3.729000000000000000e+03
2.797000000000000000e+03
1.824000000000000000e+03
4.308000000000000000e+03
4.400000000000000000e+02
9.950000000000000000e+02
1.312000000000000000e+03
1.053000000000000000e+03
