6.966000000000000000e+03
9.124000000000000000e+03
3.687000000000000000e+03
7.815000000000000000e+03
9.619000000000000000e+03
1.047000000000000000e+03
9.700000000000000000e+02
8.408000000000000000e+03
1.867000000000000000e+03
4.199000000000000000e+03
4.012000000000000000e+03
2.679000000000000000e+03
8.781000000000000000e+03
7.943000000000000000e+03
2.485000000000000000e+03
5.093000000000000000e+03
2.060000000000000000e+03
4.107000000000000000e+03
4.304000000000000000e+03
3.500000000000000000e+01
1.387000000000000000e+03
5.577000000000000000e+03
4.939000000000000000e+03
2.536000000000000000e+03
8.605000000000000000e+03
5.121000000000000000e+03
3.013000000000000000e+03
5.550000000000000000e+03
2.840000000000000000e+02
5.900000000000000000e+03
8.580000000000000000e+02
1.512000000000000000e+03
8.776000000000000000e+03
9.394000000000000000e+03
1.162000000000000000e+03
7.673000000000000000e+03
8.188000000000000000e+03
4.640000000000000000e+03
3.372000000000000000e+03
3.631000000000000000e+03
4.020000000000000000e+02
1.900000000000000000e+01
1.942000000000000000e+03
5.762000000000000000e+03
5.390000000000000000e+03
4.535000000000000000e+03
4.221000000000000000e+03
3.145000000000000000e+03
7.612000000000000000e+03
2.790000000000000000e+03
