6.966000000000000000e+03
6.610000000000000000e+02
9.001000000000000000e+03
4.864000000000000000e+03
5.017000000000000000e+03
9.282000000000000000e+03
7.339000000000000000e+03
8.531000000000000000e+03
5.140000000000000000e+02
3.127000000000000000e+03
8.050000000000000000e+03
5.093000000000000000e+03
9.400000000000000000e+02
3.264000000000000000e+03
3.631000000000000000e+03
2.567000000000000000e+03
7.995000000000000000e+03
2.520000000000000000e+03
4.640000000000000000e+03
9.353000000000000000e+03
8.059000000000000000e+03
1.943000000000000000e+03
5.118000000000000000e+03
5.120000000000000000e+02
5.121000000000000000e+03
9.391000000000000000e+03
8.119000000000000000e+03
8.773000000000000000e+03
5.210000000000000000e+03
3.374000000000000000e+03
6.230000000000000000e+02
8.408000000000000000e+03
2.060000000000000000e+03
7.815000000000000000e+03
2.911000000000000000e+03
1.163000000000000000e+03
5.353000000000000000e+03
3.013000000000000000e+03
8.164000000000000000e+03
1.805000000000000000e+03
1.867000000000000000e+03
8.781000000000000000e+03
5.900000000000000000e+03
5.426000000000000000e+03
1.047000000000000000e+03
2.294000000000000000e+03
9.810000000000000000e+02
4.527000000000000000e+03
2.485000000000000000e+03
4.221000000000000000e+03
