2.585000000000000000e+03
4.532000000000000000e+03
5.422000000000000000e+03
3.615000000000000000e+03
2.372000000000000000e+03
5.810000000000000000e+03
2.550000000000000000e+03
3.044000000000000000e+03
3.725000000000000000e+03
1.921000000000000000e+03
5.073000000000000000e+03
1.815000000000000000e+03
8.150000000000000000e+02
2.697000000000000000e+03
4.034000000000000000e+03
2.677000000000000000e+03
2.684000000000000000e+03
5.744000000000000000e+03
5.163000000000000000e+03
1.774000000000000000e+03
4.592000000000000000e+03
4.212000000000000000e+03
2.165000000000000000e+03
4.842000000000000000e+03
5.603000000000000000e+03
4.959000000000000000e+03
2.084000000000000000e+03
5.463000000000000000e+03
5.771000000000000000e+03
1.879000000000000000e+03
4.518000000000000000e+03
2.107000000000000000e+03
3.876000000000000000e+03
2.496000000000000000e+03
1.672000000000000000e+03
3.620000000000000000e+03
2.958000000000000000e+03
2.710000000000000000e+03
1.146000000000000000e+03
5.161000000000000000e+03
3.114000000000000000e+03
2.908000000000000000e+03
3.762000000000000000e+03
3.299000000000000000e+03
5.171000000000000000e+03
2.434000000000000000e+03
5.094000000000000000e+03
3.845000000000000000e+03
4.860000000000000000e+03
4.162000000000000000e+03
