3.270000000000000000e+02
9.600000000000000000e+01
1.120000000000000000e+02
3.870000000000000000e+02
1.500000000000000000e+01
9.200000000000000000e+01
3.820000000000000000e+02
3.370000000000000000e+02
3.490000000000000000e+02
4.700000000000000000e+01
2.590000000000000000e+02
1.640000000000000000e+02
1.880000000000000000e+02
3.100000000000000000e+02
3.120000000000000000e+02
3.780000000000000000e+02
9.500000000000000000e+01
2.420000000000000000e+02
8.900000000000000000e+01
2.760000000000000000e+02
3.040000000000000000e+02
3.970000000000000000e+02
1.650000000000000000e+02
6.000000000000000000e+00
3.140000000000000000e+02
3.000000000000000000e+01
3.840000000000000000e+02
1.030000000000000000e+02
2.750000000000000000e+02
1.840000000000000000e+02
1.530000000000000000e+02
3.860000000000000000e+02
1.090000000000000000e+02
3.400000000000000000e+02
2.670000000000000000e+02
4.500000000000000000e+02
3.450000000000000000e+02
9.300000000000000000e+01
4.500000000000000000e+01
1.060000000000000000e+02
2.290000000000000000e+02
5.900000000000000000e+01
3.250000000000000000e+02
1.560000000000000000e+02
3.900000000000000000e+01
1.460000000000000000e+02
2.710000000000000000e+02
2.100000000000000000e+01
2.900000000000000000e+02
2.320000000000000000e+02
