4.652000000000000000e+03
4.959000000000000000e+03
1.646000000000000000e+03
8.810000000000000000e+02
2.717000000000000000e+03
9.910000000000000000e+02
4.631000000000000000e+03
4.260000000000000000e+03
2.763000000000000000e+03
1.411000000000000000e+03
5.269000000000000000e+03
1.202000000000000000e+03
3.794000000000000000e+03
3.106000000000000000e+03
1.565000000000000000e+03
1.304000000000000000e+03
2.967000000000000000e+03
8.010000000000000000e+02
3.483000000000000000e+03
2.248000000000000000e+03
8.510000000000000000e+02
1.520000000000000000e+03
2.433000000000000000e+03
2.933000000000000000e+03
5.486000000000000000e+03
2.497000000000000000e+03
5.313000000000000000e+03
4.113000000000000000e+03
4.505000000000000000e+03
3.745000000000000000e+03
7.730000000000000000e+02
4.724000000000000000e+03
1.310000000000000000e+03
1.543000000000000000e+03
4.623000000000000000e+03
4.989000000000000000e+03
3.749000000000000000e+03
4.517000000000000000e+03
4.469000000000000000e+03
3.606000000000000000e+03
1.478000000000000000e+03
3.618000000000000000e+03
5.055000000000000000e+03
5.234000000000000000e+03
2.108000000000000000e+03
2.517000000000000000e+03
4.460000000000000000e+02
5.271000000000000000e+03
2.530000000000000000e+02
8.520000000000000000e+02
