4.652000000000000000e+03
4.959000000000000000e+03
9.600000000000000000e+02
5.313000000000000000e+03
4.495000000000000000e+03
2.360000000000000000e+03
8.810000000000000000e+02
3.000000000000000000e+02
2.655000000000000000e+03
3.130000000000000000e+02
2.717000000000000000e+03
2.983000000000000000e+03
4.260000000000000000e+03
4.631000000000000000e+03
3.106000000000000000e+03
1.565000000000000000e+03
4.061000000000000000e+03
2.444000000000000000e+03
2.933000000000000000e+03
4.286000000000000000e+03
3.749000000000000000e+03
5.535000000000000000e+03
3.606000000000000000e+03
2.248000000000000000e+03
4.791000000000000000e+03
1.304000000000000000e+03
2.433000000000000000e+03
3.056000000000000000e+03
5.234000000000000000e+03
1.305000000000000000e+03
4.249000000000000000e+03
2.967000000000000000e+03
4.469000000000000000e+03
1.573000000000000000e+03
5.371000000000000000e+03
8.510000000000000000e+02
2.314000000000000000e+03
3.763000000000000000e+03
7.710000000000000000e+02
2.530000000000000000e+02
1.303000000000000000e+03
5.016000000000000000e+03
4.158000000000000000e+03
2.415000000000000000e+03
8.800000000000000000e+01
5.324000000000000000e+03
3.483000000000000000e+03
3.335000000000000000e+03
1.310000000000000000e+03
4.623000000000000000e+03
