4.652000000000000000e+03
5.545000000000000000e+03
2.600000000000000000e+01
7.500000000000000000e+01
3.593000000000000000e+03
1.298000000000000000e+03
5.810000000000000000e+02
2.967000000000000000e+03
1.116000000000000000e+03
5.066000000000000000e+03
2.497000000000000000e+03
5.256000000000000000e+03
2.630000000000000000e+03
4.469000000000000000e+03
4.286000000000000000e+03
1.499000000000000000e+03
4.244000000000000000e+03
2.996000000000000000e+03
2.717000000000000000e+03
4.705000000000000000e+03
4.631000000000000000e+03
1.202000000000000000e+03
4.460000000000000000e+02
9.210000000000000000e+02
4.290000000000000000e+03
8.800000000000000000e+01
2.518000000000000000e+03
3.191000000000000000e+03
4.290000000000000000e+02
4.084000000000000000e+03
1.565000000000000000e+03
1.599000000000000000e+03
3.106000000000000000e+03
3.278000000000000000e+03
1.170000000000000000e+02
4.627000000000000000e+03
7.730000000000000000e+02
3.606000000000000000e+03
1.310000000000000000e+03
8.810000000000000000e+02
2.433000000000000000e+03
1.304000000000000000e+03
2.248000000000000000e+03
2.057000000000000000e+03
2.108000000000000000e+03
1.543000000000000000e+03
5.234000000000000000e+03
5.055000000000000000e+03
1.732000000000000000e+03
1.305000000000000000e+03
