3.527000000000000000e+03
2.021000000000000000e+03
1.676000000000000000e+03
5.112000000000000000e+03
2.861000000000000000e+03
2.982000000000000000e+03
3.415000000000000000e+03
3.283000000000000000e+03
1.508000000000000000e+03
9.990000000000000000e+02
1.586000000000000000e+03
2.075000000000000000e+03
1.947000000000000000e+03
3.459000000000000000e+03
9.500000000000000000e+02
5.574000000000000000e+03
5.120000000000000000e+02
5.371000000000000000e+03
4.073000000000000000e+03
3.916000000000000000e+03
1.987000000000000000e+03
1.983000000000000000e+03
3.601000000000000000e+03
3.952000000000000000e+03
1.695000000000000000e+03
3.119000000000000000e+03
4.030000000000000000e+03
4.586000000000000000e+03
1.260000000000000000e+02
5.586000000000000000e+03
4.815000000000000000e+03
2.985000000000000000e+03
1.220000000000000000e+03
4.048000000000000000e+03
3.983000000000000000e+03
6.630000000000000000e+02
8.800000000000000000e+02
5.542000000000000000e+03
2.898000000000000000e+03
2.896000000000000000e+03
3.995000000000000000e+03
5.475000000000000000e+03
4.819000000000000000e+03
5.272000000000000000e+03
3.321000000000000000e+03
4.944000000000000000e+03
5.389000000000000000e+03
2.410000000000000000e+03
8.260000000000000000e+02
1.461000000000000000e+03
