[2, 8, 36, 39, 52, 71, 83, 84, 88, 99, 106, 115, 135, 149, 152, 174, 181, 183, 184, 186, 203, 204, 214, 215, 228, 236, 244, 245, 256, 297, 300, 309, 335, 336, 360, 361, 375, 383, 394, 395, 417, 421, 429, 431, 432, 433, 436, 437, 452, 454, 515, 522, 551, 553, 554, 581, 595, 598, 608, ]
[1, 23, 81, 101, 107, 111, 154, 185, 188, 198, 215, 245, 254, 293, 299, 304, 314, 331, 333, 343, 360, 362, 393, 395, 396, 422, 424, 425, 427, 429, 432, 452, 454, 455, 456, 457, 458, 471, 477, 479, 486, 489, 512, 519, 544, 545, 554, 555, 564, 565, 587, 598, 603, ]
[21, 131, 139, 185, 330, 377, 387, 389, 425, 448, 481, 495, 513, 525, 531, 539, 545, 555, 559, 576, 581, 583, ]
[7, 49, 123, 168, 217, 244, 305, 331, 337, 352, 360, 363, 367, 393, 394, 396, 428, 430, 432, 435, 446, 461, 462, 470, 471, 479, 499, 501, 523, 525, 533, 548, 559, 565, 579, 602, 615, ]
[5, 15, 27, 71, 108, 112, 124, 143, 150, 171, 200, 215, 217, 228, 239, 240, 241, 242, 253, 260, 267, 268, 271, 273, 274, 287, 303, 316, 317, 328, 337, 359, 360, 393, 395, 397, 415, 421, 424, 425, 432, 434, 447, 462, 463, 466, 467, 468, 469, 471, 479, 480, 492, 504, 512, 526, 561, 568, 581, 583, 608, ]
[6, 16, 57, 77, 110, 131, 140, 166, 169, 172, 173, 184, 192, 202, 206, 226, 242, 336, 341, 367, 372, 378, 406, 408, 411, 414, 415, 423, 441, 445, 473, 495, 520, 562, 589, 603, 607, 608, 610, 612, 614, ]
[5, 38, 81, 166, 174, 183, 239, 248, 286, 333, 357, 361, 362, 363, 394, 395, 425, 426, 433, 435, 442, 447, 473, 474, 494, 495, 496, 512, 513, 522, 524, 527, 559, 560, 562, 566, 568, 582, 583, 601, ]
[73, 108, 118, 168, 172, 180, 192, 201, 252, 277, 303, 344, 383, 384, 385, 394, 410, 417, 418, 423, 440, 443, 445, 446, 449, 451, 452, 471, 473, 490, 522, 581, 582, 584, 587, 589, 600, 601, 603, 604, 606, 608, 609, 613, ]
[3, 8, 9, 10, 22, 36, 41, 43, 47, 62, 66, 68, 75, 76, 108, 155, 179, 180, 205, 213, 214, 215, 233, 234, 240, 264, 266, 334, 339, 346, 355, 371, 429, 432, 434, 437, 443, 448, 485, 500, 581, 596, ]
[3, 20, 39, 49, 66, 79, 101, 114, 135, 146, 147, 180, 192, 204, 210, 213, 214, 217, 237, 259, 292, 306, 331, 334, 335, 340, 362, 375, 395, 416, 426, 427, 434, 436, 457, 461, 480, 481, 482, 488, 494, 495, 500, 501, 512, 513, 516, 526, 527, 530, 531, 537, 553, 559, 561, 583, 606, ]
[20, 49, 50, 72, 82, 83, 115, 138, 147, 148, 182, 197, 202, 214, 215, 227, 252, 308, 333, 364, 393, 394, 395, 396, 416, 424, 425, 426, 429, 447, 458, 460, 461, 474, 475, 488, 495, 498, 500, 502, 524, 525, 554, 577, 581, 583, 596, 609, ]
[14, 15, 45, 46, 56, 72, 102, 104, 114, 133, 134, 135, 145, 165, 166, 167, 172, 177, 181, 210, 211, 214, 215, 217, 239, 258, 336, 367, 374, 407, 408, 416, 423, 429, 433, 475, 545, 552, 553, 582, 589, 590, 594, 606, ]
[22, 25, 37, 48, 69, 71, 78, 128, 161, 162, 164, 166, 171, 193, 214, 236, 275, 296, 298, 299, 308, 310, 328, 333, 370, 371, 372, 373, 394, 415, 435, 436, 471, 473, 492, 524, 554, 590, 591, 592, 607, ]
[51, 69, 79, 80, 82, 89, 160, 161, 162, 165, 175, 181, 188, 189, 190, 208, 213, 248, 281, 295, 302, 303, 309, 333, 346, 361, 367, 371, 372, 373, 394, 417, 423, 426, 431, 432, 434, 435, 436, 479, 522, 556, 591, 592, 593, ]
[9, 25, 41, 48, 68, 99, 100, 131, 132, 135, 163, 164, 166, 171, 175, 180, 198, 217, 227, 232, 233, 234, 258, 261, 265, 305, 307, 311, 335, 360, 372, 375, 398, 407, 408, 409, 411, 414, 427, 431, 433, 435, 461, 475, 477, 496, 517, 549, 588, 590, ]
[13, 79, 81, 101, 106, 133, 137, 151, 153, 154, 165, 166, 189, 214, 241, 253, 257, 272, 279, 281, 302, 304, 327, 328, 330, 343, 391, 394, 397, 426, 427, 429, 446, 448, 460, 470, 471, 480, 488, 489, 490, 491, 492, 493, 511, 513, 524, 530, 532, 538, 540, 542, 550, 560, 563, 577, 581, 597, ]
[51, 78, 99, 134, 150, 163, 182, 184, 185, 200, 202, 215, 217, 219, 235, 262, 287, 313, 332, 339, 361, 392, 393, 394, 407, 408, 411, 423, 433, 436, 444, 447, 458, 477, 488, 499, 511, 513, 520, 526, 527, 529, 531, 532, 537, 558, 577, 581, 582, 583, 590, 591, 607, ]
[2, 7, 8, 9, 36, 49, 78, 87, 95, 98, 138, 171, 172, 173, 183, 205, 215, 232, 264, 298, 309, 335, 359, 375, 418, 425, 434, 436, 471, 555, 561, 565, 581, 592, 593, 606, ]
[79, 119, 130, 166, 172, 179, 221, 333, 340, 377, 408, 410, 412, 413, 414, 415, 434, 442, 447, 496, 597, 601, 605, ]
[59, 60, 133, 144, 216, 257, 272, 330, 331, 345, 354, 361, 394, 399, 424, 425, 426, 428, 432, 437, 469, 471, 474, 480, 486, 487, 488, 492, 493, 494, 495, 496, 502, 505, 513, 527, 533, 534, 561, 565, 569, 576, 581, 612, ]
[7, 8, 13, 15, 83, 99, 107, 130, 162, 182, 184, 185, 199, 200, 206, 214, 216, 218, 228, 249, 262, 286, 319, 331, 332, 333, 336, 358, 371, 375, 391, 407, 408, 409, 411, 428, 430, 437, 456, 458, 461, 477, 479, 480, 512, 546, 576, 577, ]
[7, 37, 51, 99, 109, 158, 169, 173, 186, 198, 209, 216, 233, 250, 256, 281, 294, 332, 360, 361, 362, 418, 425, 459, 461, 471, 474, 479, 480, 481, 551, 552, 554, 571, 572, 576, 581, 590, 601, ]
[3, 53, 66, 67, 118, 135, 198, 202, 203, 214, 219, 227, 258, 259, 291, 323, 324, 325, 326, 333, 356, 357, 367, 394, 399, 408, 411, 414, 431, 432, 433, 434, 435, 485, 499, 500, 501, 525, 545, 572, 582, 584, 585, 586, 590, ]
[48, 162, 166, 170, 192, 207, 208, 209, 210, 213, 217, 234, 303, 307, 336, 349, 361, 376, 407, 410, 418, 439, 440, 441, 447, 448, 461, 473, 479, 521, 560, 582, 584, 585, 598, 600, 602, 603, 611, ]
[3, 19, 20, 22, 23, 31, 71, 72, 99, 103, 112, 134, 140, 162, 178, 212, 213, 215, 227, 240, 245, 249, 258, 259, 276, 282, 336, 364, 369, 395, 396, 397, 416, 427, 428, 432, 461, 473, 474, 475, 479, 498, 512, 545, 559, 562, 576, 582, 596, ]
[17, 28, 156, 224, 306, 322, 333, 346, 392, 416, 421, 422, 426, 427, 428, 433, 437, 471, 479, 485, 489, 495, 496, 516, 523, 529, 531, 541, 547, 549, 556, 559, 560, 570, 571, 573, 576, 577, 578, 580, 602, ]