[6, 35, 50, 82, 125, 163, 178, 210, 215, 228, 323, 326, 359, 389, 417, 480, 486, 528, 529, 530, 531, 543, 561, 575, 583, 613, 614, 628, 667, 694, 707, 708, 710, 739, 773, 806, 807, 822, 828, 890, 901, 913, 949, 952, 992, 996, 1013, 1014, ]
[3, 13, 62, 127, 190, 196, 202, 255, 285, 321, 326, 343, 361, 405, 415, 420, 436, 479, 484, 488, 501, 524, 525, 526, 533, 534, 535, 567, 579, 598, 612, 631, 642, 648, 650, 672, 709, 711, 726, 743, 744, 758, 774, 782, 790, 808, 818, 832, 891, 895, 900, 905, 965, 983, 991, 995, 1023, ]
[7, 9, 33, 68, 107, 121, 147, 242, 264, 313, 355, 461, 504, 519, 528, 533, 534, 544, 549, 562, 601, 631, 646, 662, 691, 776, 793, 824, 833, 834, 864, 890, 896, 922, 925, 926, 928, 960, 999, ]
[34, 67, 92, 114, 126, 127, 131, 135, 160, 162, 163, 192, 193, 194, 228, 278, 326, 338, 363, 452, 454, 459, 464, 471, 500, 512, 519, 527, 548, 551, 566, 572, 588, 603, 616, 624, 633, 634, 638, 642, 678, 710, 711, 718, 723, 804, 807, 832, 899, 907, 929, 931, 959, 964, 965, 992, 1008, 1021, ]
[1, 2, 37, 68, 70, 85, 93, 190, 225, 269, 287, 355, 361, 383, 426, 438, 461, 489, 493, 501, 522, 525, 532, 541, 557, 558, 560, 568, 579, 585, 593, 597, 603, 616, 623, 627, 631, 639, 644, 661, 679, 736, 741, 742, 776, 784, 798, 817, 824, 868, 960, 967, 992, 993, 1001, 1014, 1015, ]
[0, 8, 11, 14, 24, 33, 42, 62, 196, 199, 273, 287, 296, 326, 335, 439, 466, 467, 499, 503, 520, 524, 531, 567, 573, 578, 586, 590, 594, 595, 654, 659, 679, 709, 710, 739, 747, 771, 779, 843, 852, 867, 943, 959, 981, 1003, 1012, ]
[11, 30, 63, 64, 93, 105, 112, 143, 149, 182, 216, 247, 309, 311, 312, 314, 328, 340, 355, 383, 410, 442, 455, 460, 475, 548, 558, 581, 593, 605, 607, 615, 631, 633, 637, 690, 698, 699, 724, 726, 730, 741, 756, 760, 761, 762, 763, 776, 792, 798, 855, 859, 885, 896, 917, 947, 979, 1019, ]
[0, 16, 17, 26, 33, 36, 41, 42, 64, 70, 76, 93, 103, 106, 164, 219, 297, 327, 341, 426, 430, 456, 485, 486, 490, 514, 518, 520, 529, 536, 537, 543, 550, 559, 585, 614, 616, 634, 652, 660, 665, 707, 739, 741, 756, 760, 780, 802, 803, 894, 901, 923, 962, 965, 980, 987, 992, 995, 1001, 1005, ]
[36, 50, 62, 161, 168, 176, 220, 263, 264, 301, 308, 319, 373, 405, 488, 519, 531, 535, 538, 546, 555, 556, 563, 582, 597, 605, 627, 630, 655, 661, 676, 698, 702, 720, 776, 800, 801, 805, 849, 850, 868, 895, 949, 966, 988, 994, ]
[0, 33, 46, 65, 93, 94, 126, 149, 157, 169, 187, 200, 234, 271, 323, 355, 360, 390, 422, 434, 469, 477, 493, 510, 518, 587, 591, 598, 605, 615, 621, 626, 633, 638, 647, 665, 666, 698, 726, 736, 746, 769, 776, 794, 802, 806, 819, 846, 871, 927, 932, 934, 948, 962, 966, 982, 998, 999, ]
[184, 249, 305, 377, 434, 464, 465, 469, 480, 481, 482, 498, 507, 511, 513, 514, 544, 546, 570, 576, 577, 578, 608, 609, 632, 642, 672, 679, 681, 686, 698, 770, 810, 832, 934, 1003, 1010, ]
[0, 1, 42, 61, 68, 73, 76, 93, 104, 105, 128, 153, 158, 191, 285, 323, 361, 403, 405, 449, 471, 472, 488, 492, 494, 521, 533, 540, 543, 553, 563, 565, 607, 616, 623, 640, 650, 674, 678, 693, 703, 712, 749, 771, 820, 872, 926, 928, 996, 1018, ]
[0, 15, 30, 76, 102, 125, 225, 244, 267, 299, 300, 308, 313, 332, 346, 363, 366, 384, 389, 455, 480, 499, 531, 549, 558, 562, 563, 567, 568, 584, 594, 595, 602, 625, 626, 627, 644, 733, 736, 737, 760, 778, 807, 816, 819, 835, 846, 850, 864, 896, 928, 929, 933, 1003, 1013, 1021, 1023, ]
[13, 33, 37, 63, 64, 66, 69, 94, 95, 104, 135, 153, 205, 225, 230, 294, 318, 322, 325, 327, 343, 352, 354, 385, 423, 427, 437, 453, 456, 488, 500, 519, 526, 528, 530, 563, 564, 566, 572, 581, 583, 586, 588, 612, 623, 624, 632, 637, 645, 646, 650, 671, 676, 695, 735, 739, 740, 745, 752, 756, 768, 771, 779, 803, 806, 867, 901, 934, 940, 961, 969, 990, 991, ]
[8, 60, 71, 81, 102, 126, 127, 135, 159, 187, 188, 229, 234, 287, 295, 308, 326, 328, 355, 357, 380, 410, 416, 439, 471, 499, 517, 529, 538, 549, 561, 613, 616, 692, 697, 706, 712, 752, 778, 850, 868, 882, 895, 968, 986, 992, ]