[54, 140, 141, 162, 196, 197, 199, 296, 310, 324, 329, 358, 360, 394, 425, 427, 436, 453, 455, 459, 469, 489, 496, 502, 519, 521, 526, 530, 532, 533, 536, 538, 551, 563, 605, 647, 662, 671, 680, 694, 741, 744, 756, 759, 775, 779, 789, 804, 809, 827, 839, 840, 846, 871, 903, 937, 1020, ]
[0, 1, 41, 42, 54, 64, 70, 99, 103, 108, 112, 136, 146, 156, 157, 169, 171, 196, 199, 200, 215, 223, 233, 268, 269, 275, 281, 287, 296, 297, 303, 305, 312, 315, 319, 331, 333, 335, 342, 358, 371, 373, 392, 402, 421, 435, 455, 461, 466, 468, 475, 476, 484, 487, 492, 496, 500, 504, 509, 519, 520, 530, 535, 550, 552, 555, 570, 575, 595, 611, 612, 620, 627, 640, 647, 661, 665, 675, 679, 685, 687, 710, 711, 713, 715, 719, 743, 757, 767, 776, 777, 804, 806, 826, 840, 863, 869, 876, 893, 899, 912, 933, 960, 970, 992, 1007, 1012, 1019, ]
[0, 18, 20, 62, 87, 101, 117, 127, 133, 137, 138, 148, 157, 169, 186, 192, 198, 201, 213, 229, 265, 274, 330, 331, 339, 345, 362, 376, 378, 390, 394, 405, 406, 425, 429, 435, 456, 475, 478, 487, 490, 493, 499, 500, 516, 532, 536, 557, 570, 629, 658, 677, 678, 688, 704, 710, 760, 775, 780, 808, 815, 834, 841, 859, 884, 901, 904, 920, 963, 1014, ]
[9, 60, 63, 76, 93, 100, 137, 159, 167, 169, 183, 201, 224, 232, 265, 299, 305, 325, 347, 355, 358, 382, 389, 402, 403, 406, 423, 437, 440, 441, 456, 468, 469, 473, 475, 480, 486, 497, 501, 522, 531, 533, 538, 551, 563, 582, 608, 634, 658, 662, 728, 757, 772, 775, 776, 778, 825, 837, 867, 873, 895, 903, 904, 958, 967, 983, 989, 993, 1002, 1021, ]
[0, 21, 22, 23, 25, 31, 65, 95, 105, 115, 132, 147, 169, 178, 185, 190, 197, 200, 208, 226, 238, 244, 250, 260, 261, 262, 264, 296, 312, 333, 341, 345, 406, 408, 411, 419, 422, 436, 444, 457, 475, 506, 510, 538, 539, 540, 563, 568, 583, 590, 591, 592, 598, 602, 626, 631, 633, 656, 659, 678, 680, 741, 767, 776, 807, 808, 840, 841, 853, 928, 934, 946, 954, 1022, ]
[8, 13, 21, 23, 25, 26, 28, 29, 31, 63, 73, 95, 103, 161, 169, 190, 200, 228, 232, 233, 236, 239, 243, 247, 248, 255, 286, 291, 296, 298, 313, 327, 358, 359, 372, 390, 404, 408, 412, 424, 433, 436, 442, 452, 456, 463, 471, 476, 490, 504, 507, 508, 525, 526, 540, 541, 552, 559, 562, 582, 590, 600, 604, 636, 637, 646, 668, 679, 707, 709, 714, 776, 778, 808, 839, 840, 841, 895, 925, 932, 958, 959, 987, 993, ]
[0, 1, 63, 74, 75, 93, 101, 102, 138, 157, 203, 231, 233, 237, 319, 325, 345, 356, 368, 374, 386, 392, 404, 408, 411, 424, 434, 445, 460, 467, 495, 508, 529, 536, 556, 557, 569, 586, 587, 592, 599, 602, 607, 621, 626, 627, 644, 649, 678, 681, 714, 731, 753, 754, 767, 777, 784, 805, 860, 866, 872, 895, 902, 930, 934, 935, 941, 949, 958, 968, 973, 980, 989, 992, 1004, 1005, 1006, 1018, ]
[37, 57, 85, 138, 144, 164, 165, 167, 178, 218, 238, 245, 249, 252, 259, 273, 282, 283, 296, 312, 313, 314, 315, 316, 324, 326, 332, 336, 339, 349, 357, 387, 393, 396, 398, 400, 401, 403, 404, 427, 434, 435, 440, 456, 461, 473, 491, 492, 493, 495, 497, 519, 564, 600, 623, 638, 651, 727, 771, 776, 807, 866, 898, 902, 903, 960, 963, ]
[20, 29, 30, 63, 70, 78, 94, 118, 124, 142, 143, 162, 168, 169, 180, 195, 201, 203, 207, 229, 234, 249, 256, 279, 286, 292, 296, 299, 307, 308, 319, 329, 346, 373, 389, 406, 411, 420, 432, 435, 465, 466, 477, 497, 499, 502, 519, 581, 600, 601, 616, 622, 647, 651, 676, 694, 708, 744, 760, 762, 769, 778, 803, 841, 847, 853, 869, 873, 888, 895, 904, 923, 937, 958, 964, 966, 967, 1014, 1020, ]
[17, 37, 42, 57, 64, 106, 127, 132, 136, 137, 164, 174, 176, 196, 197, 209, 231, 232, 234, 291, 296, 304, 345, 375, 391, 396, 397, 403, 405, 410, 423, 424, 447, 462, 464, 498, 504, 507, 509, 520, 527, 529, 567, 583, 626, 630, 710, 720, 745, 791, 808, 814, 870, 872, 892, 934, 958, 965, 987, 1023, ]
[1, 5, 10, 14, 23, 36, 74, 105, 124, 131, 133, 152, 157, 164, 169, 177, 184, 201, 204, 213, 223, 234, 274, 297, 319, 334, 335, 345, 367, 373, 376, 383, 398, 413, 425, 437, 438, 439, 453, 454, 464, 466, 469, 485, 488, 489, 505, 509, 519, 521, 543, 547, 550, 556, 558, 562, 564, 575, 584, 595, 597, 604, 614, 625, 631, 644, 653, 655, 664, 665, 681, 683, 714, 734, 737, 739, 744, 750, 757, 774, 776, 799, 824, 844, 846, 848, 858, 864, 868, 883, 924, 954, 967, 979, 991, 1018, 1022, ]
[9, 16, 23, 30, 31, 33, 57, 73, 100, 110, 128, 135, 163, 164, 169, 238, 251, 260, 262, 286, 342, 346, 358, 363, 371, 377, 396, 400, 424, 433, 434, 456, 460, 467, 488, 491, 507, 528, 559, 560, 563, 580, 624, 631, 652, 742, 747, 772, 803, 823, 835, 836, 867, 868, 871, 873, 894, 908, 931, 932, 968, 1017, ]
[8, 27, 29, 31, 70, 105, 111, 140, 167, 169, 191, 196, 198, 207, 218, 232, 244, 262, 291, 293, 300, 315, 330, 341, 365, 368, 373, 386, 393, 401, 408, 425, 429, 434, 442, 444, 465, 468, 471, 496, 506, 508, 528, 539, 590, 593, 625, 630, 632, 663, 677, 678, 693, 704, 720, 735, 741, 754, 760, 772, 776, 778, 824, 870, 893, 931, 934, 937, 958, 969, 993, 1001, 1016, 1019, ]
[0, 20, 31, 46, 89, 94, 103, 105, 115, 127, 130, 133, 136, 188, 191, 195, 197, 200, 217, 228, 230, 263, 286, 296, 302, 338, 350, 358, 361, 375, 376, 392, 405, 406, 423, 428, 434, 436, 457, 463, 473, 478, 489, 515, 526, 530, 563, 581, 586, 592, 595, 596, 597, 598, 611, 625, 632, 649, 663, 671, 676, 709, 712, 745, 783, 785, 790, 791, 799, 802, 823, 831, 838, 853, 869, 872, 873, 876, 895, 900, 925, 940, 941, 973, 984, 997, 1018, 1023, ]
[2, 17, 24, 33, 44, 91, 92, 125, 131, 159, 165, 168, 169, 171, 172, 187, 194, 196, 197, 200, 206, 218, 240, 276, 278, 280, 283, 293, 295, 296, 329, 337, 339, 344, 356, 357, 358, 363, 364, 373, 375, 389, 407, 410, 425, 427, 435, 437, 438, 456, 462, 463, 477, 479, 486, 487, 492, 508, 515, 518, 521, 526, 530, 534, 559, 560, 563, 569, 583, 585, 587, 588, 589, 599, 600, 613, 649, 652, 678, 683, 684, 689, 695, 712, 713, 719, 731, 737, 741, 753, 767, 798, 805, 830, 842, 851, 871, 888, 901, 905, 930, 958, 972, 988, 989, 993, 1000, 1014, 1019, 1020, ]
[0, 39, 58, 64, 127, 132, 134, 135, 137, 149, 201, 202, 216, 223, 228, 252, 265, 295, 311, 325, 368, 373, 375, 377, 382, 400, 401, 409, 426, 456, 501, 551, 600, 603, 612, 628, 681, 728, 743, 749, 762, 797, 817, 820, 821, 841, 843, 852, 868, 873, 903, 928, 989, 995, 1002, 1017, ]
[7, 25, 63, 68, 100, 136, 177, 197, 213, 223, 233, 245, 249, 262, 264, 277, 284, 287, 294, 303, 318, 326, 328, 341, 342, 357, 371, 372, 375, 378, 390, 401, 412, 445, 453, 467, 473, 476, 478, 501, 504, 521, 526, 528, 549, 564, 599, 621, 625, 646, 651, 653, 680, 682, 708, 709, 726, 735, 770, 800, 802, 813, 905, 937, 965, 969, 1010, 1023, ]
[3, 16, 31, 32, 39, 60, 70, 94, 104, 114, 122, 138, 158, 161, 163, 168, 220, 261, 272, 277, 283, 294, 296, 306, 313, 319, 326, 332, 361, 363, 370, 392, 412, 414, 437, 447, 464, 473, 479, 492, 498, 536, 543, 563, 585, 612, 623, 625, 631, 644, 645, 661, 680, 730, 774, 807, 830, 833, 847, 853, 875, 892, 902, 926, 933, 974, 993, 1013, 1023, ]
[11, 12, 25, 28, 30, 57, 69, 93, 95, 100, 103, 106, 131, 133, 135, 138, 139, 152, 170, 191, 196, 200, 203, 221, 228, 233, 283, 287, 293, 299, 313, 328, 337, 344, 357, 365, 388, 392, 393, 396, 400, 401, 406, 420, 428, 429, 457, 458, 462, 463, 475, 483, 487, 495, 500, 514, 523, 524, 526, 528, 530, 531, 532, 534, 538, 550, 552, 555, 588, 592, 593, 598, 601, 616, 619, 627, 632, 647, 667, 680, 682, 683, 697, 709, 710, 711, 712, 723, 745, 750, 759, 776, 785, 807, 809, 831, 863, 872, 895, 906, 929, 942, 959, 960, 987, 991, 999, 1009, 1016, 1018, 1021, ]
[31, 45, 64, 90, 94, 101, 106, 112, 141, 147, 165, 197, 202, 229, 247, 261, 281, 290, 293, 325, 341, 347, 351, 356, 357, 376, 400, 401, 406, 426, 434, 435, 439, 453, 455, 460, 465, 466, 476, 486, 488, 497, 498, 500, 524, 558, 559, 560, 585, 613, 616, 693, 696, 709, 712, 713, 775, 776, 798, 817, 862, 872, 903, 907, 932, 953, 1004, 1020, ]
[5, 11, 17, 23, 28, 40, 68, 93, 97, 98, 111, 112, 123, 125, 130, 132, 133, 140, 146, 168, 180, 198, 200, 202, 223, 228, 246, 247, 258, 259, 264, 266, 280, 293, 318, 333, 343, 345, 349, 351, 353, 358, 400, 401, 405, 408, 412, 416, 424, 430, 434, 440, 441, 442, 446, 448, 453, 475, 497, 499, 520, 525, 528, 532, 536, 573, 588, 594, 602, 612, 616, 624, 625, 640, 655, 695, 696, 710, 718, 735, 745, 748, 749, 750, 760, 763, 773, 782, 804, 808, 815, 830, 840, 843, 871, 873, 884, 891, 901, 927, 931, 933, 934, 936, 950, 957, 960, 961, 966, 967, 969, 990, 1001, 1017, ]
[3, 9, 18, 26, 32, 58, 63, 77, 81, 87, 98, 103, 104, 106, 108, 131, 132, 133, 134, 148, 171, 173, 186, 187, 188, 201, 202, 209, 215, 229, 235, 240, 245, 246, 255, 258, 264, 266, 289, 294, 305, 313, 316, 324, 332, 340, 344, 359, 363, 364, 374, 389, 401, 403, 411, 426, 427, 432, 435, 440, 446, 447, 456, 457, 459, 466, 473, 476, 488, 489, 491, 517, 519, 522, 528, 550, 552, 553, 562, 580, 583, 585, 590, 614, 618, 620, 622, 624, 627, 632, 636, 652, 655, 659, 667, 685, 717, 743, 750, 765, 776, 790, 800, 803, 806, 807, 818, 831, 833, 853, 864, 865, 877, 879, 888, 894, 897, 901, 904, 915, 924, 931, 937, 943, 965, 966, 968, 978, 984, 986, 988, 989, 992, 1002, 1005, 1021, ]
[29, 89, 94, 105, 108, 109, 117, 134, 148, 162, 163, 169, 191, 201, 202, 215, 216, 228, 229, 240, 245, 260, 266, 280, 292, 313, 324, 337, 342, 363, 374, 422, 456, 464, 476, 478, 492, 497, 498, 505, 518, 533, 535, 563, 564, 587, 591, 597, 616, 646, 663, 677, 679, 696, 698, 739, 741, 744, 783, 784, 789, 827, 839, 840, 872, 873, 933, 958, 969, 986, 1016, ]
[23, 28, 32, 45, 60, 63, 72, 92, 93, 94, 95, 127, 227, 229, 259, 273, 277, 290, 291, 297, 319, 321, 332, 341, 343, 356, 364, 371, 374, 375, 392, 394, 401, 450, 459, 472, 492, 508, 516, 520, 525, 527, 529, 530, 549, 562, 563, 568, 588, 596, 597, 598, 599, 606, 624, 625, 634, 644, 653, 663, 671, 681, 685, 703, 710, 712, 715, 734, 735, 748, 773, 775, 784, 866, 873, 925, 936, 962, ]
[23, 31, 63, 71, 90, 92, 101, 130, 136, 150, 162, 190, 201, 234, 245, 264, 272, 294, 305, 312, 327, 330, 341, 342, 343, 344, 370, 397, 399, 411, 415, 428, 431, 432, 433, 434, 437, 440, 441, 447, 460, 465, 466, 467, 471, 472, 499, 502, 518, 530, 532, 533, 538, 569, 573, 615, 620, 624, 662, 663, 690, 697, 707, 710, 728, 756, 757, 773, 776, 791, 808, 840, 866, 868, 870, 885, 895, 905, 969, 991, 999, 1012, 1023, ]
[19, 29, 39, 42, 46, 58, 103, 126, 127, 135, 137, 159, 163, 188, 195, 201, 216, 238, 243, 252, 261, 291, 295, 313, 315, 340, 355, 361, 390, 405, 406, 407, 412, 426, 432, 435, 436, 444, 455, 464, 489, 496, 505, 510, 519, 521, 527, 532, 534, 561, 571, 583, 587, 601, 655, 662, 677, 678, 680, 719, 732, 739, 760, 804, 840, 895, 899, 936, 960, 990, 992, 997, 1006, 1020, ]
[6, 20, 24, 26, 30, 31, 37, 42, 60, 62, 64, 105, 138, 150, 159, 170, 172, 187, 194, 201, 203, 209, 240, 255, 269, 272, 277, 282, 297, 327, 328, 339, 341, 356, 357, 361, 369, 378, 393, 404, 423, 427, 431, 432, 434, 435, 456, 463, 470, 475, 479, 489, 491, 500, 501, 504, 505, 516, 526, 528, 529, 532, 589, 595, 622, 625, 628, 630, 632, 669, 672, 693, 717, 730, 737, 741, 743, 744, 753, 775, 777, 825, 831, 840, 841, 852, 875, 880, 889, 894, 895, 901, 924, 925, 927, 928, 955, 959, 965, 985, 1006, 1014, 1015, ]
[23, 26, 41, 63, 85, 87, 124, 137, 149, 157, 161, 167, 189, 191, 201, 203, 211, 222, 228, 232, 246, 251, 259, 264, 281, 291, 296, 329, 374, 399, 402, 423, 452, 455, 468, 476, 496, 499, 502, 504, 507, 533, 541, 543, 567, 591, 613, 646, 656, 674, 745, 746, 748, 751, 767, 776, 778, 816, 827, 829, 831, 842, 861, 868, 871, 873, 880, 886, 894, 901, 956, 968, 978, 985, 995, ]
[2, 29, 32, 61, 62, 64, 67, 91, 100, 101, 111, 117, 144, 159, 200, 210, 235, 247, 259, 269, 286, 300, 303, 313, 321, 325, 336, 338, 340, 353, 360, 374, 378, 384, 390, 398, 400, 423, 433, 435, 444, 465, 478, 493, 496, 523, 531, 558, 561, 579, 586, 599, 623, 625, 652, 726, 735, 756, 799, 840, 852, 871, 901, 959, 960, 969, 982, 1019, ]
[1, 8, 17, 29, 69, 95, 102, 126, 134, 140, 156, 162, 163, 175, 180, 197, 201, 233, 241, 252, 255, 275, 278, 279, 288, 292, 294, 299, 339, 344, 354, 370, 377, 379, 390, 400, 403, 404, 410, 423, 424, 430, 434, 454, 455, 458, 465, 476, 484, 491, 495, 500, 518, 520, 528, 530, 541, 554, 565, 583, 594, 656, 658, 664, 665, 669, 687, 694, 702, 707, 740, 749, 757, 767, 774, 806, 822, 831, 838, 839, 840, 841, 870, 888, 895, 897, 902, 909, 932, 935, 954, 966, 967, 973, 990, 994, 1022, ]
[2, 6, 28, 29, 39, 62, 101, 106, 136, 169, 178, 193, 195, 196, 200, 208, 212, 213, 232, 236, 240, 244, 245, 248, 268, 270, 287, 304, 343, 344, 345, 367, 376, 380, 394, 395, 406, 414, 433, 442, 445, 456, 459, 464, 473, 489, 499, 500, 503, 533, 539, 551, 582, 600, 620, 646, 647, 655, 660, 664, 712, 729, 743, 780, 816, 848, 851, 856, 866, 873, 910, 938, 958, 961, 969, 992, 1009, 1023, ]
[0, 7, 14, 30, 39, 40, 41, 42, 55, 69, 70, 101, 136, 168, 169, 190, 196, 212, 223, 230, 234, 238, 249, 262, 263, 265, 270, 293, 298, 329, 356, 358, 386, 391, 400, 404, 481, 493, 505, 533, 540, 551, 570, 573, 598, 611, 639, 657, 662, 697, 712, 742, 751, 754, 786, 788, 811, 822, 842, 846, 858, 866, 868, 869, 901, 902, 903, 912, 923, 934, 958, 993, 995, ]
[47, 129, 160, 191, 192, 224, 225, 256, 257, 288, 289, 292, 301, 319, 321, 335, 341, 346, 353, 354, 360, 376, 417, 448, 480, 495, 556, 559, 600, 734, 773, 789, 814, 834, 944, 969, 1018, ]
[26, 33, 47, 52, 69, 126, 137, 140, 145, 162, 165, 166, 169, 171, 180, 200, 209, 216, 223, 227, 231, 247, 254, 264, 271, 272, 281, 304, 305, 319, 326, 330, 336, 340, 366, 383, 385, 389, 394, 399, 412, 414, 428, 451, 456, 463, 485, 488, 489, 493, 497, 507, 518, 527, 529, 530, 531, 537, 552, 574, 582, 588, 593, 594, 595, 605, 613, 616, 654, 655, 679, 686, 688, 695, 708, 712, 720, 739, 742, 746, 752, 758, 760, 769, 781, 783, 786, 867, 896, 906, 910, 913, 924, 956, 966, 995, 1006, 1022, ]
[1, 25, 27, 64, 116, 126, 133, 201, 228, 266, 281, 291, 297, 307, 319, 326, 331, 368, 373, 393, 398, 402, 408, 426, 430, 436, 439, 455, 458, 490, 495, 515, 519, 524, 536, 560, 570, 598, 650, 653, 663, 697, 711, 740, 744, 746, 796, 805, 852, 928, 932, 954, 994, 1019, 1021, 1023, ]
[5, 16, 18, 26, 27, 28, 29, 52, 135, 156, 158, 202, 208, 212, 229, 250, 259, 299, 306, 314, 344, 360, 367, 369, 371, 375, 376, 377, 406, 425, 429, 435, 442, 462, 466, 472, 483, 487, 494, 495, 496, 505, 527, 530, 533, 555, 561, 571, 592, 599, 603, 615, 626, 638, 655, 663, 665, 676, 678, 688, 743, 772, 775, 794, 862, 864, 868, 869, 872, 896, 902, 928, 929, 945, 961, 968, 986, 1000, 1008, 1011, ]
[4, 5, 19, 24, 41, 55, 63, 118, 119, 122, 150, 157, 159, 165, 170, 181, 186, 195, 199, 201, 215, 222, 227, 237, 238, 246, 248, 265, 267, 279, 280, 292, 293, 311, 312, 313, 315, 323, 337, 345, 347, 348, 349, 359, 395, 404, 412, 420, 423, 424, 435, 453, 466, 487, 494, 497, 499, 502, 506, 529, 532, 535, 541, 589, 632, 656, 710, 713, 740, 766, 774, 791, 793, 798, 829, 839, 856, 858, 867, 888, 894, 901, 913, 960, 979, 988, 991, 996, 1003, 1010, 1012, ]
[0, 3, 4, 18, 42, 50, 59, 61, 72, 99, 136, 139, 175, 192, 196, 200, 206, 210, 228, 229, 232, 245, 252, 260, 264, 266, 284, 296, 298, 299, 303, 307, 324, 341, 344, 358, 369, 403, 409, 412, 420, 434, 435, 452, 467, 493, 496, 498, 500, 502, 508, 520, 528, 552, 560, 561, 568, 587, 598, 612, 615, 627, 634, 636, 660, 676, 694, 708, 709, 718, 743, 747, 794, 807, 811, 816, 824, 834, 852, 869, 871, 890, 925, 949, 967, 969, 991, 992, ]
[12, 15, 30, 57, 78, 105, 114, 129, 154, 166, 169, 202, 213, 223, 229, 235, 237, 249, 265, 273, 277, 282, 284, 306, 311, 312, 327, 340, 375, 378, 389, 393, 403, 408, 409, 434, 445, 446, 462, 463, 464, 492, 499, 516, 518, 534, 537, 544, 547, 554, 557, 561, 565, 571, 581, 594, 631, 638, 671, 712, 731, 743, 754, 769, 804, 808, 809, 825, 832, 835, 837, 843, 864, 865, 879, 896, 897, 900, 926, 928, 929, 930, 938, 945, 953, 969, 995, ]
[2, 28, 56, 60, 69, 72, 74, 81, 105, 108, 116, 134, 181, 191, 209, 216, 219, 231, 234, 241, 254, 256, 260, 261, 296, 300, 309, 312, 346, 357, 372, 380, 381, 390, 401, 410, 420, 438, 439, 442, 446, 490, 495, 532, 533, 534, 561, 568, 573, 588, 623, 631, 670, 677, 679, 709, 736, 769, 808, 835, 837, 899, 911, 956, 967, 990, 1009, ]