[7, 82, 95, 125, 178, 196, 210, 215, 294, 323, 356, 359, 417, 436, 454, 480, 516, 529, 530, 531, 539, 552, 561, 575, 581, 613, 630, 667, 707, 710, 721, 739, 773, 774, 776, 800, 807, 822, 828, 890, 901, 948, 952, 973, 992, 996, ]
[3, 13, 41, 62, 127, 190, 196, 202, 255, 261, 262, 285, 343, 354, 359, 361, 405, 415, 436, 476, 479, 488, 501, 524, 526, 534, 535, 577, 579, 590, 612, 631, 650, 662, 674, 704, 709, 711, 726, 743, 744, 758, 774, 782, 790, 808, 818, 838, 891, 900, 905, 967, 991, 995, 997, 1023, ]
[7, 9, 33, 68, 108, 121, 147, 242, 264, 313, 355, 357, 461, 496, 499, 504, 519, 532, 533, 544, 549, 562, 601, 615, 631, 662, 664, 742, 776, 793, 824, 833, 834, 864, 890, 896, 922, 924, 925, 926, 928, 960, 999, 1012, ]
[34, 67, 92, 114, 126, 127, 131, 135, 160, 162, 163, 192, 193, 194, 228, 278, 326, 338, 419, 422, 439, 464, 480, 486, 487, 500, 512, 519, 527, 551, 559, 566, 571, 572, 588, 616, 633, 634, 638, 642, 710, 711, 718, 723, 728, 801, 804, 807, 832, 907, 929, 930, 931, 959, 964, 965, 992, 1008, 1021, ]
[1, 2, 38, 68, 85, 256, 269, 287, 296, 355, 361, 383, 426, 438, 461, 489, 493, 501, 522, 526, 532, 542, 557, 558, 560, 565, 579, 585, 593, 602, 604, 616, 623, 627, 631, 639, 644, 661, 679, 712, 741, 742, 776, 784, 798, 810, 817, 824, 837, 868, 960, 963, 967, 992, 993, 1001, 1014, 1015, ]
[8, 11, 33, 42, 43, 44, 49, 62, 92, 196, 199, 287, 296, 304, 326, 335, 384, 390, 466, 471, 499, 520, 524, 531, 551, 567, 573, 578, 590, 594, 595, 616, 654, 705, 709, 710, 739, 747, 779, 843, 852, 943, 959, 981, 1003, 1012, ]
[11, 30, 63, 64, 93, 105, 112, 143, 149, 216, 247, 309, 310, 311, 312, 328, 340, 355, 376, 383, 410, 442, 475, 487, 548, 558, 581, 605, 607, 615, 631, 633, 637, 690, 698, 699, 724, 726, 730, 741, 756, 760, 761, 762, 792, 798, 855, 859, 885, 917, 947, 963, 979, 1019, ]
[17, 33, 36, 41, 42, 64, 76, 93, 103, 106, 164, 235, 327, 341, 355, 427, 430, 480, 486, 496, 518, 520, 529, 534, 536, 537, 551, 559, 614, 665, 694, 707, 739, 756, 762, 803, 812, 923, 950, 965, 987, 992, 997, 1001, 1005, ]
[8, 13, 50, 62, 95, 161, 220, 263, 264, 301, 308, 319, 394, 405, 410, 468, 484, 488, 519, 528, 531, 535, 538, 546, 551, 555, 563, 597, 627, 629, 630, 639, 676, 698, 702, 720, 800, 805, 849, 850, 895, 949, 966, ]
[0, 33, 46, 54, 79, 93, 94, 126, 149, 157, 169, 201, 234, 271, 306, 323, 355, 360, 390, 422, 434, 462, 469, 477, 493, 510, 533, 555, 587, 591, 598, 605, 615, 621, 626, 633, 638, 647, 665, 666, 698, 726, 736, 742, 746, 769, 794, 806, 819, 846, 871, 927, 932, 934, 949, 960, 962, 966, 998, 999, 1019, ]
[34, 249, 305, 377, 464, 467, 480, 481, 482, 488, 498, 504, 511, 513, 514, 544, 546, 570, 576, 577, 578, 596, 608, 609, 632, 642, 672, 679, 686, 698, 770, 810, 832, 934, 1003, 1010, ]
[0, 1, 31, 42, 48, 68, 73, 76, 93, 104, 105, 128, 133, 153, 158, 190, 191, 196, 285, 296, 323, 361, 403, 405, 449, 469, 471, 472, 488, 492, 494, 521, 533, 540, 543, 553, 563, 565, 607, 616, 623, 640, 650, 671, 674, 678, 693, 703, 712, 749, 771, 818, 820, 872, 894, 928, 988, 1018, ]
[0, 11, 15, 68, 102, 127, 224, 244, 255, 281, 299, 300, 332, 346, 363, 366, 384, 433, 455, 499, 531, 549, 562, 563, 567, 568, 594, 602, 625, 626, 627, 644, 652, 679, 733, 737, 760, 778, 787, 807, 816, 835, 850, 864, 896, 928, 933, 978, 1003, 1013, 1023, ]
[13, 33, 37, 63, 64, 66, 69, 76, 94, 95, 104, 135, 153, 205, 225, 230, 294, 322, 325, 327, 344, 352, 385, 392, 423, 427, 437, 453, 456, 459, 488, 500, 524, 528, 530, 558, 563, 566, 572, 581, 583, 586, 588, 623, 624, 632, 637, 644, 645, 646, 671, 676, 695, 707, 735, 739, 740, 756, 768, 771, 779, 805, 808, 867, 901, 934, 940, 961, 969, 990, 991, 1010, ]
[8, 60, 71, 83, 126, 127, 135, 159, 187, 188, 229, 234, 287, 295, 326, 328, 340, 355, 380, 410, 416, 471, 499, 517, 529, 538, 549, 561, 613, 616, 692, 696, 712, 733, 742, 801, 850, 868, 882, 895, 968, 986, 992, ]