[14, 21, 27, 29, 43, 50, 52, 61, 65, 73, 83, 86, ]
[7, 12, 20, 27, 29, 30, 31, 45, 48, 51, 52, 63, 69, 78, 79, 81, 82, 85, 87, ]
[3, 5, 9, 10, 25, 27, 29, 31, 35, 38, 51, 53, 55, 66, 77, 79, 88, 89, ]
[2, 9, 23, 33, 35, 49, 52, 83, ]
[2, 9, 13, 25, 40, 62, 89, ]
[19, 32, 38, 48, 55, 59, 61, 84, ]
[0, 14, 16, 19, 21, 26, 27, 31, 36, 43, 47, 53, 63, 69, 71, 73, 76, 79, 81, 83, 84, 86, 88, 89, ]
[0, 3, 15, 19, 21, 23, 24, 25, 27, 29, 31, 32, 46, 78, 83, 87, ]
[0, 15, 23, 26, 28, 31, 51, 58, 65, 75, 82, 85, ]
[8, 13, 29, 33, 36, 37, 43, 46, 50, 57, 67, 69, 78, 85, 86, 89, ]
[2, 6, 9, 15, 27, 29, 31, 40, 43, 51, 56, 61, 65, 67, 83, 88, 89, ]
[0, 6, 8, 9, 21, 27, 29, 30, 32, 46, 47, 51, 53, 55, 60, 62, 74, 77, 82, 84, 86, 88, ]
[2, 3, 13, 23, 37, 40, 43, 49, 67, 68, 71, 74, 75, 85, 89, ]
[0, 2, 3, 4, 13, 23, 24, 25, 27, 41, 47, 48, 53, 59, 63, 64, 69, 80, 83, ]
[3, 8, 11, 12, 14, 22, 25, 34, 39, 49, 51, 55, 59, 61, 64, 65, 71, 75, 89, ]