[16, 19, 27, 29, 31, 50, 52, 53, 61, 62, 65, 73, 83, 86, ]
[7, 12, 20, 27, 29, 31, 34, 45, 48, 52, 63, 67, 78, 79, 81, 82, 85, 87, ]
[3, 7, 10, 11, 25, 27, 29, 31, 35, 38, 51, 53, 55, 66, 77, 79, 88, 89, ]
[4, 23, 33, 35, 53, 54, 83, ]
[2, 7, 9, 13, 16, 17, 19, 24, 25, 35, 50, 62, 64, 75, 80, 81, 89, ]
[21, 27, 32, 38, 46, 55, 59, 61, 71, 84, ]
[12, 16, 19, 21, 31, 37, 38, 47, 48, 53, 63, 71, 76, 79, 81, 84, 86, 88, 89, ]
[2, 3, 15, 19, 21, 23, 24, 25, 27, 29, 30, 31, 32, 40, 68, 78, 83, 88, 89, ]
[8, 17, 25, 26, 28, 31, 42, 43, 51, 56, 65, 75, 80, 85, 87, ]
[5, 8, 13, 26, 31, 33, 35, 37, 46, 48, 50, 51, 67, 69, 78, 81, 86, 87, 88, 89, ]
[6, 9, 15, 16, 19, 27, 31, 41, 46, 51, 61, 65, 67, 83, 88, 89, ]
[0, 3, 6, 8, 25, 27, 30, 32, 35, 46, 51, 53, 55, 60, 62, 77, 82, 84, 86, 88, ]
[2, 7, 13, 23, 37, 40, 43, 49, 67, 68, 71, 73, 85, 89, ]
[1, 2, 4, 5, 17, 23, 24, 25, 27, 41, 47, 50, 53, 59, 63, 64, 69, 82, ]
[8, 11, 12, 14, 22, 25, 34, 39, 49, 51, 55, 59, 61, 64, 65, 71, 72, 75, 79, ]