[7, 50, 82, 125, 132, 178, 196, 210, 215, 323, 359, 480, 529, 530, 532, 543, 551, 561, 575, 613, 614, 647, 667, 694, 707, 710, 739, 753, 773, 774, 800, 807, 822, 828, 890, 901, 949, 952, 960, 996, ]
[3, 13, 62, 127, 196, 202, 229, 255, 343, 386, 405, 415, 420, 436, 449, 479, 484, 488, 501, 524, 526, 533, 534, 535, 554, 579, 600, 612, 650, 663, 674, 681, 709, 711, 726, 743, 744, 774, 782, 790, 808, 818, 900, 905, 922, 967, 991, 995, 1023, ]
[7, 9, 33, 50, 68, 109, 121, 147, 242, 313, 355, 357, 461, 496, 499, 504, 513, 519, 533, 544, 549, 562, 564, 601, 615, 631, 662, 664, 742, 776, 793, 824, 832, 833, 834, 864, 890, 896, 922, 924, 925, 926, 928, 960, 1002, 1011, ]
[34, 67, 114, 126, 131, 158, 160, 161, 162, 163, 192, 193, 194, 219, 228, 278, 294, 326, 391, 439, 442, 452, 454, 459, 464, 471, 500, 512, 518, 519, 524, 527, 551, 559, 566, 569, 572, 611, 616, 628, 633, 634, 635, 638, 642, 678, 710, 717, 723, 728, 776, 801, 804, 807, 832, 907, 929, 930, 931, 950, 959, 964, 965, 992, 1008, 1021, ]
[1, 2, 37, 38, 68, 93, 178, 256, 269, 287, 355, 361, 426, 438, 461, 489, 493, 501, 522, 525, 532, 542, 557, 558, 560, 563, 568, 579, 585, 593, 597, 601, 603, 616, 623, 631, 639, 644, 661, 679, 741, 742, 776, 784, 798, 810, 817, 824, 837, 868, 960, 963, 967, 993, 1001, 1009, 1014, 1015, ]
[0, 8, 14, 24, 33, 44, 62, 99, 124, 143, 199, 273, 287, 296, 326, 335, 384, 466, 471, 499, 504, 520, 524, 531, 551, 567, 573, 578, 590, 594, 595, 614, 659, 709, 739, 771, 779, 843, 852, 943, 959, 981, 1002, ]
[11, 30, 63, 64, 93, 105, 112, 143, 149, 163, 216, 247, 309, 310, 311, 312, 328, 340, 376, 383, 387, 410, 442, 475, 487, 548, 558, 605, 607, 615, 631, 633, 637, 690, 698, 699, 724, 726, 730, 741, 756, 760, 761, 762, 792, 798, 827, 855, 859, 885, 886, 947, 966, 979, 1019, ]
[15, 16, 33, 36, 41, 42, 64, 76, 93, 103, 164, 235, 289, 297, 341, 355, 396, 456, 463, 480, 486, 518, 519, 520, 529, 536, 537, 543, 550, 559, 578, 614, 616, 634, 637, 660, 691, 694, 707, 739, 741, 748, 803, 812, 848, 894, 897, 901, 923, 950, 965, 987, 992, 1001, 1005, ]
[8, 13, 40, 50, 63, 161, 220, 263, 264, 301, 319, 339, 342, 405, 410, 456, 468, 488, 521, 531, 535, 546, 551, 555, 563, 570, 582, 597, 605, 627, 630, 661, 676, 698, 702, 720, 800, 801, 805, 849, 850, 868, 895, 949, 966, 994, ]
[4, 33, 54, 93, 94, 102, 126, 149, 157, 169, 200, 227, 234, 238, 306, 323, 355, 360, 384, 390, 422, 434, 439, 469, 493, 510, 529, 573, 587, 591, 598, 605, 615, 621, 626, 633, 638, 647, 665, 666, 698, 726, 736, 746, 769, 776, 794, 802, 819, 846, 871, 927, 932, 934, 948, 949, 962, 966, 998, 999, ]
[33, 184, 249, 273, 377, 464, 469, 480, 481, 482, 488, 498, 511, 513, 514, 544, 546, 570, 576, 577, 578, 608, 609, 632, 642, 672, 679, 681, 686, 698, 770, 810, 832, 934, 1003, 1010, ]
[0, 1, 31, 42, 48, 68, 73, 76, 93, 104, 105, 127, 128, 133, 144, 153, 190, 191, 285, 291, 296, 323, 361, 376, 403, 405, 419, 463, 469, 471, 481, 488, 492, 494, 521, 540, 543, 553, 563, 565, 607, 616, 623, 629, 640, 650, 671, 674, 678, 703, 712, 748, 771, 818, 820, 836, 872, 926, 928, 987, 1018, 1019, ]
[0, 15, 68, 102, 125, 224, 241, 244, 267, 299, 300, 308, 332, 346, 356, 363, 366, 384, 407, 455, 499, 531, 541, 549, 562, 563, 567, 568, 585, 594, 595, 602, 625, 626, 627, 644, 733, 736, 760, 778, 787, 807, 815, 816, 835, 850, 864, 867, 896, 928, 929, 933, 1003, 1013, 1021, 1023, ]
[33, 36, 37, 45, 64, 66, 69, 76, 95, 104, 118, 125, 127, 135, 163, 205, 225, 230, 262, 294, 308, 322, 327, 351, 352, 385, 409, 423, 453, 456, 459, 488, 500, 503, 524, 530, 550, 557, 563, 564, 566, 581, 583, 586, 588, 605, 623, 624, 637, 644, 645, 646, 647, 676, 695, 707, 709, 739, 740, 746, 752, 767, 768, 771, 779, 789, 806, 808, 867, 901, 905, 934, 940, 961, 989, 990, 991, 1009, 1010, ]
[8, 60, 71, 82, 126, 127, 159, 168, 186, 187, 188, 229, 234, 287, 295, 308, 326, 327, 328, 355, 357, 380, 410, 416, 439, 471, 499, 517, 529, 538, 549, 561, 616, 692, 712, 727, 752, 778, 801, 850, 858, 868, 882, 895, 986, 989, 992, ]