[54, 133, 140, 162, 196, 208, 232, 253, 262, 296, 310, 324, 329, 358, 360, 394, 425, 427, 436, 452, 455, 469, 489, 492, 496, 507, 519, 521, 526, 530, 532, 533, 534, 536, 538, 551, 563, 605, 647, 662, 671, 680, 694, 712, 741, 744, 756, 759, 775, 779, 789, 804, 809, 839, 840, 857, 871, 903, 937, 956, 1020, ]
[0, 1, 41, 42, 54, 59, 64, 70, 99, 100, 103, 108, 112, 134, 136, 146, 156, 157, 169, 171, 196, 199, 200, 216, 223, 233, 243, 268, 269, 281, 287, 296, 297, 305, 315, 319, 331, 333, 335, 342, 371, 373, 392, 421, 426, 435, 436, 438, 455, 461, 466, 468, 475, 476, 484, 487, 492, 496, 500, 509, 519, 520, 530, 535, 536, 550, 552, 555, 570, 575, 595, 611, 612, 620, 627, 640, 647, 661, 665, 675, 679, 685, 687, 710, 711, 713, 715, 719, 743, 757, 767, 776, 777, 804, 806, 826, 840, 863, 869, 876, 893, 899, 912, 933, 960, 968, 992, 1002, 1007, 1012, 1019, ]
[0, 11, 18, 20, 62, 87, 101, 116, 117, 127, 133, 137, 138, 148, 157, 169, 186, 192, 198, 201, 229, 265, 330, 331, 337, 339, 345, 362, 376, 378, 390, 394, 398, 405, 435, 445, 456, 457, 470, 475, 487, 494, 499, 500, 516, 520, 532, 536, 537, 557, 570, 575, 597, 658, 677, 678, 688, 704, 710, 760, 775, 780, 783, 790, 808, 834, 836, 841, 892, 901, 919, 920, 955, 963, ]
[9, 27, 60, 63, 69, 76, 127, 137, 165, 167, 169, 201, 209, 214, 224, 232, 265, 299, 311, 325, 347, 355, 358, 373, 389, 402, 403, 406, 423, 437, 440, 441, 456, 464, 466, 468, 469, 475, 480, 486, 501, 522, 529, 531, 533, 538, 551, 563, 565, 582, 601, 608, 634, 654, 658, 662, 677, 728, 739, 743, 757, 772, 775, 776, 778, 825, 837, 873, 895, 903, 904, 926, 959, 967, 983, 988, 993, 1002, 1021, ]
[0, 21, 22, 23, 25, 29, 31, 65, 95, 105, 115, 132, 147, 169, 178, 181, 186, 190, 197, 200, 208, 226, 238, 245, 250, 260, 261, 262, 264, 296, 305, 312, 333, 341, 345, 379, 404, 406, 408, 411, 419, 422, 444, 457, 475, 506, 510, 532, 538, 539, 540, 563, 568, 570, 583, 590, 591, 592, 598, 602, 622, 631, 633, 659, 678, 680, 700, 741, 776, 807, 808, 840, 841, 853, 891, 934, 956, 977, 993, 1022, ]
[8, 13, 21, 23, 25, 26, 28, 29, 31, 63, 73, 95, 103, 161, 164, 168, 169, 190, 200, 232, 233, 236, 239, 243, 247, 248, 255, 286, 291, 296, 298, 313, 327, 358, 359, 372, 390, 404, 412, 424, 433, 436, 440, 442, 452, 463, 471, 476, 490, 504, 508, 525, 526, 540, 541, 552, 559, 562, 582, 590, 600, 604, 636, 637, 646, 668, 679, 707, 714, 741, 775, 776, 808, 839, 840, 841, 895, 925, 932, 958, 987, 993, ]
[0, 1, 63, 74, 75, 93, 102, 133, 138, 157, 196, 231, 233, 237, 284, 319, 325, 331, 345, 368, 374, 386, 392, 404, 408, 411, 424, 434, 460, 500, 507, 529, 536, 556, 569, 573, 586, 587, 592, 599, 602, 607, 621, 626, 627, 644, 649, 681, 731, 746, 753, 754, 777, 805, 860, 866, 872, 895, 902, 930, 934, 935, 941, 949, 958, 968, 973, 980, 989, 992, 1005, 1006, 1018, ]
[31, 40, 57, 85, 107, 138, 165, 169, 177, 196, 213, 218, 229, 242, 249, 252, 259, 282, 283, 312, 313, 314, 315, 316, 326, 332, 336, 339, 349, 393, 396, 398, 400, 401, 403, 404, 420, 422, 427, 434, 435, 440, 456, 461, 491, 492, 493, 494, 495, 497, 519, 564, 569, 600, 623, 629, 638, 644, 651, 771, 776, 807, 835, 864, 866, 898, 902, 903, 960, 963, ]
[20, 29, 30, 70, 78, 95, 118, 124, 143, 162, 167, 168, 169, 180, 195, 203, 207, 229, 234, 249, 256, 279, 286, 292, 296, 299, 307, 308, 346, 369, 373, 389, 406, 411, 420, 432, 466, 497, 499, 502, 519, 537, 581, 600, 616, 622, 646, 651, 676, 694, 708, 760, 762, 769, 778, 803, 841, 847, 853, 869, 873, 888, 895, 904, 923, 937, 958, 964, 966, 967, 1014, 1020, ]
[17, 42, 57, 64, 106, 127, 132, 136, 137, 176, 196, 197, 209, 231, 234, 291, 296, 304, 345, 396, 400, 403, 405, 410, 423, 424, 440, 447, 462, 464, 467, 471, 490, 498, 509, 527, 529, 583, 630, 710, 744, 791, 808, 814, 838, 868, 872, 927, 987, 1011, ]
[1, 5, 10, 14, 23, 36, 105, 131, 133, 151, 152, 164, 169, 177, 184, 204, 212, 223, 232, 234, 243, 277, 287, 303, 305, 334, 335, 367, 373, 376, 383, 398, 413, 425, 434, 437, 438, 439, 447, 453, 454, 456, 464, 466, 469, 485, 487, 488, 489, 505, 509, 519, 521, 543, 547, 550, 555, 558, 563, 564, 575, 584, 594, 595, 597, 598, 604, 614, 625, 631, 644, 647, 653, 654, 656, 680, 682, 683, 696, 714, 729, 734, 737, 744, 745, 750, 757, 774, 776, 799, 824, 840, 844, 846, 848, 868, 873, 883, 924, 954, 963, 965, 979, 991, 1018, 1022, ]
[9, 16, 23, 30, 31, 33, 57, 73, 90, 100, 110, 128, 135, 149, 163, 164, 169, 196, 238, 251, 260, 262, 286, 310, 346, 358, 363, 371, 377, 391, 396, 400, 424, 433, 434, 439, 460, 467, 488, 491, 528, 559, 560, 580, 595, 617, 624, 631, 652, 703, 742, 747, 765, 768, 772, 778, 803, 823, 835, 836, 867, 868, 871, 894, 908, 931, 932, 968, 987, 992, ]
[8, 29, 31, 54, 70, 79, 95, 105, 140, 167, 170, 191, 196, 207, 208, 218, 232, 244, 262, 283, 291, 293, 300, 330, 368, 373, 386, 393, 401, 408, 423, 425, 429, 432, 434, 442, 444, 465, 468, 471, 496, 508, 526, 539, 552, 561, 563, 590, 625, 630, 632, 663, 677, 678, 704, 720, 728, 735, 741, 754, 772, 776, 778, 824, 870, 893, 931, 934, 937, 958, 969, 993, 1001, 1016, 1019, ]
[0, 13, 20, 31, 89, 94, 103, 105, 115, 127, 130, 133, 136, 144, 188, 191, 195, 197, 217, 228, 230, 246, 263, 286, 302, 324, 350, 357, 358, 359, 361, 375, 376, 392, 405, 406, 423, 425, 428, 434, 436, 451, 457, 463, 473, 478, 489, 496, 515, 526, 555, 562, 563, 567, 581, 586, 592, 595, 596, 597, 598, 611, 632, 663, 671, 709, 712, 745, 750, 785, 790, 791, 799, 802, 823, 838, 853, 863, 869, 872, 873, 875, 876, 895, 900, 925, 940, 941, 973, 997, 1017, 1023, ]
[2, 17, 24, 33, 44, 91, 92, 125, 131, 145, 159, 165, 168, 169, 171, 172, 187, 193, 196, 197, 200, 206, 218, 272, 276, 278, 280, 293, 295, 296, 313, 325, 329, 337, 339, 356, 357, 358, 363, 364, 373, 375, 376, 407, 410, 422, 425, 427, 437, 438, 456, 462, 463, 465, 477, 479, 486, 487, 492, 508, 515, 518, 521, 526, 534, 559, 560, 563, 583, 585, 587, 588, 599, 613, 626, 629, 649, 652, 678, 683, 684, 689, 695, 712, 713, 719, 731, 737, 741, 753, 767, 798, 805, 830, 842, 851, 871, 888, 901, 905, 930, 958, 972, 989, 993, 1000, 1014, 1018, 1019, 1020, ]
[5, 31, 34, 41, 58, 104, 127, 132, 134, 135, 137, 201, 202, 216, 223, 228, 245, 252, 265, 295, 311, 325, 368, 373, 375, 377, 382, 401, 409, 426, 456, 501, 505, 551, 600, 603, 612, 616, 628, 681, 685, 728, 743, 749, 762, 775, 797, 817, 820, 821, 841, 843, 852, 868, 873, 903, 904, 989, 995, 1017, ]
[6, 63, 68, 100, 136, 177, 197, 213, 223, 233, 235, 245, 249, 263, 264, 277, 287, 294, 303, 318, 326, 328, 342, 357, 371, 372, 378, 401, 407, 412, 441, 445, 453, 464, 467, 476, 478, 501, 504, 521, 564, 599, 613, 625, 651, 653, 680, 682, 708, 709, 726, 735, 745, 770, 800, 802, 813, 863, 883, 905, 937, 965, 969, 1010, 1023, ]
[3, 16, 25, 30, 32, 39, 70, 94, 138, 150, 158, 161, 168, 207, 220, 261, 277, 283, 294, 296, 304, 306, 319, 326, 332, 361, 363, 370, 377, 391, 412, 414, 434, 437, 447, 464, 479, 492, 498, 529, 536, 543, 563, 585, 612, 623, 644, 645, 661, 680, 695, 730, 774, 800, 807, 815, 827, 830, 833, 875, 892, 902, 915, 926, 933, 962, 993, 1014, 1023, ]
[11, 12, 25, 28, 30, 58, 69, 93, 95, 100, 103, 106, 131, 133, 135, 138, 139, 152, 170, 191, 196, 198, 200, 203, 221, 228, 233, 283, 287, 293, 296, 299, 313, 328, 337, 344, 357, 365, 388, 392, 393, 396, 406, 420, 428, 429, 432, 433, 455, 457, 458, 462, 463, 475, 483, 490, 495, 500, 506, 514, 519, 523, 524, 526, 528, 530, 531, 532, 534, 538, 550, 552, 555, 586, 588, 592, 593, 598, 601, 616, 619, 627, 632, 647, 667, 680, 682, 683, 697, 709, 710, 711, 712, 723, 745, 750, 754, 759, 785, 807, 809, 831, 868, 872, 895, 906, 929, 942, 987, 990, 994, 999, 1009, 1016, 1018, 1023, ]
[6, 31, 45, 67, 90, 94, 101, 112, 139, 141, 147, 165, 190, 229, 247, 261, 281, 290, 293, 325, 341, 351, 356, 357, 376, 400, 401, 406, 426, 428, 434, 435, 439, 453, 455, 460, 465, 466, 476, 488, 493, 496, 498, 500, 558, 559, 585, 613, 616, 693, 696, 709, 712, 713, 743, 776, 798, 817, 862, 872, 903, 907, 932, 953, 1004, 1020, ]
[11, 25, 28, 36, 63, 68, 90, 97, 98, 111, 112, 125, 130, 132, 133, 140, 146, 168, 180, 198, 200, 202, 223, 228, 246, 247, 259, 264, 266, 280, 287, 293, 343, 345, 349, 351, 353, 358, 400, 401, 405, 408, 412, 416, 424, 430, 434, 440, 441, 442, 448, 453, 475, 478, 480, 497, 499, 520, 525, 528, 532, 536, 588, 594, 612, 616, 624, 625, 678, 688, 695, 696, 718, 735, 745, 748, 749, 750, 760, 804, 805, 806, 808, 815, 830, 840, 843, 873, 884, 891, 901, 927, 931, 933, 934, 936, 950, 957, 960, 961, 966, 967, 969, 990, 1001, 1017, ]
[3, 28, 32, 42, 58, 77, 81, 87, 98, 103, 104, 106, 108, 131, 132, 133, 134, 148, 171, 173, 186, 188, 191, 201, 202, 209, 215, 229, 231, 235, 240, 245, 246, 258, 266, 287, 289, 294, 304, 313, 316, 332, 340, 344, 359, 363, 388, 389, 400, 401, 403, 411, 426, 427, 432, 435, 440, 446, 447, 456, 457, 459, 466, 473, 476, 488, 489, 491, 517, 519, 522, 528, 550, 552, 553, 562, 580, 581, 583, 585, 590, 591, 614, 618, 620, 622, 624, 627, 632, 636, 652, 655, 659, 667, 685, 717, 743, 750, 765, 776, 790, 800, 803, 806, 818, 831, 832, 833, 853, 865, 877, 879, 888, 894, 897, 901, 904, 915, 924, 931, 943, 953, 965, 966, 968, 978, 986, 988, 989, 992, 1002, 1005, 1021, ]
[29, 89, 94, 105, 108, 109, 117, 134, 148, 162, 163, 169, 191, 201, 202, 215, 216, 228, 229, 232, 240, 245, 260, 280, 292, 313, 324, 337, 363, 374, 422, 435, 456, 464, 476, 478, 492, 497, 498, 502, 505, 518, 533, 535, 563, 564, 587, 591, 597, 616, 646, 663, 677, 679, 696, 698, 739, 741, 744, 783, 784, 789, 838, 839, 872, 873, 888, 933, 958, 969, 1015, 1016, 1021, ]
[23, 28, 32, 60, 63, 73, 92, 93, 94, 95, 100, 127, 137, 229, 259, 273, 277, 290, 291, 297, 319, 321, 332, 341, 343, 356, 364, 368, 371, 374, 375, 392, 394, 399, 401, 450, 459, 492, 496, 508, 516, 520, 525, 527, 529, 530, 549, 562, 563, 565, 568, 588, 596, 598, 599, 600, 606, 624, 625, 634, 644, 649, 653, 663, 671, 685, 703, 710, 712, 715, 734, 735, 748, 773, 775, 784, 866, 873, 925, 936, 962, ]
[23, 31, 56, 63, 71, 92, 101, 130, 136, 150, 162, 165, 190, 201, 221, 230, 234, 245, 264, 272, 294, 303, 305, 312, 327, 330, 341, 342, 343, 344, 370, 397, 399, 415, 428, 431, 432, 433, 434, 437, 440, 441, 443, 447, 460, 465, 466, 467, 471, 472, 486, 499, 502, 516, 530, 533, 535, 538, 569, 570, 573, 587, 624, 646, 658, 661, 662, 663, 697, 708, 710, 728, 739, 757, 759, 773, 776, 808, 823, 840, 870, 885, 895, 900, 905, 969, 986, 991, 999, 1012, 1023, ]
[19, 25, 29, 39, 42, 46, 103, 123, 125, 127, 135, 137, 159, 161, 163, 186, 195, 201, 238, 243, 252, 261, 291, 295, 313, 315, 355, 361, 390, 405, 406, 407, 412, 426, 432, 435, 436, 444, 455, 464, 489, 496, 509, 510, 519, 522, 527, 534, 561, 564, 571, 583, 587, 601, 634, 655, 662, 678, 680, 719, 732, 739, 836, 840, 895, 899, 936, 990, 992, 996, 997, 1006, 1020, ]
[6, 18, 24, 26, 27, 30, 31, 37, 42, 60, 64, 105, 138, 150, 159, 170, 172, 187, 188, 194, 197, 201, 203, 209, 232, 240, 262, 269, 272, 277, 282, 297, 339, 341, 357, 361, 369, 378, 388, 393, 404, 423, 427, 431, 432, 447, 456, 463, 470, 489, 491, 496, 500, 501, 504, 505, 516, 526, 530, 532, 571, 582, 589, 622, 625, 627, 629, 632, 669, 672, 693, 717, 730, 737, 741, 743, 744, 753, 775, 777, 825, 831, 841, 853, 875, 880, 889, 894, 895, 904, 924, 925, 927, 928, 959, 965, 986, 1002, 1006, 1014, 1015, ]
[23, 26, 41, 63, 85, 87, 124, 137, 157, 161, 167, 188, 189, 191, 201, 203, 211, 228, 259, 260, 264, 281, 291, 296, 358, 374, 399, 402, 455, 458, 468, 476, 496, 499, 502, 503, 504, 507, 533, 541, 543, 591, 613, 646, 656, 674, 713, 745, 746, 748, 751, 767, 776, 778, 816, 827, 829, 831, 842, 861, 868, 871, 873, 880, 894, 901, 917, 956, 968, 995, ]
[2, 27, 29, 33, 61, 64, 67, 91, 100, 101, 111, 144, 159, 180, 200, 210, 220, 235, 247, 259, 269, 297, 300, 313, 325, 336, 340, 353, 360, 370, 374, 378, 384, 390, 398, 400, 402, 407, 412, 423, 432, 435, 441, 455, 465, 478, 491, 496, 497, 520, 523, 531, 558, 561, 580, 586, 623, 625, 652, 693, 726, 735, 744, 750, 799, 840, 852, 871, 896, 901, 959, 960, 969, 991, 992, 1010, ]
[1, 8, 17, 27, 31, 69, 102, 126, 134, 140, 162, 163, 165, 175, 180, 201, 233, 241, 275, 278, 279, 287, 288, 292, 294, 299, 339, 344, 354, 368, 370, 377, 379, 390, 394, 400, 403, 404, 410, 423, 424, 430, 434, 454, 455, 458, 465, 475, 476, 484, 495, 500, 518, 521, 528, 541, 554, 562, 565, 583, 658, 664, 665, 669, 687, 694, 702, 707, 740, 749, 757, 767, 774, 806, 822, 831, 838, 839, 840, 841, 870, 888, 895, 897, 902, 909, 923, 932, 935, 966, 967, 973, 990, 994, 1022, ]
[2, 6, 28, 29, 39, 62, 101, 106, 136, 169, 178, 193, 196, 200, 208, 212, 213, 232, 236, 240, 244, 245, 248, 268, 287, 291, 300, 304, 343, 344, 345, 367, 376, 380, 394, 395, 406, 414, 432, 433, 442, 445, 459, 473, 489, 496, 499, 500, 503, 533, 539, 551, 582, 620, 646, 647, 655, 660, 664, 712, 729, 743, 744, 780, 816, 848, 851, 856, 873, 899, 910, 938, 958, 961, 969, 992, 1005, 1023, ]
[2, 7, 14, 30, 39, 41, 42, 55, 69, 70, 101, 136, 168, 169, 190, 212, 222, 230, 234, 238, 249, 260, 263, 265, 270, 293, 298, 323, 329, 358, 384, 391, 400, 438, 493, 505, 533, 540, 551, 570, 573, 598, 611, 639, 657, 693, 697, 712, 742, 751, 754, 786, 788, 811, 826, 842, 846, 866, 868, 869, 889, 901, 902, 903, 912, 934, 957, 993, ]
[47, 129, 160, 191, 192, 224, 225, 256, 257, 288, 289, 292, 301, 319, 321, 335, 341, 346, 353, 354, 360, 367, 376, 417, 448, 480, 495, 556, 559, 734, 773, 789, 814, 834, 944, 969, 1018, ]
[9, 26, 33, 47, 52, 69, 126, 137, 140, 145, 162, 165, 166, 169, 171, 180, 200, 209, 216, 223, 227, 231, 247, 254, 264, 271, 272, 281, 304, 305, 319, 326, 330, 336, 337, 340, 366, 383, 385, 394, 399, 412, 414, 428, 451, 456, 463, 485, 488, 489, 493, 497, 507, 518, 527, 530, 531, 537, 563, 574, 582, 583, 588, 593, 594, 605, 613, 616, 624, 654, 655, 679, 686, 695, 708, 712, 720, 739, 742, 746, 752, 758, 760, 769, 781, 783, 786, 896, 906, 910, 913, 924, 956, 966, 995, 1006, 1022, ]
[1, 27, 64, 90, 93, 116, 133, 201, 266, 267, 281, 291, 297, 300, 307, 319, 326, 368, 373, 389, 393, 398, 402, 408, 426, 430, 436, 439, 455, 490, 495, 515, 520, 524, 536, 560, 570, 598, 653, 663, 665, 683, 711, 744, 772, 796, 805, 808, 852, 896, 929, 954, 988, 994, 1019, 1023, ]
[6, 26, 27, 28, 29, 52, 107, 156, 199, 202, 212, 229, 250, 259, 306, 314, 344, 360, 367, 369, 371, 375, 376, 377, 406, 425, 435, 442, 443, 462, 466, 472, 483, 487, 494, 495, 496, 505, 520, 527, 530, 561, 571, 589, 592, 599, 603, 615, 626, 638, 655, 663, 665, 676, 678, 742, 743, 772, 785, 794, 862, 864, 868, 869, 896, 902, 928, 929, 945, 961, 968, 986, 1000, 1008, 1011, ]
[4, 17, 19, 23, 41, 55, 63, 118, 119, 122, 150, 157, 159, 165, 170, 181, 187, 195, 199, 201, 215, 227, 237, 238, 246, 248, 265, 267, 279, 280, 287, 292, 311, 312, 313, 315, 323, 337, 345, 347, 348, 349, 359, 395, 404, 412, 420, 423, 424, 435, 453, 466, 473, 487, 494, 499, 502, 520, 529, 532, 535, 594, 632, 645, 656, 710, 713, 740, 760, 766, 774, 791, 793, 798, 829, 839, 856, 858, 867, 888, 894, 901, 913, 960, 979, 986, 989, 996, 1003, 1009, 1010, ]
[0, 3, 4, 18, 42, 50, 57, 61, 72, 136, 169, 175, 180, 192, 196, 200, 203, 206, 209, 228, 229, 248, 252, 260, 266, 277, 298, 299, 303, 307, 324, 341, 344, 358, 360, 369, 403, 409, 412, 420, 434, 467, 493, 496, 497, 500, 502, 508, 520, 528, 536, 552, 560, 572, 587, 598, 612, 615, 627, 634, 636, 660, 676, 708, 709, 718, 743, 794, 807, 811, 816, 824, 834, 869, 871, 890, 925, 936, 949, 967, 969, 991, ]
[12, 15, 28, 57, 78, 105, 117, 129, 139, 154, 166, 169, 177, 202, 213, 223, 233, 235, 249, 261, 265, 269, 273, 277, 282, 284, 306, 311, 312, 327, 340, 358, 375, 378, 389, 393, 401, 403, 408, 434, 439, 441, 445, 446, 459, 462, 463, 464, 492, 499, 516, 518, 527, 534, 536, 537, 547, 554, 557, 561, 565, 581, 594, 603, 631, 638, 671, 681, 697, 731, 743, 769, 802, 804, 805, 808, 809, 817, 825, 832, 835, 843, 864, 865, 896, 897, 900, 910, 916, 926, 928, 929, 930, 938, 953, 969, 995, 1021, ]
[22, 26, 60, 69, 74, 81, 105, 108, 117, 140, 179, 182, 191, 202, 228, 231, 241, 248, 252, 254, 256, 261, 295, 296, 300, 309, 312, 346, 372, 381, 389, 401, 420, 434, 439, 442, 446, 468, 490, 495, 532, 534, 561, 565, 568, 573, 588, 623, 631, 670, 768, 769, 835, 837, 903, 911, 956, 967, 990, 1009, ]