[140, 141, 162, 196, 199, 232, 253, 296, 310, 324, 329, 358, 360, 394, 405, 425, 427, 436, 453, 455, 459, 469, 472, 487, 489, 496, 507, 519, 521, 526, 530, 532, 533, 534, 538, 551, 563, 575, 605, 614, 647, 662, 680, 694, 741, 744, 756, 759, 775, 779, 789, 804, 809, 839, 840, 871, 886, 903, 937, 956, 991, 1020, ]
[0, 1, 41, 42, 54, 64, 70, 92, 99, 100, 103, 108, 136, 146, 156, 157, 169, 171, 196, 199, 200, 216, 223, 243, 261, 268, 269, 281, 286, 296, 297, 303, 305, 315, 319, 331, 333, 335, 342, 371, 373, 392, 402, 421, 426, 435, 461, 466, 468, 475, 477, 484, 487, 492, 496, 500, 519, 520, 535, 536, 539, 550, 555, 570, 575, 596, 611, 612, 620, 627, 640, 647, 661, 665, 679, 687, 707, 710, 711, 713, 715, 718, 719, 740, 743, 757, 776, 777, 780, 799, 806, 826, 840, 863, 869, 893, 899, 912, 930, 933, 992, 1003, 1007, 1012, 1019, ]
[0, 11, 18, 20, 50, 62, 101, 116, 117, 127, 133, 137, 138, 148, 157, 169, 186, 192, 198, 201, 229, 233, 265, 330, 331, 339, 345, 362, 376, 378, 394, 405, 429, 435, 445, 456, 457, 475, 487, 493, 499, 500, 516, 520, 532, 557, 570, 575, 597, 658, 672, 677, 688, 704, 709, 710, 760, 775, 780, 783, 808, 834, 836, 841, 893, 920, 948, 955, 963, ]
[9, 27, 60, 63, 76, 100, 137, 159, 165, 167, 169, 201, 214, 224, 232, 265, 305, 311, 325, 331, 347, 355, 373, 389, 391, 402, 403, 406, 424, 433, 437, 440, 441, 455, 468, 469, 475, 480, 501, 522, 531, 533, 538, 552, 561, 563, 582, 596, 601, 608, 634, 658, 662, 677, 683, 743, 772, 775, 776, 789, 809, 825, 837, 867, 873, 887, 895, 903, 904, 958, 967, 983, 989, 993, 1002, 1021, ]
[0, 21, 22, 23, 25, 31, 65, 95, 105, 115, 132, 147, 169, 178, 186, 197, 200, 208, 223, 226, 238, 244, 250, 260, 261, 262, 264, 296, 312, 333, 341, 345, 379, 406, 408, 411, 419, 422, 436, 444, 457, 465, 475, 503, 506, 510, 532, 538, 539, 540, 563, 568, 571, 583, 590, 591, 598, 602, 622, 633, 658, 659, 678, 680, 700, 741, 757, 807, 808, 853, 891, 928, 993, 1022, ]
[8, 13, 23, 25, 26, 28, 29, 30, 63, 73, 94, 95, 103, 138, 161, 164, 169, 190, 200, 232, 233, 236, 239, 243, 247, 255, 286, 291, 296, 298, 313, 323, 327, 358, 359, 372, 390, 392, 404, 408, 412, 424, 436, 442, 452, 463, 471, 476, 504, 508, 525, 526, 540, 541, 552, 559, 562, 573, 582, 590, 600, 604, 636, 637, 646, 668, 679, 707, 709, 714, 776, 808, 839, 840, 841, 871, 895, 925, 932, 958, 959, 987, 993, ]
[0, 1, 26, 30, 74, 75, 93, 102, 133, 138, 157, 196, 203, 233, 237, 284, 319, 325, 340, 345, 354, 368, 374, 392, 404, 408, 411, 434, 460, 500, 507, 529, 536, 556, 557, 569, 586, 587, 592, 599, 602, 607, 621, 626, 627, 644, 649, 681, 731, 746, 753, 754, 767, 777, 784, 805, 860, 866, 872, 895, 902, 930, 934, 935, 941, 949, 958, 968, 973, 980, 989, 992, 1004, 1005, 1006, 1018, ]
[31, 57, 85, 138, 144, 165, 167, 178, 218, 229, 238, 245, 249, 252, 259, 273, 282, 283, 312, 313, 314, 315, 316, 326, 332, 336, 339, 357, 387, 393, 396, 398, 400, 401, 403, 404, 427, 434, 435, 440, 456, 461, 491, 492, 493, 495, 497, 519, 564, 569, 600, 623, 638, 651, 658, 727, 771, 776, 807, 864, 866, 898, 903, 960, 963, ]
[20, 29, 31, 70, 78, 91, 95, 118, 143, 161, 168, 169, 180, 195, 201, 203, 207, 234, 249, 279, 286, 292, 293, 296, 299, 307, 308, 343, 346, 365, 411, 420, 435, 456, 466, 470, 486, 497, 499, 519, 581, 592, 598, 600, 601, 622, 647, 676, 694, 708, 760, 762, 769, 778, 803, 841, 847, 853, 869, 873, 888, 895, 904, 923, 937, 958, 964, 966, 967, 1014, 1020, ]
[42, 57, 64, 106, 127, 131, 132, 136, 137, 164, 174, 176, 196, 197, 209, 231, 232, 234, 304, 345, 375, 388, 391, 396, 403, 405, 408, 410, 424, 447, 462, 464, 467, 490, 498, 509, 527, 583, 630, 710, 713, 720, 745, 791, 808, 814, 838, 868, 872, 907, 927, 987, 998, 1011, ]
[1, 5, 10, 14, 23, 36, 65, 105, 124, 131, 133, 151, 152, 157, 164, 169, 177, 184, 201, 204, 213, 223, 234, 274, 277, 297, 303, 319, 334, 335, 345, 367, 373, 376, 383, 398, 413, 425, 434, 437, 438, 439, 447, 453, 454, 456, 464, 466, 469, 485, 487, 488, 489, 505, 509, 519, 521, 533, 543, 547, 550, 555, 558, 562, 563, 564, 575, 584, 595, 597, 604, 614, 625, 631, 644, 654, 655, 664, 681, 682, 683, 714, 734, 737, 739, 744, 750, 757, 774, 799, 824, 840, 844, 846, 848, 858, 868, 883, 924, 954, 963, 967, 979, 991, 1018, 1022, ]
[9, 16, 23, 30, 31, 33, 57, 73, 90, 100, 110, 128, 135, 149, 163, 164, 169, 196, 238, 251, 253, 260, 262, 342, 346, 351, 358, 363, 371, 377, 391, 396, 400, 424, 433, 434, 441, 460, 467, 488, 491, 507, 528, 559, 560, 580, 595, 617, 624, 631, 652, 742, 747, 765, 768, 772, 778, 803, 823, 835, 836, 867, 868, 871, 894, 908, 931, 932, 968, 987, 992, ]
[8, 19, 27, 29, 31, 70, 105, 126, 140, 143, 167, 191, 196, 218, 232, 244, 262, 269, 283, 291, 293, 330, 331, 341, 347, 370, 373, 386, 393, 399, 401, 425, 427, 432, 434, 442, 444, 461, 465, 468, 477, 496, 526, 539, 544, 591, 593, 618, 625, 630, 632, 663, 677, 678, 704, 720, 728, 735, 741, 754, 772, 776, 778, 824, 870, 893, 931, 934, 937, 958, 965, 969, 992, 1001, 1016, 1019, ]
[0, 20, 31, 89, 94, 103, 105, 115, 127, 130, 133, 136, 188, 191, 195, 197, 200, 210, 216, 217, 228, 230, 263, 265, 286, 302, 350, 358, 360, 376, 392, 405, 406, 424, 428, 436, 457, 463, 473, 489, 498, 515, 522, 526, 563, 567, 581, 584, 592, 595, 596, 597, 598, 611, 625, 649, 663, 664, 676, 709, 712, 745, 783, 785, 790, 791, 799, 802, 823, 838, 853, 863, 869, 873, 875, 876, 895, 900, 925, 940, 941, 973, 984, 997, 1018, 1023, ]
[2, 17, 24, 33, 44, 91, 92, 125, 131, 159, 165, 168, 169, 171, 172, 187, 194, 196, 197, 200, 206, 218, 240, 276, 278, 280, 283, 293, 295, 296, 313, 326, 329, 337, 339, 356, 357, 363, 364, 373, 375, 376, 389, 407, 410, 422, 425, 427, 437, 438, 456, 462, 463, 465, 477, 479, 486, 487, 492, 508, 515, 518, 521, 526, 534, 559, 560, 563, 569, 583, 585, 587, 588, 589, 599, 613, 626, 629, 649, 652, 678, 683, 684, 689, 695, 712, 713, 719, 731, 737, 741, 753, 767, 798, 805, 830, 842, 851, 869, 871, 888, 901, 905, 930, 958, 972, 989, 993, 998, 1014, 1018, 1019, 1020, ]
[2, 13, 39, 58, 127, 132, 134, 135, 137, 180, 199, 201, 202, 216, 222, 228, 252, 265, 295, 310, 325, 369, 374, 375, 377, 382, 401, 404, 409, 501, 551, 603, 628, 643, 648, 666, 681, 728, 749, 762, 797, 817, 820, 821, 841, 843, 852, 868, 873, 903, 928, 989, 995, 1017, ]
[7, 25, 63, 68, 100, 197, 213, 221, 223, 233, 245, 249, 264, 268, 277, 287, 294, 303, 318, 324, 326, 328, 341, 342, 357, 371, 372, 378, 390, 401, 407, 412, 441, 445, 453, 459, 476, 478, 495, 501, 504, 521, 549, 564, 599, 621, 625, 636, 639, 651, 653, 680, 682, 709, 726, 745, 770, 799, 800, 802, 813, 868, 905, 914, 937, 969, 1010, 1023, ]
[3, 16, 32, 39, 60, 70, 94, 104, 114, 122, 138, 159, 161, 168, 207, 220, 261, 277, 283, 294, 296, 304, 306, 313, 319, 326, 332, 361, 363, 370, 392, 412, 414, 437, 447, 456, 464, 473, 474, 479, 492, 498, 536, 543, 594, 595, 612, 623, 631, 644, 645, 661, 680, 730, 774, 792, 800, 807, 830, 833, 847, 860, 875, 892, 902, 915, 933, 962, 988, 992, 993, 1023, ]
[11, 12, 25, 28, 30, 57, 69, 93, 95, 100, 103, 106, 131, 133, 135, 138, 139, 152, 165, 170, 191, 200, 203, 221, 228, 233, 283, 287, 293, 296, 299, 313, 328, 337, 344, 357, 365, 388, 392, 393, 396, 401, 406, 420, 428, 429, 457, 458, 462, 463, 475, 483, 487, 490, 495, 514, 523, 524, 526, 528, 531, 532, 534, 538, 550, 552, 555, 588, 592, 593, 595, 598, 601, 616, 619, 632, 647, 656, 667, 680, 682, 683, 691, 697, 709, 710, 711, 712, 713, 745, 750, 759, 776, 785, 807, 809, 831, 863, 868, 872, 895, 906, 929, 942, 959, 960, 987, 991, 999, 1009, 1016, 1018, 1021, ]
[31, 45, 64, 90, 94, 101, 112, 133, 139, 141, 147, 165, 229, 247, 261, 281, 290, 293, 325, 341, 347, 351, 356, 357, 376, 401, 406, 412, 426, 433, 434, 435, 453, 455, 460, 465, 466, 479, 488, 494, 497, 498, 500, 524, 558, 559, 585, 613, 616, 628, 631, 693, 696, 709, 712, 713, 775, 776, 798, 817, 862, 872, 903, 907, 932, 953, 988, 1004, ]
[4, 11, 23, 40, 68, 80, 93, 97, 98, 99, 111, 112, 125, 132, 133, 140, 146, 162, 168, 180, 198, 202, 223, 228, 246, 247, 254, 264, 266, 280, 291, 293, 345, 349, 351, 353, 400, 402, 405, 408, 416, 424, 430, 432, 434, 440, 442, 443, 446, 448, 453, 480, 497, 516, 520, 528, 532, 536, 557, 572, 594, 602, 612, 616, 640, 655, 678, 695, 696, 710, 718, 735, 745, 748, 749, 750, 753, 782, 793, 804, 805, 815, 830, 843, 871, 873, 884, 901, 927, 931, 933, 934, 936, 950, 957, 960, 962, 966, 967, 968, 969, 990, 1001, 1017, ]
[3, 26, 32, 42, 58, 77, 81, 87, 103, 106, 108, 129, 131, 132, 133, 134, 148, 171, 173, 186, 188, 201, 202, 209, 215, 229, 231, 235, 240, 245, 246, 255, 258, 264, 266, 286, 289, 294, 304, 313, 316, 324, 332, 340, 344, 359, 363, 364, 389, 401, 403, 411, 426, 427, 432, 435, 440, 446, 447, 456, 457, 459, 466, 473, 476, 488, 489, 491, 517, 519, 522, 528, 550, 552, 553, 562, 580, 583, 585, 590, 614, 618, 620, 622, 624, 627, 632, 636, 652, 655, 659, 667, 685, 717, 743, 750, 765, 776, 790, 800, 803, 806, 818, 831, 833, 853, 864, 865, 877, 879, 888, 894, 897, 901, 904, 915, 924, 931, 937, 943, 953, 965, 966, 968, 978, 986, 988, 989, 992, 1002, 1005, 1021, ]
[29, 89, 94, 105, 108, 109, 117, 134, 148, 162, 163, 169, 191, 201, 202, 215, 216, 228, 229, 240, 245, 260, 265, 266, 280, 292, 313, 324, 337, 363, 374, 422, 464, 478, 492, 497, 498, 505, 518, 533, 536, 563, 564, 587, 591, 597, 616, 631, 639, 646, 677, 679, 696, 698, 739, 741, 744, 783, 784, 789, 838, 839, 872, 873, 933, 958, 969, 981, 986, 1016, ]
[23, 28, 32, 60, 63, 73, 76, 92, 93, 94, 95, 127, 226, 227, 229, 259, 273, 277, 290, 319, 321, 332, 339, 341, 343, 356, 360, 364, 368, 371, 374, 386, 394, 401, 440, 459, 462, 472, 508, 520, 524, 527, 529, 530, 546, 549, 562, 563, 565, 588, 596, 598, 599, 600, 606, 612, 614, 624, 625, 653, 658, 663, 671, 685, 703, 710, 712, 734, 735, 743, 748, 773, 775, 784, 838, 873, 925, 936, 962, 1012, ]
[23, 31, 41, 63, 90, 92, 101, 130, 135, 162, 165, 190, 201, 203, 214, 221, 230, 234, 264, 272, 276, 294, 298, 305, 312, 327, 341, 342, 343, 344, 370, 397, 399, 415, 425, 428, 431, 432, 433, 434, 437, 440, 441, 443, 447, 460, 465, 466, 467, 471, 472, 499, 502, 518, 530, 533, 535, 538, 569, 573, 587, 624, 626, 646, 662, 663, 690, 697, 707, 710, 711, 728, 740, 756, 757, 759, 773, 776, 808, 823, 833, 840, 870, 885, 895, 900, 905, 969, 991, 999, 1012, 1023, ]
[19, 29, 39, 42, 46, 69, 89, 93, 103, 125, 127, 135, 137, 159, 163, 188, 199, 201, 217, 238, 243, 252, 261, 291, 295, 313, 323, 340, 355, 361, 405, 406, 407, 412, 426, 432, 435, 436, 444, 455, 464, 489, 496, 509, 510, 519, 531, 534, 536, 561, 564, 571, 583, 587, 594, 655, 662, 680, 694, 719, 732, 739, 804, 840, 858, 895, 899, 936, 957, 960, 990, 992, 997, 1006, ]
[2, 18, 24, 26, 27, 30, 31, 37, 42, 60, 64, 105, 138, 150, 159, 170, 172, 187, 188, 194, 196, 197, 201, 203, 240, 255, 269, 272, 277, 279, 282, 297, 304, 339, 361, 369, 378, 388, 393, 398, 404, 423, 427, 431, 432, 434, 439, 463, 470, 475, 479, 489, 491, 496, 500, 501, 504, 505, 516, 518, 526, 532, 582, 589, 595, 621, 622, 625, 627, 629, 632, 634, 647, 669, 672, 693, 728, 730, 737, 743, 744, 753, 775, 777, 805, 816, 825, 831, 841, 853, 875, 889, 894, 895, 904, 924, 925, 927, 928, 955, 959, 965, 969, 1006, 1014, 1015, 1017, ]
[23, 26, 41, 63, 85, 87, 124, 137, 157, 161, 167, 188, 189, 191, 201, 203, 211, 228, 259, 260, 264, 281, 291, 296, 358, 374, 399, 402, 455, 468, 472, 476, 496, 499, 502, 503, 507, 533, 541, 543, 591, 613, 646, 656, 674, 713, 745, 746, 748, 751, 767, 773, 776, 778, 816, 827, 829, 831, 842, 861, 868, 871, 873, 880, 894, 901, 917, 956, 968, 995, ]
[2, 27, 29, 33, 61, 64, 67, 91, 100, 101, 111, 117, 135, 137, 144, 159, 200, 210, 235, 246, 248, 259, 269, 286, 297, 300, 313, 315, 325, 336, 338, 340, 353, 360, 374, 378, 384, 390, 398, 400, 402, 407, 412, 433, 435, 441, 455, 465, 478, 491, 496, 520, 523, 531, 554, 561, 580, 586, 623, 625, 652, 693, 726, 735, 744, 750, 799, 804, 840, 852, 871, 901, 959, 960, 969, 992, 1013, 1019, ]
[0, 8, 17, 27, 31, 32, 69, 102, 126, 134, 140, 156, 162, 163, 165, 175, 180, 201, 233, 241, 255, 275, 278, 279, 288, 292, 294, 299, 323, 339, 344, 370, 377, 379, 390, 400, 403, 404, 410, 423, 426, 430, 454, 455, 458, 465, 466, 476, 484, 495, 500, 518, 520, 525, 528, 541, 562, 565, 583, 613, 658, 664, 665, 669, 687, 694, 702, 716, 740, 757, 760, 767, 774, 783, 806, 822, 831, 838, 839, 840, 841, 870, 888, 897, 902, 909, 925, 928, 935, 966, 967, 973, 990, 994, 1022, ]
[3, 6, 28, 29, 39, 62, 101, 106, 136, 164, 169, 178, 193, 195, 196, 200, 208, 212, 213, 232, 236, 240, 244, 245, 248, 268, 287, 300, 304, 343, 344, 345, 367, 376, 380, 394, 395, 406, 414, 433, 442, 445, 459, 464, 473, 489, 499, 500, 503, 533, 539, 551, 582, 600, 620, 628, 646, 647, 655, 664, 712, 729, 731, 741, 742, 743, 780, 816, 848, 851, 859, 873, 883, 899, 910, 938, 958, 961, 969, 992, 993, 1005, 1023, ]
[2, 7, 14, 30, 39, 41, 42, 55, 68, 70, 101, 136, 168, 169, 190, 196, 212, 223, 230, 234, 238, 249, 265, 270, 293, 298, 329, 354, 356, 358, 391, 400, 404, 416, 438, 493, 505, 533, 540, 551, 570, 573, 598, 611, 639, 657, 693, 712, 730, 742, 751, 754, 786, 788, 811, 826, 842, 846, 866, 868, 869, 889, 901, 902, 903, 912, 934, 957, 993, ]
[47, 129, 160, 191, 192, 224, 225, 229, 256, 257, 288, 289, 292, 301, 319, 321, 335, 341, 346, 353, 354, 360, 376, 417, 448, 480, 556, 559, 600, 734, 773, 789, 814, 834, 944, 969, 1018, ]
[9, 26, 33, 47, 52, 69, 126, 137, 140, 145, 162, 165, 166, 169, 171, 180, 200, 209, 216, 223, 227, 231, 247, 254, 264, 271, 272, 281, 304, 319, 326, 330, 336, 337, 340, 366, 383, 385, 394, 399, 412, 414, 428, 451, 456, 463, 485, 488, 489, 493, 497, 507, 518, 527, 530, 531, 552, 557, 563, 574, 582, 588, 593, 605, 613, 616, 624, 654, 655, 679, 680, 686, 695, 708, 712, 720, 728, 739, 742, 746, 752, 758, 769, 781, 783, 867, 896, 906, 910, 913, 924, 956, 966, 995, 1006, 1022, ]
[1, 25, 27, 53, 64, 116, 133, 201, 266, 267, 281, 291, 297, 300, 307, 319, 326, 368, 373, 393, 398, 402, 408, 426, 430, 436, 439, 455, 458, 485, 490, 495, 520, 524, 536, 560, 563, 570, 598, 611, 653, 663, 665, 683, 711, 744, 746, 759, 772, 808, 852, 896, 905, 922, 929, 987, 994, 1019, 1021, 1023, ]
[6, 16, 18, 26, 27, 28, 29, 52, 135, 156, 158, 202, 204, 212, 229, 250, 259, 279, 314, 344, 360, 367, 369, 371, 375, 376, 377, 406, 425, 435, 442, 443, 462, 465, 466, 472, 483, 487, 494, 495, 496, 505, 527, 530, 557, 561, 588, 599, 603, 604, 615, 626, 638, 663, 665, 676, 678, 742, 743, 753, 772, 798, 825, 862, 864, 868, 869, 872, 896, 902, 928, 929, 945, 961, 968, 986, 1000, 1008, 1011, ]
[4, 17, 19, 24, 41, 55, 63, 88, 118, 119, 150, 157, 159, 165, 181, 187, 195, 199, 201, 215, 227, 237, 238, 246, 248, 265, 267, 279, 280, 287, 292, 293, 311, 312, 313, 315, 323, 337, 345, 347, 348, 349, 359, 395, 404, 412, 420, 423, 424, 453, 463, 466, 473, 487, 494, 497, 499, 529, 532, 535, 541, 566, 615, 632, 656, 710, 713, 740, 766, 774, 791, 793, 798, 829, 839, 856, 858, 867, 888, 894, 901, 913, 960, 979, 989, 996, 1003, 1010, 1015, ]
[0, 3, 4, 18, 20, 42, 50, 61, 77, 136, 139, 166, 169, 192, 196, 200, 206, 210, 228, 229, 232, 245, 252, 260, 264, 266, 280, 298, 299, 303, 307, 324, 341, 344, 358, 360, 369, 403, 409, 412, 414, 420, 434, 467, 493, 496, 497, 500, 501, 508, 520, 528, 536, 552, 560, 566, 572, 584, 587, 598, 612, 615, 627, 634, 636, 676, 708, 709, 718, 743, 757, 794, 799, 807, 808, 811, 816, 824, 836, 837, 865, 871, 890, 925, 949, 967, 969, 991, 992, ]
[12, 15, 28, 57, 105, 114, 129, 139, 154, 166, 169, 202, 213, 223, 229, 235, 265, 269, 273, 277, 282, 284, 307, 311, 312, 327, 340, 349, 358, 375, 378, 389, 403, 408, 433, 434, 439, 441, 445, 446, 459, 462, 464, 492, 499, 516, 518, 527, 534, 537, 547, 554, 557, 561, 565, 581, 594, 596, 603, 631, 638, 671, 681, 697, 731, 743, 769, 804, 805, 808, 809, 825, 832, 835, 843, 864, 865, 896, 897, 900, 910, 916, 926, 929, 930, 938, 953, 969, 995, 1021, ]
[25, 28, 60, 69, 74, 81, 105, 108, 116, 117, 140, 181, 191, 196, 216, 219, 231, 241, 254, 256, 261, 295, 296, 298, 312, 346, 348, 357, 372, 381, 397, 401, 420, 434, 442, 446, 490, 495, 497, 532, 535, 561, 565, 568, 573, 578, 588, 598, 623, 670, 677, 679, 768, 769, 835, 837, 873, 899, 903, 911, 956, 967, 990, 1009, ]