[14, 19, 25, 29, 48, 52, 61, 65, 73, 83, 86, ]
[7, 12, 20, 27, 29, 31, 34, 45, 46, 51, 52, 63, 69, 78, 79, 81, 82, 83, 87, ]
[3, 7, 9, 10, 25, 27, 29, 31, 35, 38, 49, 51, 53, 59, 66, 73, 77, 88, 89, ]
[2, 23, 33, 35, 53, 54, 83, ]
[2, 7, 9, 13, 16, 17, 19, 24, 25, 40, 43, 48, 62, 64, 75, 80, 87, 89, ]
[23, 38, 48, 55, 59, 61, 84, ]
[14, 16, 19, 23, 31, 38, 47, 53, 63, 71, 76, 79, 81, 84, 86, 88, 89, ]
[0, 3, 15, 19, 21, 23, 24, 25, 27, 29, 30, 31, 42, 68, 78, 81, 88, 89, ]
[8, 13, 25, 26, 27, 28, 42, 45, 51, 56, 65, 67, 75, 83, 87, 88, ]
[5, 8, 12, 13, 29, 33, 36, 37, 47, 48, 50, 65, 69, 78, 81, 86, 87, 89, ]
[2, 9, 15, 27, 31, 32, 46, 47, 60, 61, 65, 67, 83, 88, 89, ]
[0, 3, 6, 8, 25, 27, 29, 30, 32, 46, 49, 51, 53, 60, 62, 77, 80, 84, 86, 88, ]
[2, 3, 13, 21, 37, 40, 49, 67, 68, 71, 73, 85, 89, ]
[2, 3, 4, 8, 9, 19, 23, 24, 25, 27, 41, 47, 48, 53, 59, 63, 64, 69, 82, 83, ]
[5, 8, 11, 12, 14, 22, 25, 34, 39, 49, 50, 51, 55, 59, 61, 64, 65, 71, 72, 75, 81, ]