[132, 140, 162, 197, 199, 208, 235, 296, 310, 324, 358, 360, 395, 425, 427, 436, 455, 469, 489, 492, 496, 502, 517, 519, 521, 526, 530, 532, 533, 538, 551, 563, 568, 573, 575, 614, 619, 647, 662, 680, 694, 741, 744, 756, 759, 775, 779, 789, 804, 809, 839, 840, 846, 871, 886, 903, 937, 991, 1020, ]
[0, 1, 41, 42, 54, 64, 70, 92, 99, 100, 103, 108, 112, 134, 136, 146, 156, 157, 169, 171, 196, 199, 200, 215, 223, 233, 240, 268, 269, 275, 286, 296, 297, 305, 319, 331, 333, 335, 342, 348, 358, 371, 373, 392, 402, 421, 435, 436, 455, 461, 466, 468, 475, 476, 484, 487, 492, 496, 500, 504, 509, 519, 520, 530, 535, 539, 550, 555, 570, 575, 584, 596, 611, 612, 620, 627, 640, 647, 648, 657, 661, 665, 675, 679, 687, 701, 711, 713, 715, 718, 719, 740, 743, 757, 776, 777, 780, 799, 806, 826, 863, 869, 893, 899, 912, 933, 960, 968, 970, 992, 1003, 1007, 1012, 1019, ]
[0, 11, 18, 20, 62, 87, 101, 116, 117, 127, 133, 137, 138, 148, 157, 169, 186, 192, 198, 201, 229, 265, 274, 311, 330, 331, 339, 345, 362, 376, 378, 390, 394, 405, 425, 429, 445, 456, 475, 487, 490, 493, 499, 500, 516, 520, 532, 536, 557, 570, 575, 592, 597, 629, 658, 677, 678, 704, 710, 760, 775, 780, 783, 808, 834, 836, 841, 859, 892, 901, 904, 920, 963, 1014, ]
[7, 28, 60, 63, 76, 100, 133, 137, 159, 167, 169, 209, 214, 224, 232, 265, 299, 306, 325, 347, 355, 373, 389, 402, 403, 406, 410, 423, 434, 437, 440, 441, 456, 464, 468, 469, 475, 480, 501, 502, 522, 531, 533, 538, 553, 561, 563, 565, 582, 596, 601, 608, 634, 658, 662, 725, 740, 772, 775, 776, 778, 825, 837, 839, 863, 867, 873, 903, 904, 958, 959, 967, 983, 989, 993, 1002, 1019, ]
[0, 21, 22, 23, 25, 31, 65, 95, 105, 115, 132, 147, 169, 181, 197, 200, 208, 223, 226, 238, 245, 250, 260, 261, 262, 264, 296, 305, 312, 341, 364, 372, 377, 379, 401, 406, 408, 411, 419, 422, 444, 457, 464, 468, 475, 506, 510, 538, 539, 540, 568, 583, 590, 592, 598, 602, 626, 631, 633, 655, 659, 678, 680, 741, 757, 776, 807, 840, 853, 891, 928, 934, 956, 993, 1022, ]
[0, 8, 13, 25, 26, 28, 29, 63, 73, 95, 103, 161, 164, 169, 190, 200, 232, 233, 236, 239, 243, 247, 255, 286, 291, 296, 298, 313, 327, 358, 359, 390, 392, 404, 408, 412, 424, 433, 436, 440, 442, 452, 463, 471, 504, 507, 508, 525, 526, 540, 541, 552, 559, 562, 582, 590, 600, 604, 636, 637, 646, 679, 707, 714, 741, 776, 808, 839, 840, 841, 895, 925, 932, 958, 987, ]
[0, 1, 26, 30, 74, 75, 93, 102, 118, 133, 138, 156, 231, 233, 237, 287, 319, 325, 331, 340, 354, 392, 404, 409, 411, 460, 500, 508, 529, 531, 536, 538, 556, 557, 569, 571, 586, 587, 592, 599, 607, 621, 626, 627, 644, 649, 681, 714, 731, 753, 754, 767, 784, 804, 805, 860, 866, 872, 895, 902, 930, 934, 935, 941, 949, 958, 968, 973, 980, 989, 992, 1004, 1005, 1006, 1018, ]
[31, 37, 57, 85, 138, 144, 165, 167, 178, 196, 218, 219, 228, 229, 238, 245, 249, 252, 259, 273, 282, 283, 312, 313, 314, 315, 316, 324, 326, 332, 336, 339, 349, 387, 393, 396, 398, 400, 401, 403, 404, 422, 427, 434, 435, 440, 456, 461, 491, 492, 493, 494, 495, 497, 519, 564, 569, 600, 623, 629, 638, 644, 651, 771, 776, 807, 864, 866, 898, 902, 903, 960, 963, ]
[20, 25, 30, 63, 70, 78, 95, 118, 124, 143, 162, 168, 169, 180, 195, 201, 203, 207, 229, 234, 249, 256, 279, 286, 292, 296, 299, 308, 319, 343, 346, 365, 369, 389, 399, 406, 411, 420, 456, 466, 497, 499, 502, 518, 519, 537, 581, 600, 616, 622, 647, 651, 676, 694, 708, 728, 744, 762, 769, 778, 803, 841, 847, 853, 869, 873, 888, 893, 904, 937, 958, 964, 966, 967, 1014, 1020, ]
[17, 42, 57, 64, 93, 106, 132, 136, 137, 174, 176, 190, 196, 197, 209, 231, 234, 291, 296, 304, 345, 375, 396, 403, 405, 410, 415, 423, 424, 462, 464, 467, 498, 504, 507, 509, 520, 527, 529, 543, 567, 583, 595, 630, 690, 710, 713, 766, 778, 782, 808, 824, 838, 872, 927, 936, 987, ]
[1, 5, 10, 14, 23, 36, 95, 105, 124, 131, 133, 152, 164, 169, 177, 180, 201, 204, 213, 223, 234, 274, 287, 297, 334, 335, 345, 367, 373, 376, 383, 398, 413, 425, 437, 438, 439, 453, 454, 456, 466, 485, 487, 488, 489, 505, 509, 519, 521, 533, 543, 547, 550, 556, 558, 564, 575, 584, 594, 595, 597, 604, 614, 625, 631, 644, 653, 654, 664, 681, 683, 714, 734, 737, 739, 744, 750, 757, 774, 776, 799, 824, 840, 844, 846, 848, 858, 868, 883, 924, 954, 963, 967, 979, 991, 1018, 1022, ]
[9, 16, 23, 30, 31, 33, 57, 73, 100, 110, 128, 135, 149, 163, 164, 169, 215, 238, 251, 253, 260, 262, 342, 346, 358, 371, 377, 396, 400, 424, 433, 441, 459, 467, 488, 528, 559, 560, 580, 595, 617, 624, 631, 652, 747, 765, 772, 803, 823, 835, 836, 843, 867, 868, 871, 894, 931, 932, 968, 1017, ]
[8, 29, 31, 54, 70, 79, 95, 105, 140, 167, 169, 191, 196, 207, 218, 232, 244, 262, 291, 293, 300, 315, 330, 341, 365, 368, 373, 386, 393, 401, 408, 425, 429, 434, 442, 445, 465, 468, 471, 496, 508, 539, 591, 593, 607, 625, 630, 632, 663, 677, 693, 704, 710, 720, 741, 754, 760, 766, 772, 776, 778, 824, 870, 893, 931, 934, 937, 958, 969, 993, 1001, 1016, 1019, ]
[0, 20, 31, 46, 89, 93, 94, 103, 105, 115, 130, 133, 134, 136, 188, 191, 195, 197, 200, 216, 217, 228, 230, 263, 265, 286, 302, 324, 350, 358, 360, 376, 392, 405, 406, 423, 425, 428, 436, 463, 473, 478, 489, 515, 522, 526, 530, 563, 564, 567, 581, 584, 592, 595, 596, 597, 598, 611, 625, 626, 663, 664, 709, 712, 745, 750, 785, 790, 791, 799, 802, 823, 838, 853, 863, 869, 872, 873, 875, 876, 895, 900, 925, 940, 941, 973, 997, 1017, 1023, ]
[2, 17, 24, 33, 44, 91, 92, 125, 131, 159, 165, 168, 169, 171, 172, 187, 193, 196, 197, 200, 206, 218, 240, 275, 276, 278, 280, 283, 293, 295, 296, 313, 329, 337, 339, 356, 357, 358, 363, 364, 373, 375, 376, 389, 407, 410, 425, 427, 437, 438, 457, 462, 463, 477, 479, 486, 487, 492, 508, 515, 518, 521, 526, 530, 534, 559, 563, 569, 583, 585, 587, 588, 589, 599, 613, 626, 629, 649, 652, 678, 683, 684, 689, 695, 712, 713, 719, 731, 737, 741, 753, 767, 798, 805, 830, 842, 851, 871, 888, 901, 905, 930, 958, 972, 985, 989, 993, 998, 1018, 1019, 1020, ]
[2, 24, 41, 64, 104, 127, 132, 134, 135, 137, 201, 202, 216, 223, 228, 245, 252, 255, 265, 295, 311, 325, 368, 373, 375, 377, 382, 400, 401, 409, 456, 501, 551, 600, 603, 612, 628, 681, 728, 743, 749, 762, 775, 797, 817, 820, 821, 841, 843, 852, 868, 873, 903, 928, 989, 995, 1017, ]
[7, 25, 63, 68, 100, 177, 197, 199, 213, 221, 223, 233, 245, 249, 262, 264, 277, 287, 294, 303, 318, 323, 326, 328, 341, 342, 357, 364, 371, 372, 378, 390, 401, 407, 412, 413, 430, 441, 445, 467, 472, 476, 478, 501, 521, 528, 549, 564, 599, 625, 651, 653, 680, 682, 708, 709, 726, 735, 745, 770, 775, 800, 802, 813, 905, 914, 937, 969, 1010, 1023, ]
[3, 16, 31, 39, 60, 70, 94, 104, 114, 122, 138, 158, 161, 168, 220, 261, 272, 277, 283, 294, 296, 306, 319, 326, 332, 361, 363, 370, 377, 391, 412, 414, 437, 447, 464, 479, 492, 498, 536, 543, 563, 585, 612, 623, 625, 644, 645, 661, 680, 695, 730, 774, 792, 807, 828, 830, 833, 847, 875, 892, 902, 915, 926, 933, 962, 993, 1012, 1017, 1023, ]
[11, 12, 25, 28, 30, 58, 69, 93, 95, 100, 103, 106, 131, 133, 135, 138, 139, 152, 170, 191, 196, 198, 200, 203, 221, 228, 233, 283, 287, 293, 296, 299, 313, 328, 337, 344, 357, 365, 388, 392, 393, 396, 401, 406, 407, 420, 428, 429, 432, 457, 458, 462, 463, 475, 483, 487, 490, 495, 506, 514, 523, 524, 526, 528, 530, 531, 532, 534, 538, 550, 552, 555, 586, 588, 592, 593, 595, 598, 601, 616, 619, 632, 647, 667, 680, 682, 683, 691, 697, 709, 710, 711, 712, 745, 750, 754, 759, 785, 807, 809, 831, 868, 872, 895, 906, 929, 942, 987, 990, 994, 999, 1009, 1016, 1018, 1023, ]
[31, 45, 64, 90, 94, 101, 110, 112, 139, 147, 165, 190, 229, 247, 261, 281, 290, 293, 325, 341, 351, 356, 357, 376, 400, 401, 406, 426, 434, 435, 453, 455, 460, 465, 466, 476, 486, 488, 498, 500, 524, 558, 559, 585, 613, 616, 631, 693, 696, 709, 712, 713, 775, 776, 798, 817, 862, 872, 903, 907, 932, 953, 1004, 1020, ]
[6, 11, 25, 28, 63, 68, 80, 90, 97, 98, 111, 112, 125, 132, 133, 140, 162, 168, 180, 198, 202, 223, 228, 241, 246, 247, 254, 264, 266, 280, 291, 293, 343, 345, 349, 351, 353, 400, 402, 405, 408, 416, 424, 430, 432, 434, 440, 442, 443, 446, 453, 480, 497, 516, 520, 527, 532, 536, 557, 572, 594, 616, 640, 655, 678, 695, 696, 718, 735, 745, 748, 749, 750, 753, 760, 763, 804, 805, 815, 830, 843, 871, 873, 884, 901, 927, 931, 933, 934, 936, 950, 957, 960, 962, 966, 967, 969, 990, 1001, 1017, ]
[3, 28, 32, 42, 58, 77, 81, 87, 98, 103, 104, 106, 108, 131, 132, 133, 134, 148, 171, 173, 186, 188, 191, 201, 202, 209, 229, 231, 235, 240, 245, 246, 258, 264, 266, 287, 289, 294, 304, 313, 316, 332, 340, 344, 359, 363, 388, 389, 400, 401, 403, 411, 426, 427, 432, 435, 440, 446, 447, 456, 457, 459, 466, 473, 488, 489, 491, 517, 519, 522, 528, 550, 552, 553, 562, 572, 580, 581, 583, 585, 590, 591, 614, 618, 620, 622, 624, 627, 632, 636, 652, 655, 659, 685, 717, 731, 743, 750, 765, 776, 790, 800, 803, 806, 818, 831, 832, 833, 853, 865, 877, 879, 888, 894, 897, 901, 904, 915, 924, 931, 943, 953, 965, 966, 968, 978, 986, 988, 989, 992, 1002, 1005, 1021, ]
[29, 89, 94, 105, 108, 109, 117, 134, 148, 162, 163, 169, 191, 201, 202, 215, 216, 228, 229, 240, 245, 260, 265, 266, 280, 292, 313, 324, 337, 342, 363, 374, 388, 422, 435, 456, 464, 478, 492, 497, 498, 502, 505, 518, 533, 535, 536, 563, 564, 587, 591, 597, 616, 639, 646, 663, 677, 679, 696, 698, 739, 741, 744, 783, 784, 789, 838, 839, 872, 873, 933, 958, 981, 986, 1016, 1021, ]
[23, 28, 32, 60, 63, 73, 92, 93, 94, 95, 100, 127, 226, 229, 259, 273, 277, 290, 291, 319, 321, 332, 339, 341, 343, 356, 364, 368, 371, 374, 375, 392, 394, 399, 401, 450, 459, 462, 468, 508, 511, 516, 520, 524, 527, 529, 530, 549, 562, 563, 565, 568, 588, 596, 598, 599, 600, 614, 624, 625, 634, 644, 649, 653, 658, 663, 671, 685, 703, 710, 712, 734, 735, 743, 748, 773, 775, 784, 838, 866, 873, 925, 936, 962, ]
[23, 31, 63, 71, 90, 92, 101, 130, 136, 150, 162, 190, 201, 214, 230, 234, 264, 272, 276, 294, 303, 305, 312, 327, 341, 342, 343, 344, 362, 370, 397, 399, 409, 411, 415, 425, 428, 431, 432, 433, 434, 437, 440, 441, 447, 460, 465, 466, 467, 471, 472, 499, 502, 518, 530, 532, 533, 535, 538, 569, 573, 587, 624, 662, 663, 678, 690, 697, 707, 711, 728, 756, 757, 772, 773, 776, 791, 808, 833, 839, 840, 868, 870, 885, 895, 905, 969, 999, 1012, 1023, ]
[19, 29, 39, 42, 46, 69, 93, 103, 126, 127, 135, 137, 159, 163, 188, 201, 216, 238, 243, 252, 261, 291, 295, 313, 323, 340, 346, 355, 361, 390, 405, 406, 407, 412, 426, 432, 435, 436, 444, 455, 464, 470, 489, 496, 509, 510, 512, 519, 529, 531, 534, 536, 561, 564, 571, 583, 587, 594, 634, 655, 662, 678, 680, 719, 732, 739, 760, 804, 840, 895, 899, 936, 957, 960, 990, 992, 997, 1006, ]
[2, 6, 24, 26, 30, 31, 37, 60, 62, 64, 75, 138, 150, 159, 170, 172, 187, 194, 197, 201, 203, 232, 240, 255, 266, 269, 272, 277, 279, 282, 297, 304, 328, 339, 341, 357, 361, 369, 378, 388, 393, 404, 423, 427, 431, 432, 435, 456, 463, 470, 475, 479, 489, 491, 500, 501, 504, 505, 516, 526, 528, 532, 563, 589, 622, 625, 628, 630, 634, 669, 672, 693, 717, 730, 737, 741, 743, 744, 753, 775, 777, 825, 831, 841, 853, 875, 880, 889, 894, 895, 924, 925, 927, 928, 955, 959, 965, 985, 1002, 1006, 1014, ]
[23, 26, 31, 41, 85, 124, 137, 149, 157, 161, 167, 188, 191, 201, 203, 211, 221, 228, 260, 264, 281, 291, 296, 329, 348, 374, 399, 402, 423, 452, 455, 468, 472, 476, 496, 499, 502, 503, 507, 533, 541, 543, 591, 613, 646, 656, 674, 745, 746, 748, 751, 773, 776, 778, 816, 827, 831, 842, 861, 868, 871, 873, 880, 894, 901, 917, 956, 968, 994, 1009, ]
[2, 27, 29, 32, 61, 64, 67, 91, 100, 101, 111, 117, 144, 159, 200, 210, 227, 235, 246, 248, 254, 269, 297, 300, 303, 313, 325, 336, 338, 340, 350, 353, 360, 374, 378, 384, 390, 398, 400, 402, 407, 412, 423, 433, 435, 465, 478, 493, 496, 523, 531, 558, 561, 570, 580, 586, 623, 625, 652, 726, 727, 744, 750, 756, 767, 799, 840, 852, 871, 896, 901, 959, 960, 969, 991, 992, 1010, ]
[0, 8, 17, 27, 31, 32, 69, 102, 126, 134, 140, 156, 162, 163, 175, 180, 197, 201, 233, 241, 255, 275, 278, 279, 288, 292, 294, 296, 299, 323, 339, 344, 354, 370, 377, 379, 390, 395, 403, 404, 410, 423, 430, 440, 453, 454, 455, 458, 466, 476, 495, 500, 516, 518, 521, 528, 541, 553, 561, 562, 565, 613, 658, 664, 665, 669, 687, 694, 702, 714, 740, 749, 757, 767, 774, 806, 822, 831, 838, 839, 840, 841, 849, 870, 888, 897, 902, 909, 925, 932, 935, 966, 967, 973, 989, 994, 1022, ]
[2, 6, 28, 29, 39, 62, 101, 106, 136, 169, 178, 193, 196, 200, 208, 212, 213, 232, 236, 240, 244, 245, 248, 268, 300, 304, 311, 344, 345, 367, 376, 380, 392, 394, 395, 406, 414, 420, 433, 442, 445, 456, 459, 473, 489, 493, 499, 500, 503, 533, 539, 551, 557, 584, 592, 600, 620, 646, 647, 655, 660, 664, 682, 710, 712, 729, 743, 780, 816, 848, 851, 856, 866, 873, 910, 923, 938, 961, 969, 992, 993, 1009, 1010, 1023, ]
[0, 7, 14, 30, 39, 40, 41, 42, 55, 69, 70, 101, 136, 168, 169, 190, 196, 212, 222, 230, 234, 238, 249, 263, 265, 293, 298, 303, 323, 329, 358, 400, 404, 423, 481, 493, 505, 533, 540, 551, 570, 573, 598, 611, 639, 657, 697, 712, 742, 751, 754, 786, 788, 811, 822, 842, 846, 858, 866, 868, 869, 901, 902, 903, 912, 923, 934, 957, 993, ]
[47, 129, 160, 191, 192, 224, 225, 243, 256, 257, 288, 289, 292, 301, 319, 321, 335, 341, 343, 346, 353, 354, 360, 367, 376, 417, 448, 480, 495, 556, 559, 600, 734, 773, 789, 814, 834, 944, 969, 1018, ]
[26, 33, 47, 52, 69, 126, 137, 140, 145, 162, 165, 166, 169, 171, 180, 200, 209, 216, 223, 227, 231, 247, 254, 264, 271, 272, 281, 282, 304, 305, 319, 326, 330, 336, 337, 340, 366, 367, 383, 385, 389, 394, 399, 412, 414, 428, 451, 456, 463, 485, 488, 489, 493, 497, 507, 518, 527, 529, 530, 531, 557, 574, 582, 588, 593, 595, 605, 613, 616, 624, 654, 655, 679, 680, 686, 695, 708, 712, 720, 728, 739, 742, 746, 752, 758, 769, 781, 783, 867, 896, 906, 910, 913, 924, 956, 966, 995, 1006, 1022, ]
[1, 25, 27, 64, 116, 126, 133, 175, 201, 266, 281, 291, 297, 307, 326, 331, 368, 373, 389, 398, 402, 408, 426, 430, 436, 439, 455, 458, 490, 515, 519, 524, 536, 560, 570, 650, 653, 663, 697, 711, 744, 746, 772, 808, 831, 852, 872, 896, 905, 929, 987, 994, 1021, 1023, ]
[6, 18, 26, 27, 28, 29, 34, 52, 107, 135, 156, 158, 202, 208, 212, 229, 250, 259, 299, 314, 344, 360, 367, 369, 371, 375, 376, 377, 406, 425, 435, 442, 443, 445, 457, 462, 466, 483, 487, 494, 495, 496, 497, 505, 527, 530, 533, 536, 571, 588, 592, 599, 603, 626, 663, 665, 676, 678, 742, 743, 772, 775, 785, 793, 829, 862, 864, 868, 869, 896, 902, 928, 929, 945, 959, 961, 968, 986, 1000, 1008, 1011, ]
[3, 4, 17, 19, 23, 41, 63, 118, 119, 122, 150, 157, 159, 165, 170, 181, 187, 195, 199, 201, 215, 227, 237, 238, 246, 248, 251, 265, 267, 279, 287, 292, 311, 312, 313, 315, 323, 337, 345, 347, 348, 349, 350, 359, 395, 404, 412, 420, 423, 424, 435, 453, 466, 468, 487, 494, 499, 502, 503, 506, 520, 529, 566, 573, 594, 622, 632, 645, 656, 766, 791, 793, 798, 829, 856, 867, 871, 889, 894, 901, 913, 960, 979, 988, 991, 996, 1003, 1009, 1010, ]
[0, 3, 4, 18, 31, 42, 50, 59, 77, 136, 139, 166, 169, 192, 196, 200, 206, 210, 228, 229, 232, 245, 252, 260, 264, 266, 280, 298, 303, 307, 324, 341, 344, 358, 360, 364, 369, 403, 409, 412, 414, 420, 434, 435, 467, 493, 496, 497, 500, 502, 508, 520, 528, 536, 552, 560, 572, 587, 598, 612, 615, 627, 634, 636, 660, 676, 708, 709, 718, 743, 747, 773, 794, 807, 816, 824, 834, 869, 871, 890, 925, 949, 967, 969, 991, 997, ]
[12, 15, 28, 57, 78, 105, 114, 129, 139, 154, 166, 169, 202, 213, 223, 229, 235, 249, 265, 269, 273, 277, 282, 284, 306, 311, 312, 322, 327, 340, 358, 375, 376, 378, 389, 393, 403, 434, 441, 445, 446, 459, 462, 463, 464, 492, 499, 516, 518, 527, 534, 536, 537, 547, 554, 557, 561, 565, 581, 594, 596, 603, 631, 638, 671, 681, 697, 731, 743, 769, 804, 805, 808, 809, 825, 832, 835, 843, 864, 865, 896, 897, 900, 910, 916, 926, 929, 930, 938, 953, 969, 995, 1021, ]
[2, 25, 28, 60, 69, 74, 81, 105, 108, 116, 117, 134, 140, 159, 169, 181, 191, 196, 209, 216, 219, 228, 231, 241, 254, 256, 261, 295, 296, 298, 309, 312, 346, 372, 380, 381, 389, 397, 401, 410, 420, 438, 439, 442, 446, 495, 497, 510, 532, 561, 565, 568, 588, 623, 631, 677, 679, 693, 719, 736, 740, 768, 769, 805, 807, 835, 873, 899, 903, 911, 956, 966, ]