[117, 132, 140, 162, 175, 199, 208, 296, 310, 324, 358, 360, 394, 427, 436, 455, 469, 489, 496, 502, 517, 519, 521, 526, 530, 532, 533, 538, 551, 563, 600, 605, 614, 647, 662, 671, 680, 694, 741, 743, 744, 756, 759, 779, 789, 804, 809, 827, 839, 846, 871, 903, 937, 1020, ]
[0, 1, 41, 42, 54, 64, 70, 99, 100, 103, 108, 112, 146, 156, 157, 168, 169, 171, 196, 199, 200, 208, 215, 223, 231, 233, 268, 269, 275, 281, 287, 296, 297, 305, 315, 319, 331, 333, 335, 342, 371, 373, 392, 402, 421, 435, 455, 461, 466, 468, 475, 476, 484, 487, 492, 496, 500, 504, 509, 520, 535, 550, 555, 575, 596, 601, 602, 611, 612, 620, 627, 640, 647, 657, 661, 665, 675, 679, 685, 687, 710, 711, 713, 715, 719, 740, 743, 757, 767, 776, 777, 783, 806, 826, 840, 863, 869, 873, 876, 893, 899, 930, 933, 968, 973, 992, 1007, 1012, 1019, ]
[0, 11, 18, 57, 63, 86, 101, 116, 117, 127, 133, 137, 138, 148, 157, 169, 192, 198, 201, 229, 265, 311, 330, 331, 337, 339, 345, 348, 362, 376, 378, 390, 394, 405, 425, 429, 435, 456, 457, 470, 475, 478, 487, 493, 499, 500, 516, 520, 532, 557, 570, 597, 655, 658, 677, 704, 710, 760, 775, 780, 783, 790, 808, 834, 836, 841, 893, 901, 919, 920, 955, 963, ]
[9, 60, 63, 76, 100, 127, 137, 165, 167, 169, 214, 224, 232, 254, 265, 299, 305, 311, 325, 347, 355, 373, 389, 402, 403, 406, 423, 440, 441, 456, 464, 468, 469, 475, 480, 501, 522, 531, 533, 538, 551, 561, 563, 565, 582, 601, 608, 634, 654, 658, 662, 725, 772, 775, 776, 778, 825, 837, 867, 873, 903, 904, 958, 967, 983, 988, 993, 1002, 1021, ]
[21, 22, 23, 25, 31, 34, 95, 105, 115, 132, 147, 169, 178, 186, 190, 197, 200, 208, 226, 238, 244, 250, 260, 261, 262, 264, 296, 312, 333, 343, 372, 377, 379, 406, 408, 411, 419, 422, 444, 457, 475, 506, 510, 532, 538, 539, 540, 563, 568, 570, 590, 591, 592, 598, 602, 615, 633, 656, 659, 678, 680, 741, 776, 807, 840, 853, 891, 928, 934, 993, 1022, ]
[8, 13, 25, 26, 28, 29, 30, 63, 73, 95, 103, 138, 161, 164, 169, 190, 200, 232, 233, 236, 239, 243, 247, 255, 286, 291, 296, 298, 313, 323, 327, 358, 359, 372, 390, 392, 404, 408, 412, 424, 433, 436, 442, 452, 463, 471, 476, 504, 507, 508, 525, 526, 540, 541, 552, 559, 562, 573, 582, 590, 600, 604, 636, 637, 646, 668, 679, 707, 709, 714, 776, 808, 839, 840, 841, 895, 925, 932, 958, 959, 993, 1023, ]
[0, 1, 63, 74, 75, 93, 101, 102, 138, 157, 231, 233, 235, 237, 319, 325, 345, 356, 368, 374, 386, 404, 408, 411, 424, 434, 445, 460, 496, 508, 531, 536, 556, 557, 569, 586, 587, 593, 599, 602, 607, 621, 627, 644, 649, 678, 681, 731, 746, 751, 753, 754, 777, 805, 860, 866, 872, 895, 902, 930, 934, 935, 941, 949, 958, 968, 973, 980, 989, 992, 1004, 1005, 1006, 1018, ]
[31, 37, 57, 85, 138, 144, 165, 167, 178, 196, 218, 229, 245, 249, 252, 259, 273, 282, 283, 312, 313, 314, 315, 316, 324, 326, 332, 336, 339, 349, 387, 393, 396, 398, 400, 401, 403, 404, 422, 427, 434, 435, 440, 456, 461, 491, 492, 493, 495, 497, 519, 564, 569, 600, 623, 629, 638, 644, 651, 776, 807, 835, 864, 866, 898, 902, 903, 960, 963, ]
[20, 25, 30, 31, 70, 78, 94, 118, 124, 143, 162, 168, 169, 180, 195, 203, 207, 229, 234, 249, 256, 279, 286, 292, 296, 299, 308, 319, 329, 346, 369, 373, 389, 406, 411, 420, 432, 466, 497, 502, 519, 532, 537, 581, 600, 616, 622, 647, 651, 663, 676, 694, 708, 744, 760, 762, 769, 778, 803, 841, 847, 853, 869, 873, 888, 894, 904, 937, 958, 964, 966, 967, 984, 1020, ]
[17, 42, 57, 64, 94, 106, 132, 136, 137, 174, 176, 190, 196, 197, 209, 231, 234, 291, 296, 304, 345, 375, 396, 403, 405, 410, 415, 423, 424, 462, 464, 467, 498, 504, 507, 509, 527, 529, 543, 567, 583, 595, 630, 690, 710, 713, 778, 782, 808, 824, 838, 872, 936, 958, 987, 1011, ]
[1, 5, 10, 14, 23, 27, 36, 65, 74, 105, 124, 131, 133, 152, 157, 164, 169, 177, 184, 204, 213, 223, 232, 234, 274, 277, 298, 303, 319, 334, 335, 367, 373, 376, 383, 398, 413, 425, 434, 437, 438, 439, 447, 453, 454, 456, 464, 466, 469, 485, 488, 489, 505, 509, 519, 521, 543, 547, 550, 555, 558, 562, 563, 564, 575, 584, 595, 597, 598, 604, 614, 625, 631, 644, 647, 653, 655, 664, 681, 683, 714, 729, 734, 737, 744, 750, 757, 774, 776, 799, 824, 840, 844, 846, 848, 858, 868, 883, 901, 924, 954, 963, 979, 991, 1018, 1022, ]
[9, 16, 23, 30, 31, 33, 57, 73, 100, 110, 128, 135, 149, 160, 163, 164, 169, 196, 238, 251, 253, 260, 262, 266, 342, 346, 358, 371, 377, 391, 396, 400, 424, 433, 434, 459, 467, 488, 507, 528, 559, 560, 580, 595, 617, 624, 631, 652, 742, 747, 765, 772, 778, 803, 823, 834, 835, 836, 867, 868, 871, 894, 908, 931, 932, 968, 1017, ]
[8, 27, 29, 31, 70, 79, 105, 127, 140, 167, 196, 200, 207, 218, 232, 240, 262, 276, 291, 293, 300, 315, 330, 365, 373, 386, 393, 399, 401, 408, 425, 429, 432, 434, 442, 444, 465, 468, 496, 506, 508, 526, 539, 544, 561, 590, 625, 630, 632, 661, 663, 677, 704, 710, 720, 741, 754, 760, 766, 772, 776, 778, 824, 837, 870, 893, 931, 934, 937, 958, 969, 993, 1001, 1016, 1019, ]
[13, 20, 31, 32, 89, 94, 103, 105, 115, 127, 130, 133, 136, 188, 191, 195, 197, 200, 217, 228, 230, 246, 263, 286, 292, 296, 302, 338, 350, 357, 358, 359, 361, 376, 392, 405, 406, 423, 428, 434, 457, 463, 473, 498, 515, 526, 532, 536, 555, 563, 567, 581, 592, 595, 597, 598, 602, 611, 625, 632, 649, 663, 671, 691, 709, 712, 745, 783, 785, 790, 791, 799, 802, 823, 838, 853, 863, 869, 873, 876, 895, 900, 925, 932, 940, 941, 973, 997, 1017, 1023, ]
[2, 17, 24, 33, 44, 91, 92, 125, 131, 159, 165, 168, 169, 171, 172, 187, 194, 196, 197, 200, 206, 218, 240, 276, 278, 280, 293, 295, 296, 313, 329, 337, 339, 356, 357, 358, 363, 364, 373, 375, 376, 389, 407, 410, 427, 437, 438, 456, 462, 463, 465, 477, 479, 486, 487, 492, 508, 515, 518, 521, 526, 529, 534, 559, 563, 583, 585, 587, 588, 589, 599, 613, 626, 629, 649, 652, 678, 683, 684, 689, 695, 712, 713, 719, 731, 737, 741, 753, 767, 798, 805, 806, 830, 842, 851, 888, 901, 905, 930, 958, 972, 989, 993, 998, 1018, 1019, 1020, ]
[2, 24, 39, 64, 127, 132, 134, 137, 149, 167, 201, 202, 216, 223, 228, 252, 265, 287, 299, 311, 325, 355, 368, 373, 375, 377, 382, 401, 409, 456, 501, 505, 551, 600, 603, 612, 628, 668, 680, 685, 714, 728, 743, 749, 762, 797, 817, 820, 821, 841, 843, 852, 863, 868, 873, 903, 904, 989, 995, 1017, ]
[6, 25, 63, 68, 100, 136, 177, 197, 213, 221, 223, 233, 235, 245, 249, 262, 264, 277, 284, 287, 294, 303, 318, 326, 328, 342, 357, 371, 372, 375, 378, 390, 401, 412, 430, 441, 445, 467, 476, 478, 495, 501, 504, 521, 549, 591, 599, 625, 636, 651, 653, 680, 682, 708, 709, 726, 735, 745, 770, 800, 802, 813, 905, 914, 937, 969, 1010, 1023, ]
[3, 25, 30, 32, 39, 70, 94, 127, 138, 145, 150, 161, 163, 168, 190, 207, 220, 261, 277, 283, 294, 296, 304, 306, 319, 326, 332, 351, 361, 363, 370, 377, 392, 412, 414, 437, 447, 456, 464, 473, 474, 479, 492, 498, 529, 536, 543, 594, 595, 612, 623, 631, 643, 644, 645, 649, 661, 680, 730, 774, 800, 807, 829, 830, 833, 847, 853, 875, 892, 902, 921, 933, 962, 964, 974, 988, 992, 993, 1023, ]
[11, 12, 25, 28, 30, 58, 69, 93, 95, 100, 103, 106, 131, 133, 135, 138, 139, 152, 170, 191, 200, 203, 221, 228, 233, 283, 287, 293, 296, 299, 313, 328, 337, 344, 357, 365, 371, 388, 392, 393, 396, 406, 420, 429, 432, 433, 455, 457, 458, 462, 463, 475, 483, 490, 495, 500, 506, 512, 514, 523, 526, 528, 530, 531, 532, 534, 538, 550, 552, 555, 586, 588, 592, 593, 598, 601, 616, 619, 627, 631, 632, 647, 667, 680, 682, 683, 697, 709, 710, 711, 712, 723, 745, 759, 776, 785, 807, 809, 831, 868, 872, 895, 906, 929, 942, 987, 990, 994, 999, 1009, 1016, 1018, 1023, ]
[31, 45, 64, 90, 94, 101, 106, 112, 141, 147, 165, 190, 197, 202, 229, 247, 261, 281, 290, 293, 325, 341, 351, 356, 357, 377, 400, 401, 406, 426, 434, 435, 453, 455, 460, 465, 466, 476, 479, 486, 488, 498, 500, 524, 558, 559, 560, 585, 613, 616, 631, 693, 696, 709, 712, 713, 775, 776, 798, 817, 862, 872, 903, 907, 932, 953, 1004, 1020, ]
[5, 11, 25, 28, 63, 66, 80, 90, 97, 98, 111, 125, 130, 132, 133, 140, 146, 168, 180, 198, 202, 223, 228, 246, 247, 254, 258, 264, 266, 280, 333, 345, 349, 351, 353, 358, 375, 400, 401, 402, 405, 408, 416, 424, 430, 434, 440, 441, 442, 443, 448, 453, 497, 499, 520, 525, 528, 532, 536, 572, 573, 586, 594, 612, 616, 666, 688, 695, 696, 707, 710, 718, 735, 745, 748, 749, 750, 793, 804, 805, 806, 808, 815, 830, 840, 843, 884, 901, 927, 933, 934, 950, 960, 962, 966, 967, 968, 969, 990, 1001, 1017, ]
[3, 11, 26, 32, 58, 77, 81, 87, 98, 103, 104, 106, 108, 131, 132, 133, 134, 148, 171, 173, 186, 188, 201, 202, 209, 229, 231, 235, 240, 245, 246, 264, 266, 286, 287, 289, 294, 304, 313, 316, 324, 332, 340, 344, 359, 363, 389, 400, 401, 403, 411, 426, 427, 435, 440, 446, 447, 456, 457, 459, 464, 466, 473, 488, 489, 491, 517, 519, 522, 528, 550, 552, 553, 562, 572, 580, 581, 583, 585, 590, 591, 614, 618, 620, 622, 624, 627, 629, 632, 636, 652, 655, 659, 685, 717, 731, 743, 750, 765, 776, 790, 800, 803, 806, 818, 831, 832, 833, 853, 864, 865, 877, 879, 888, 894, 901, 904, 915, 924, 931, 937, 943, 953, 965, 966, 968, 978, 986, 988, 989, 992, 1002, 1005, 1021, ]
[1, 29, 89, 95, 105, 108, 109, 117, 127, 134, 148, 162, 163, 168, 169, 191, 201, 202, 215, 216, 228, 229, 240, 245, 260, 266, 280, 292, 313, 324, 337, 342, 374, 375, 422, 466, 476, 478, 492, 497, 505, 518, 533, 535, 563, 564, 587, 591, 597, 616, 663, 664, 677, 678, 679, 698, 739, 741, 744, 783, 784, 821, 839, 872, 873, 888, 933, 969, 986, 989, 1015, 1016, ]
[17, 23, 28, 60, 63, 72, 92, 93, 94, 95, 100, 127, 137, 226, 229, 259, 273, 277, 290, 291, 319, 321, 332, 343, 356, 360, 364, 368, 371, 374, 375, 392, 394, 401, 408, 450, 459, 462, 472, 492, 508, 516, 520, 524, 527, 529, 530, 549, 562, 563, 565, 588, 596, 598, 600, 606, 614, 624, 625, 631, 634, 644, 653, 671, 685, 703, 710, 712, 715, 734, 735, 748, 773, 775, 784, 838, 866, 873, 925, 936, 962, ]
[23, 31, 63, 71, 90, 92, 130, 132, 136, 150, 162, 165, 190, 201, 230, 234, 264, 272, 276, 294, 296, 305, 312, 327, 330, 341, 342, 343, 344, 370, 397, 399, 410, 415, 428, 431, 432, 433, 434, 437, 440, 441, 443, 447, 460, 465, 466, 467, 471, 472, 487, 499, 516, 530, 533, 535, 538, 569, 587, 624, 630, 646, 661, 663, 690, 697, 710, 728, 739, 740, 757, 759, 773, 776, 808, 823, 840, 870, 885, 895, 900, 905, 969, 991, 999, 1012, 1023, ]
[19, 29, 39, 42, 46, 92, 103, 123, 126, 127, 135, 137, 159, 163, 195, 201, 217, 220, 238, 243, 261, 291, 295, 313, 315, 340, 355, 361, 406, 407, 412, 426, 432, 435, 436, 444, 455, 469, 489, 496, 509, 510, 519, 521, 527, 529, 531, 532, 534, 536, 561, 571, 583, 587, 594, 634, 655, 662, 680, 694, 719, 732, 739, 760, 804, 840, 895, 899, 936, 990, 992, 996, 997, 1006, 1021, ]
[6, 19, 24, 26, 27, 30, 31, 37, 49, 60, 64, 75, 105, 138, 150, 159, 169, 172, 187, 188, 197, 201, 203, 232, 240, 262, 269, 272, 277, 282, 297, 304, 328, 339, 341, 356, 357, 361, 369, 378, 386, 393, 404, 423, 427, 431, 432, 447, 463, 470, 489, 491, 500, 501, 504, 505, 516, 526, 528, 532, 571, 582, 589, 622, 625, 627, 630, 632, 669, 672, 693, 717, 730, 737, 741, 743, 744, 753, 775, 777, 825, 831, 841, 853, 875, 880, 889, 894, 895, 924, 925, 927, 928, 955, 959, 965, 985, 1002, 1006, 1014, 1015, ]
[23, 26, 41, 63, 85, 87, 124, 137, 149, 157, 161, 167, 189, 191, 201, 203, 211, 222, 228, 232, 259, 264, 281, 291, 348, 374, 391, 399, 402, 423, 425, 455, 458, 468, 472, 476, 496, 499, 502, 503, 507, 533, 543, 567, 584, 591, 613, 646, 656, 674, 713, 745, 746, 748, 751, 767, 776, 778, 816, 827, 831, 842, 861, 868, 871, 873, 880, 893, 894, 901, 917, 956, 968, 978, ]
[2, 29, 61, 64, 66, 67, 91, 92, 100, 101, 111, 117, 135, 137, 144, 159, 194, 200, 210, 235, 246, 259, 269, 286, 297, 300, 303, 313, 325, 336, 338, 340, 353, 360, 374, 378, 384, 390, 398, 400, 402, 407, 412, 433, 435, 465, 478, 493, 496, 523, 531, 558, 561, 579, 586, 623, 625, 652, 666, 726, 727, 735, 744, 756, 763, 799, 804, 840, 851, 871, 901, 959, 960, 969, 992, 1010, 1019, ]
[1, 8, 17, 27, 31, 69, 102, 126, 130, 134, 140, 163, 175, 180, 197, 201, 222, 233, 241, 275, 278, 279, 288, 292, 294, 299, 339, 344, 354, 370, 377, 379, 390, 394, 400, 403, 404, 410, 423, 430, 434, 453, 454, 455, 458, 476, 495, 498, 516, 518, 521, 528, 532, 541, 554, 565, 583, 594, 633, 658, 664, 669, 687, 694, 702, 707, 740, 749, 757, 767, 774, 806, 822, 831, 838, 839, 840, 841, 870, 888, 897, 902, 909, 923, 927, 932, 935, 966, 967, 973, 990, 994, 1022, ]
[2, 6, 28, 29, 39, 62, 101, 106, 128, 136, 169, 178, 193, 196, 200, 208, 212, 213, 232, 236, 240, 244, 245, 248, 268, 287, 291, 300, 304, 343, 344, 345, 367, 369, 376, 380, 394, 395, 406, 414, 432, 433, 442, 445, 459, 473, 489, 499, 500, 503, 533, 539, 551, 600, 616, 620, 628, 646, 647, 655, 664, 712, 729, 742, 743, 744, 780, 816, 848, 851, 856, 873, 899, 910, 938, 958, 961, 992, 1005, 1018, 1023, ]
[0, 7, 14, 30, 39, 40, 41, 42, 55, 69, 70, 101, 136, 168, 169, 190, 195, 196, 212, 222, 223, 229, 230, 234, 238, 249, 262, 263, 265, 270, 298, 329, 336, 356, 357, 358, 386, 391, 400, 416, 438, 474, 493, 505, 527, 533, 540, 552, 573, 598, 611, 639, 657, 693, 712, 730, 742, 744, 751, 754, 786, 788, 811, 826, 842, 846, 869, 889, 900, 901, 902, 903, 912, 934, 958, 993, ]
[47, 129, 160, 191, 192, 224, 225, 243, 256, 257, 288, 289, 292, 301, 319, 321, 335, 341, 346, 353, 354, 360, 367, 376, 417, 448, 480, 495, 556, 559, 600, 734, 773, 789, 814, 834, 944, 969, 1018, ]
[9, 26, 33, 47, 52, 69, 126, 137, 140, 145, 162, 165, 166, 169, 171, 180, 200, 209, 216, 223, 227, 231, 247, 254, 264, 271, 272, 281, 304, 305, 319, 326, 330, 336, 340, 366, 383, 385, 394, 399, 412, 414, 428, 451, 456, 463, 485, 488, 489, 493, 497, 507, 518, 527, 529, 530, 531, 552, 557, 574, 582, 588, 593, 594, 595, 605, 613, 616, 624, 654, 655, 679, 686, 688, 695, 708, 712, 720, 739, 742, 746, 752, 758, 760, 769, 781, 783, 786, 896, 906, 910, 913, 924, 956, 966, 995, 1006, 1022, ]
[1, 25, 27, 64, 116, 126, 133, 143, 201, 266, 281, 291, 297, 307, 319, 326, 331, 368, 373, 389, 393, 398, 402, 408, 426, 430, 436, 439, 455, 458, 490, 495, 515, 520, 524, 536, 560, 570, 650, 653, 663, 697, 711, 744, 746, 772, 808, 831, 852, 896, 905, 915, 929, 954, 994, 1019, 1021, 1023, ]
[5, 26, 27, 28, 29, 52, 107, 135, 156, 158, 202, 212, 229, 250, 259, 314, 339, 344, 360, 367, 369, 376, 377, 406, 407, 425, 429, 435, 442, 443, 462, 466, 472, 483, 487, 494, 495, 496, 505, 520, 527, 530, 557, 561, 567, 571, 589, 603, 615, 626, 638, 663, 665, 676, 678, 742, 743, 772, 793, 798, 862, 864, 868, 869, 896, 902, 928, 929, 945, 961, 968, 986, 1000, 1008, 1011, ]
[4, 17, 19, 23, 41, 63, 118, 119, 122, 150, 157, 159, 165, 181, 187, 195, 199, 201, 215, 227, 237, 238, 246, 248, 251, 265, 267, 279, 280, 287, 292, 311, 312, 313, 315, 323, 337, 345, 347, 348, 349, 359, 395, 404, 412, 420, 423, 424, 435, 453, 466, 487, 494, 502, 503, 506, 529, 532, 594, 595, 632, 645, 656, 710, 713, 740, 760, 766, 774, 791, 793, 829, 839, 856, 858, 867, 888, 894, 901, 913, 960, 979, 986, 989, 996, 1003, 1010, 1012, ]
[0, 3, 4, 18, 42, 50, 61, 136, 139, 166, 169, 175, 180, 192, 196, 200, 202, 209, 228, 229, 237, 252, 260, 264, 277, 280, 296, 298, 299, 303, 307, 324, 341, 344, 358, 369, 403, 409, 412, 420, 434, 467, 493, 496, 497, 500, 508, 520, 528, 536, 552, 560, 566, 572, 587, 595, 598, 612, 615, 634, 636, 660, 676, 708, 709, 718, 743, 747, 794, 807, 808, 811, 817, 824, 834, 869, 871, 890, 925, 936, 949, 967, 969, 991, ]
[12, 15, 18, 28, 57, 78, 105, 129, 139, 154, 166, 169, 177, 202, 213, 223, 229, 235, 265, 269, 273, 277, 282, 284, 306, 311, 312, 327, 340, 349, 358, 375, 378, 389, 393, 403, 408, 434, 441, 445, 446, 459, 462, 463, 464, 492, 499, 516, 518, 527, 534, 536, 537, 547, 554, 557, 561, 565, 571, 581, 594, 596, 631, 638, 671, 681, 697, 731, 743, 769, 802, 804, 808, 809, 825, 832, 835, 837, 843, 864, 865, 896, 897, 900, 910, 916, 926, 929, 930, 938, 953, 969, 995, 1022, ]
[25, 28, 60, 69, 74, 81, 105, 108, 116, 117, 140, 181, 191, 219, 228, 231, 241, 247, 254, 256, 261, 295, 298, 309, 312, 346, 348, 357, 372, 397, 401, 420, 434, 438, 442, 446, 490, 495, 497, 510, 532, 534, 535, 561, 565, 568, 578, 588, 623, 663, 677, 679, 693, 740, 768, 769, 835, 837, 899, 903, 911, 956, 967, 990, 1009, ]