[8, 24, 39, 52, 71, 83, 84, 99, 106, 115, 135, 149, 152, 174, 181, 183, 184, 186, 203, 214, 215, 226, 228, 237, 244, 245, 256, 297, 299, 300, 309, 335, 359, 360, 361, 375, 383, 395, 417, 421, 429, 431, 432, 433, 436, 437, 452, 454, 512, 515, 522, 553, 554, 581, 595, 598, 608, ]
[1, 19, 23, 48, 81, 101, 107, 111, 154, 183, 185, 215, 254, 293, 304, 314, 317, 331, 335, 343, 360, 362, 366, 393, 395, 396, 422, 424, 425, 427, 429, 432, 452, 454, 455, 456, 457, 458, 470, 471, 477, 479, 486, 489, 512, 519, 520, 544, 545, 554, 555, 564, 587, 598, 603, ]
[21, 131, 139, 185, 285, 330, 332, 377, 387, 389, 425, 448, 481, 495, 513, 525, 531, 539, 545, 555, 560, 570, 576, 581, 583, ]
[7, 49, 168, 216, 217, 305, 331, 339, 352, 360, 363, 367, 393, 394, 396, 425, 428, 430, 435, 446, 461, 462, 470, 471, 479, 499, 501, 523, 525, 533, 548, 565, 572, 579, 615, ]
[15, 27, 37, 48, 108, 112, 124, 143, 150, 165, 171, 189, 215, 217, 228, 239, 240, 241, 253, 260, 267, 268, 271, 273, 274, 285, 287, 294, 316, 328, 337, 359, 360, 393, 395, 397, 415, 424, 425, 432, 434, 447, 462, 463, 466, 467, 468, 469, 471, 479, 480, 492, 504, 512, 578, 581, 583, 601, 608, ]
[16, 77, 110, 131, 140, 166, 169, 172, 173, 184, 206, 242, 248, 336, 341, 367, 372, 378, 406, 408, 411, 414, 415, 423, 426, 429, 441, 445, 452, 473, 488, 589, 602, 604, 607, 608, 610, 614, ]
[37, 38, 51, 166, 177, 185, 239, 248, 286, 333, 361, 362, 363, 394, 395, 413, 420, 425, 426, 433, 435, 447, 473, 474, 494, 495, 496, 501, 512, 513, 522, 524, 527, 534, 559, 560, 562, 566, 568, 582, 601, ]
[73, 108, 118, 168, 172, 192, 201, 210, 277, 301, 344, 383, 384, 385, 394, 410, 417, 418, 423, 439, 440, 445, 446, 449, 450, 451, 452, 471, 473, 490, 522, 581, 582, 584, 588, 600, 601, 602, 604, 606, 609, ]
[8, 9, 10, 22, 36, 41, 43, 47, 62, 67, 68, 75, 108, 155, 179, 180, 205, 213, 215, 233, 234, 259, 266, 333, 339, 347, 355, 373, 409, 429, 432, 434, 437, 443, 485, 500, 581, 596, 610, ]
[3, 19, 39, 49, 66, 69, 79, 101, 114, 135, 146, 147, 180, 192, 210, 213, 214, 220, 237, 259, 282, 292, 306, 331, 334, 335, 339, 362, 375, 395, 416, 426, 427, 434, 436, 457, 480, 481, 488, 494, 495, 500, 501, 512, 513, 516, 517, 526, 527, 530, 531, 537, 553, 559, 561, 583, 601, 612, ]
[21, 30, 50, 72, 82, 83, 115, 127, 138, 147, 148, 171, 199, 214, 215, 240, 308, 334, 338, 364, 393, 394, 395, 416, 424, 425, 429, 447, 460, 461, 474, 488, 492, 495, 500, 502, 525, 554, 563, 577, 583, 596, ]
[14, 15, 45, 46, 56, 72, 102, 104, 114, 130, 133, 134, 135, 142, 165, 167, 172, 177, 181, 196, 210, 211, 214, 215, 217, 258, 305, 330, 336, 365, 367, 374, 407, 416, 423, 429, 433, 545, 552, 553, 582, 589, 590, 594, 606, ]
[24, 37, 71, 78, 128, 145, 161, 162, 164, 166, 214, 236, 275, 294, 298, 299, 310, 328, 334, 345, 370, 371, 372, 394, 415, 435, 436, 471, 524, 553, 588, 591, 592, 607, ]
[0, 51, 69, 79, 80, 82, 159, 160, 161, 162, 165, 175, 181, 188, 189, 196, 207, 208, 213, 243, 248, 281, 295, 302, 303, 309, 333, 346, 361, 371, 372, 373, 394, 417, 423, 425, 431, 432, 435, 436, 473, 479, 522, 556, 591, 592, 593, ]
[2, 9, 25, 41, 68, 81, 99, 100, 131, 134, 163, 164, 166, 175, 180, 198, 203, 217, 227, 232, 233, 234, 261, 265, 305, 307, 311, 335, 344, 360, 374, 398, 407, 408, 409, 411, 414, 427, 431, 433, 435, 461, 475, 477, 496, 517, 549, 588, ]
[13, 71, 79, 81, 101, 107, 133, 153, 154, 165, 166, 185, 189, 214, 241, 253, 257, 272, 279, 281, 302, 304, 327, 328, 330, 343, 394, 395, 397, 426, 427, 429, 446, 448, 460, 471, 474, 480, 481, 488, 489, 490, 491, 492, 493, 508, 524, 530, 532, 538, 542, 550, 560, 561, 563, 577, 581, 597, ]
[51, 78, 89, 99, 101, 108, 131, 150, 163, 182, 184, 185, 197, 200, 202, 214, 215, 217, 219, 235, 262, 264, 282, 332, 339, 359, 361, 392, 393, 394, 407, 408, 409, 411, 423, 434, 447, 477, 481, 488, 499, 510, 515, 519, 526, 527, 529, 531, 532, 537, 558, 560, 577, 581, 583, 587, 590, 604, ]
[2, 7, 8, 36, 49, 78, 87, 95, 98, 139, 171, 172, 173, 183, 205, 215, 232, 264, 298, 309, 337, 359, 375, 418, 425, 435, 471, 555, 561, 565, 581, 592, 607, ]
[27, 79, 130, 166, 172, 179, 184, 259, 334, 340, 377, 408, 410, 412, 413, 414, 434, 442, 447, 491, 580, 597, 601, 605, ]
[59, 60, 81, 133, 165, 216, 225, 272, 330, 331, 345, 354, 360, 361, 367, 399, 424, 425, 426, 428, 437, 469, 471, 474, 480, 483, 486, 487, 491, 492, 493, 494, 495, 496, 502, 505, 513, 527, 533, 534, 561, 565, 569, 576, 581, 605, 612, ]
[8, 9, 13, 15, 72, 83, 99, 130, 162, 182, 183, 199, 200, 214, 215, 216, 218, 228, 249, 262, 286, 331, 332, 333, 336, 358, 371, 375, 391, 407, 408, 409, 411, 428, 430, 456, 458, 461, 471, 477, 479, 480, 512, 546, 576, 577, 589, ]
[5, 37, 51, 90, 109, 113, 169, 173, 182, 186, 198, 209, 216, 220, 233, 243, 250, 284, 294, 337, 360, 361, 362, 388, 418, 425, 455, 459, 461, 471, 474, 479, 480, 481, 544, 551, 552, 554, 567, 571, 576, 581, 590, 601, ]
[3, 53, 57, 66, 67, 118, 133, 135, 202, 203, 204, 218, 219, 227, 258, 259, 291, 323, 324, 325, 326, 333, 356, 357, 367, 369, 393, 394, 400, 408, 411, 414, 432, 433, 434, 435, 475, 496, 499, 500, 501, 545, 554, 582, 584, 585, 586, 590, 608, ]
[3, 48, 162, 166, 170, 207, 208, 210, 213, 217, 234, 248, 303, 307, 336, 349, 361, 376, 407, 410, 418, 439, 441, 447, 448, 461, 473, 479, 497, 552, 582, 584, 585, 598, 600, 611, ]
[3, 19, 20, 22, 23, 31, 38, 72, 99, 103, 112, 134, 140, 162, 178, 212, 213, 215, 227, 240, 245, 249, 255, 258, 259, 276, 278, 282, 336, 364, 369, 395, 396, 397, 416, 427, 428, 432, 461, 474, 475, 477, 479, 499, 512, 544, 545, 562, 576, 596, ]
[17, 156, 224, 306, 320, 322, 346, 367, 416, 421, 422, 427, 428, 432, 471, 479, 485, 489, 495, 496, 516, 523, 526, 529, 541, 547, 549, 556, 559, 560, 564, 570, 571, 573, 576, 577, 578, 580, 602, ]