4.191000000000000000e+03
9.549000000000000000e+03
9.071000000000000000e+03
7.231000000000000000e+03
2.357000000000000000e+03
4.068000000000000000e+03
1.288000000000000000e+03
8.501000000000000000e+03
7.781000000000000000e+03
5.004000000000000000e+03
3.854000000000000000e+03
5.119000000000000000e+03
6.407000000000000000e+03
8.377000000000000000e+03
8.006000000000000000e+03
9.274000000000000000e+03
9.134000000000000000e+03
3.220000000000000000e+03
5.873000000000000000e+03
6.427000000000000000e+03
3.447000000000000000e+03
6.566000000000000000e+03
5.186000000000000000e+03
8.322000000000000000e+03
3.500000000000000000e+02
2.308000000000000000e+03
2.850000000000000000e+03
2.190000000000000000e+02
2.636000000000000000e+03
2.183000000000000000e+03
7.635000000000000000e+03
1.461000000000000000e+03
8.649000000000000000e+03
3.982000000000000000e+03
3.160000000000000000e+03
4.350000000000000000e+02
3.441000000000000000e+03
7.520000000000000000e+02
7.026000000000000000e+03
7.570000000000000000e+02
4.193000000000000000e+03
3.507000000000000000e+03
1.857000000000000000e+03
4.197000000000000000e+03
4.833000000000000000e+03
6.522000000000000000e+03
5.219000000000000000e+03
9.214000000000000000e+03
2.418000000000000000e+03
8.289000000000000000e+03
