7.650000000000000000e+02
1.404000000000000000e+03
9.214000000000000000e+03
8.322000000000000000e+03
3.160000000000000000e+03
5.004000000000000000e+03
9.992000000000000000e+03
6.427000000000000000e+03
8.200000000000000000e+03
1.288000000000000000e+03
6.566000000000000000e+03
9.275000000000000000e+03
2.255000000000000000e+03
2.850000000000000000e+03
2.190000000000000000e+02
7.556000000000000000e+03
7.196000000000000000e+03
4.855000000000000000e+03
8.289000000000000000e+03
8.377000000000000000e+03
3.210000000000000000e+02
4.807000000000000000e+03
2.636000000000000000e+03
3.982000000000000000e+03
2.914000000000000000e+03
7.570000000000000000e+02
4.197000000000000000e+03
7.760000000000000000e+02
3.652000000000000000e+03
6.509000000000000000e+03
7.223000000000000000e+03
9.605000000000000000e+03
5.119000000000000000e+03
8.266000000000000000e+03
3.507000000000000000e+03
3.447000000000000000e+03
2.550000000000000000e+02
6.078000000000000000e+03
9.134000000000000000e+03
8.649000000000000000e+03
4.193000000000000000e+03
4.054000000000000000e+03
4.383000000000000000e+03
2.979000000000000000e+03
7.026000000000000000e+03
1.197000000000000000e+03
2.037000000000000000e+03
2.176000000000000000e+03
4.350000000000000000e+02
2.983000000000000000e+03
