2.372000000000000000e+03
7.170000000000000000e+02
9.275000000000000000e+03
2.931000000000000000e+03
8.649000000000000000e+03
1.288000000000000000e+03
1.882000000000000000e+03
3.221000000000000000e+03
7.259000000000000000e+03
3.381000000000000000e+03
6.566000000000000000e+03
2.176000000000000000e+03
2.357000000000000000e+03
5.004000000000000000e+03
8.377000000000000000e+03
1.003000000000000000e+03
2.636000000000000000e+03
5.119000000000000000e+03
4.193000000000000000e+03
3.447000000000000000e+03
1.567000000000000000e+03
6.347000000000000000e+03
1.279000000000000000e+03
7.556000000000000000e+03
6.522000000000000000e+03
9.817000000000000000e+03
3.217000000000000000e+03
8.322000000000000000e+03
5.186000000000000000e+03
3.220000000000000000e+03
3.264000000000000000e+03
5.399000000000000000e+03
5.873000000000000000e+03
9.134000000000000000e+03
2.142000000000000000e+03
3.652000000000000000e+03
6.927000000000000000e+03
9.789000000000000000e+03
4.197000000000000000e+03
3.982000000000000000e+03
3.160000000000000000e+03
1.533000000000000000e+03
2.255000000000000000e+03
2.418000000000000000e+03
2.190000000000000000e+02
2.037000000000000000e+03
3.164000000000000000e+03
3.709000000000000000e+03
2.914000000000000000e+03
3.780000000000000000e+03
