2.430000000000000000e+02
1.003000000000000000e+03
7.570000000000000000e+02
8.603000000000000000e+03
1.288000000000000000e+03
4.068000000000000000e+03
3.160000000000000000e+03
8.377000000000000000e+03
8.289000000000000000e+03
6.927000000000000000e+03
2.142000000000000000e+03
8.322000000000000000e+03
8.006000000000000000e+03
2.962000000000000000e+03
5.004000000000000000e+03
2.357000000000000000e+03
7.219000000000000000e+03
5.119000000000000000e+03
3.033000000000000000e+03
2.550000000000000000e+02
2.850000000000000000e+03
7.259000000000000000e+03
9.134000000000000000e+03
4.193000000000000000e+03
1.292000000000000000e+03
8.725000000000000000e+03
2.636000000000000000e+03
3.447000000000000000e+03
7.074000000000000000e+03
5.143000000000000000e+03
8.649000000000000000e+03
6.566000000000000000e+03
2.983000000000000000e+03
6.522000000000000000e+03
2.176000000000000000e+03
1.540000000000000000e+02
2.308000000000000000e+03
3.220000000000000000e+03
8.272000000000000000e+03
7.747000000000000000e+03
7.556000000000000000e+03
7.830000000000000000e+03
8.326000000000000000e+03
3.507000000000000000e+03
3.381000000000000000e+03
2.163000000000000000e+03
5.045000000000000000e+03
5.399000000000000000e+03
3.652000000000000000e+03
1.183000000000000000e+03
