2.046000000000000000e+03
6.324000000000000000e+03
9.153000000000000000e+03
9.076000000000000000e+03
7.768000000000000000e+03
6.911000000000000000e+03
3.610000000000000000e+02
1.114200000000000000e+04
7.335000000000000000e+03
3.834000000000000000e+03
5.104000000000000000e+03
6.500000000000000000e+01
9.356000000000000000e+03
8.781000000000000000e+03
6.649000000000000000e+03
3.385000000000000000e+03
7.519000000000000000e+03
1.114300000000000000e+04
1.009200000000000000e+04
1.945000000000000000e+03
7.757000000000000000e+03
9.613000000000000000e+03
8.031000000000000000e+03
5.379000000000000000e+03
3.664000000000000000e+03
3.100000000000000000e+02
1.030500000000000000e+04
6.230000000000000000e+03
3.315000000000000000e+03
8.082000000000000000e+03
1.009100000000000000e+04
7.069000000000000000e+03
6.246000000000000000e+03
5.887000000000000000e+03
3.113000000000000000e+03
6.762000000000000000e+03
9.396000000000000000e+03
1.128000000000000000e+03
5.093000000000000000e+03
4.051000000000000000e+03
1.061200000000000000e+04
8.880000000000000000e+03
7.708000000000000000e+03
1.016800000000000000e+04
9.138000000000000000e+03
6.123000000000000000e+03
6.559000000000000000e+03
1.936000000000000000e+03
1.264000000000000000e+03
9.250000000000000000e+03
