1.870000000000000000e+03
3.817000000000000000e+03
3.077000000000000000e+03
3.020000000000000000e+03
2.910000000000000000e+02
2.446000000000000000e+03
3.158000000000000000e+03
1.878000000000000000e+03
1.977000000000000000e+03
2.443000000000000000e+03
3.601000000000000000e+03
1.410000000000000000e+03
1.929000000000000000e+03
3.786000000000000000e+03
3.496000000000000000e+03
6.900000000000000000e+02
2.794000000000000000e+03
8.840000000000000000e+02
2.847000000000000000e+03
4.308000000000000000e+03
2.584000000000000000e+03
1.813000000000000000e+03
3.759000000000000000e+03
6.260000000000000000e+02
1.544000000000000000e+03
3.307000000000000000e+03
4.009000000000000000e+03
9.840000000000000000e+02
4.156000000000000000e+03
3.671000000000000000e+03
2.636000000000000000e+03
2.471000000000000000e+03
3.912000000000000000e+03
2.664000000000000000e+03
1.175000000000000000e+03
1.209000000000000000e+03
4.251000000000000000e+03
4.262000000000000000e+03
1.597000000000000000e+03
8.460000000000000000e+02
1.513000000000000000e+03
3.180000000000000000e+02
2.406000000000000000e+03
2.801000000000000000e+03
1.500000000000000000e+02
3.337000000000000000e+03
2.618000000000000000e+03
2.329000000000000000e+03
3.466000000000000000e+03
8.640000000000000000e+02
