1.730000000000000000e+02
8.960000000000000000e+02
1.990000000000000000e+02
1.960000000000000000e+02
1.800000000000000000e+02
9.240000000000000000e+02
7.080000000000000000e+02
3.100000000000000000e+01
2.990000000000000000e+02
8.160000000000000000e+02
2.450000000000000000e+02
1.016000000000000000e+03
5.160000000000000000e+02
2.290000000000000000e+02
1.310000000000000000e+02
8.680000000000000000e+02
8.890000000000000000e+02
1.780000000000000000e+02
1.740000000000000000e+02
2.600000000000000000e+02
9.280000000000000000e+02
2.130000000000000000e+02
7.950000000000000000e+02
2.700000000000000000e+02
1.670000000000000000e+02
1.870000000000000000e+02
1.640000000000000000e+02
8.800000000000000000e+02
8.940000000000000000e+02
1.440000000000000000e+02
3.240000000000000000e+02
9.290000000000000000e+02
6.400000000000000000e+01
1.970000000000000000e+02
3.490000000000000000e+02
8.350000000000000000e+02
2.380000000000000000e+02
2.300000000000000000e+02
9.830000000000000000e+02
2.080000000000000000e+02
2.160000000000000000e+02
8.480000000000000000e+02
7.400000000000000000e+02
2.670000000000000000e+02
3.130000000000000000e+02
9.850000000000000000e+02
1.770000000000000000e+02
8.970000000000000000e+02
3.330000000000000000e+02
8.250000000000000000e+02
