6.966000000000000000e+03
5.450000000000000000e+02
6.501000000000000000e+03
8.910000000000000000e+02
9.864000000000000000e+03
7.189000000000000000e+03
9.277000000000000000e+03
6.710000000000000000e+02
8.854000000000000000e+03
7.190000000000000000e+03
9.618000000000000000e+03
8.950000000000000000e+02
7.077000000000000000e+03
3.150000000000000000e+02
6.613000000000000000e+03
7.281000000000000000e+03
5.845000000000000000e+03
9.281000000000000000e+03
6.853000000000000000e+03
6.660000000000000000e+02
2.805000000000000000e+03
9.000000000000000000e+00
5.730000000000000000e+03
3.160000000000000000e+02
1.010200000000000000e+04
6.967000000000000000e+03
6.670000000000000000e+02
9.755000000000000000e+03
6.965000000000000000e+03
4.240000000000000000e+02
6.389000000000000000e+03
6.700000000000000000e+02
7.076000000000000000e+03
9.506000000000000000e+03
9.751000000000000000e+03
9.092000000000000000e+03
6.964000000000000000e+03
9.600000000000000000e+01
6.164000000000000000e+03
4.726000000000000000e+03
8.900000000000000000e+02
6.854000000000000000e+03
9.956000000000000000e+03
7.512000000000000000e+03
9.970000000000000000e+03
6.404000000000000000e+03
5.560000000000000000e+02
6.051000000000000000e+03
8.517000000000000000e+03
2.060000000000000000e+02
