5.234000000000000000e+03
4.517000000000000000e+03
4.348000000000000000e+03
4.652000000000000000e+03
2.717000000000000000e+03
3.803000000000000000e+03
2.013000000000000000e+03
2.665000000000000000e+03
2.138000000000000000e+03
4.306000000000000000e+03
3.745000000000000000e+03
1.470000000000000000e+03
3.598000000000000000e+03
4.944000000000000000e+03
2.075000000000000000e+03
1.478000000000000000e+03
2.543000000000000000e+03
1.771000000000000000e+03
3.335000000000000000e+03
5.256000000000000000e+03
4.761000000000000000e+03
2.232000000000000000e+03
2.653000000000000000e+03
5.380000000000000000e+03
2.552000000000000000e+03
3.592000000000000000e+03
1.490000000000000000e+02
8.480000000000000000e+02
4.425000000000000000e+03
2.643000000000000000e+03
8.170000000000000000e+02
6.450000000000000000e+02
4.736000000000000000e+03
4.243000000000000000e+03
3.760000000000000000e+02
2.756000000000000000e+03
1.264000000000000000e+03
9.000000000000000000e+01
1.500000000000000000e+02
3.570000000000000000e+03
3.937000000000000000e+03
2.068000000000000000e+03
4.624000000000000000e+03
3.471000000000000000e+03
7.900000000000000000e+01
3.500000000000000000e+01
3.350000000000000000e+02
1.554000000000000000e+03
5.700000000000000000e+01
1.789000000000000000e+03
