6.270000000000000000e+02
8.000000000000000000e+02
3.200000000000000000e+02
3.800000000000000000e+02
7.940000000000000000e+02
1.600000000000000000e+02
5.950000000000000000e+02
3.080000000000000000e+02
4.800000000000000000e+02
1.012000000000000000e+03
7.360000000000000000e+02
4.880000000000000000e+02
5.000000000000000000e+01
4.990000000000000000e+02
4.160000000000000000e+02
7.620000000000000000e+02
1.580000000000000000e+02
2.240000000000000000e+02
5.200000000000000000e+02
9.820000000000000000e+02
3.730000000000000000e+02
7.680000000000000000e+02
2.560000000000000000e+02
5.630000000000000000e+02
7.650000000000000000e+02
3.840000000000000000e+02
7.900000000000000000e+02
3.470000000000000000e+02
4.670000000000000000e+02
6.400000000000000000e+02
1.013000000000000000e+03
3.400000000000000000e+02
4.480000000000000000e+02
2.250000000000000000e+02
6.590000000000000000e+02
1.300000000000000000e+01
8.960000000000000000e+02
7.630000000000000000e+02
2.880000000000000000e+02
4.360000000000000000e+02
5.100000000000000000e+01
8.010000000000000000e+02
5.310000000000000000e+02
3.460000000000000000e+02
1.920000000000000000e+02
5.210000000000000000e+02
7.040000000000000000e+02
4.030000000000000000e+02
1.630000000000000000e+02
9.790000000000000000e+02
