[73, 225, 302, 568, 508, 222, 224]
[73, 418, 409, 564, 517, 193, 17, 62]
[73, 129, 387, 1, 388]
[73, 34, 288, 363, 545, 573, 4, 3]
[73, 131, 534, 19, 520, 4, 128]
[73, 411, 416, 168, 130, 126]
[73, 2, 397, 362, 219, 36, 14]
[73, 446, 601, 384, 451, 0]
[73, 228, 306, 299, 210, 195, 0]
[335, 362, 144, 515, 69]
[73, 1, 393, 261, 395, 0]
[73, 63, 147, 15, 205, 54]
[73, 436, 201, 165, 139, 0]
[73, 269, 158, 166, 175, 222]
[73, 109, 549, 176, 153]
[73, 0, 130, 394, 18, 426, 337]
[73, 390, 185, 392, 2, 3]
[73, 252, 170, 149, 15, 5]
[73, 409, 597, 412]
[73, 3, 360, 495, 428, 394, 0]
[73, 456, 110, 332, 46, 0]
[73, 14, 519, 479, 606, 540, 1]
[73, 7, 326, 333, 79, 25, 13]
[73, 447, 168, 385, 65, 451, 91, 5]
[73, 19, 233, 3, 20]
[73, 320, 493, 580, 395, 400]