[73, 515, 471, 473, 506, 567, 1]
[73, 518, 475, 331, 565, 593, 0]
[73, 583, 570, 561, 440, 219, 0]
[73, 396, 583, 441, 606, 50, 24]
[73, 583, 520, 403, 17, 228, 1]
[73, 415, 504, 569, 222, 211, 93]
[73, 415, 516, 193, 339, 222, 100]
[73, 362, 440, 211, 165, 576, 130]
[73, 417, 173, 566, 227, 253]
[73, 213, 518, 440, 339, 576]
[73, 395, 69, 261, 576, 135]
[73, 395, 393, 575, 600, 0]
[73, 175, 549, 168, 597, 8, 0]
[73, 298, 370, 173, 155, 116]
[73, 371, 204, 158, 121, 44]
[73, 143, 170, 612, 469, 201]
[73, 143, 549, 537, 274, 364, 0]
[73, 395, 199, 226, 132, 371, 6]
[184, 583, 140, 48, 91, 11]
[73, 172, 214, 555, 536, 4]
[73, 412, 600, 468, 372, 1]
[73, 487, 527, 583, 588, 192, 5]
[73, 455, 201, 511, 604, 68, 1]
[73, 479, 480, 220, 593, 217]
[73, 432, 519, 591, 481, 610, 0]
[73, 144, 433, 473, 411, 315, 25]