[73, 452, 471, 515, 609, 509, 411]
[73, 519, 576, 302, 481, 440, 1]
[73, 583, 553, 260, 368, 592, 1]
[73, 396, 583, 371, 222, 262, 1]
[583, 136, 4, 18, 521, 340, 2]
[73, 415, 504, 220, 569, 605, 145]
[73, 415, 516, 193, 431, 372, 1]
[73, 362, 527, 293, 439, 370]
[73, 417, 141, 277, 47, 83]
[73, 213, 9, 160, 6, 30, 31]
[73, 395, 69, 576, 211, 30, 0]
[73, 395, 393, 223, 605, 103]
[73, 176, 549, 468, 504, 576, 1]
[73, 107, 142, 149, 369, 185]
[73, 371, 204, 156, 576, 31]
[73, 111, 138, 308, 463, 140, 0]
[73, 174, 537, 486, 576, 602, 93]
[73, 395, 199, 226, 132, 371, 6]
[73, 184, 583, 17, 158, 194, 5]
[73, 173, 214, 372, 21, 506]
[73, 412, 600, 468, 110]
[73, 487, 527, 583, 126, 161, 4]
[73, 331, 184, 307, 511, 8]
[73, 479, 480, 612, 221, 428]
[73, 432, 519, 591, 479, 482, 1]
[73, 144, 199, 208, 369, 431]