[73, 452, 186, 537, 610, 519, 125]
[73, 518, 475, 567, 599, 33, 0]
[73, 583, 553, 455, 231, 338, 335]
[73, 396, 583, 371, 222, 262, 1]
[73, 394, 551, 404, 513, 521, 211]
[73, 415, 504, 220, 569, 601, 69]
[73, 415, 516, 193, 339, 222, 100]
[73, 362, 613, 339, 240, 82, 19]
[73, 417, 175, 566, 241, 122]
[73, 213, 9, 254, 571, 97]
[73, 395, 69, 576, 362, 1]
[73, 395, 467, 428, 318, 34]
[73, 176, 549, 466, 612, 189, 0]
[73, 107, 142, 186, 369, 486]
[73, 371, 204, 440, 368, 10]
[73, 139, 183, 201, 218, 88]
[73, 68, 549, 274, 594, 480, 43]
[73, 395, 199, 226, 431, 158, 0]
[73, 184, 583, 109, 606, 15]
[73, 172, 214, 259, 20]
[73, 412, 600, 468, 451]
[73, 487, 527, 583, 188, 475, 5]
[73, 455, 201, 511, 180, 426]
[73, 479, 480, 220, 608, 196]
[73, 432, 519, 591, 481, 181, 1]
[73, 171, 177, 611, 217, 227, 2]