[73, 452, 471, 395, 473, 610, 536]
[73, 518, 475, 331, 565, 593, 0]
[73, 583, 570, 476, 439, 195, 8]
[73, 396, 583, 441, 273, 371, 5]
[73, 394, 187, 517, 592, 610, 543, 0]
[73, 569, 415, 534, 219, 440, 82]
[73, 415, 516, 193, 372, 339, 0]
[73, 362, 527, 293, 439, 370, 0]
[73, 417, 142, 220]
[215, 9, 62, 558, 14]
[73, 395, 69, 576, 211, 61, 6]
[73, 395, 393, 223, 600, 439]
[73, 176, 549, 371, 566, 314, 0]
[73, 107, 142, 149, 202, 226, 1]
[73, 371, 204, 182, 139, 153]
[73, 139, 308, 200, 119, 61]
[73, 68, 549, 274, 305, 537, 87]
[73, 394, 147, 431, 576, 396, 0]
[73, 184, 583, 479, 29]
[73, 172, 215, 156, 63]
[73, 412, 601, 95, 202, 1]
[73, 487, 527, 583, 588, 195, 61]
[73, 331, 511, 190, 457, 254]
[73, 479, 480, 164, 427, 113]
[73, 432, 512, 552, 609, 290, 8]
[73, 171, 473, 227, 596, 48]