[73, 452, 471, 515, 609, 509, 411]
[73, 518, 475, 371, 612, 304]
[73, 583, 553, 260, 192, 212, 6]
[73, 396, 583, 338, 403, 265, 1]
[73, 394, 396, 402, 274, 538, 231]
[73, 415, 504, 220, 569, 605, 48]
[73, 415, 516, 193, 372, 285, 14]
[73, 362, 527, 293, 179, 225, 5]
[73, 417, 174, 18, 220]
[213, 9, 62, 570, 106]
[73, 395, 69, 576, 439, 371, 0]
[73, 395, 467, 428, 318, 34]
[73, 176, 395, 271, 468, 97, 8]
[73, 107, 142, 308, 155, 501, 0]
[73, 371, 204, 196, 220, 148]
[73, 309, 170, 303, 570, 200]
[73, 68, 549, 274, 305, 537, 92]
[73, 394, 147, 431, 576, 396, 0]
[73, 184, 583, 159, 56]
[73, 172, 215, 530, 607]
[73, 412, 597, 94, 501, 6]
[73, 487, 527, 411, 576, 361, 195]
[73, 331, 511, 273, 180, 132]
[73, 479, 480, 164, 427, 113]
[73, 432, 519, 512, 220, 338, 2]
[73, 144, 199, 369, 208, 431]