[896, 662, 107]
[896, 711, 272, 0]
[896, 362, 890, 57]
[896, 551, 555, 123, 2]
[896, 561, 635, 0]
[896, 604, 757, 229]
[896, 229, 680, 2]
[896, 936, 55]
[896, 26, 479, 0]
[896, 296, 225, 663]
[896, 868, 660, 17]
[896, 868, 121, 33]
[896, 457, 649, 17]
[896, 177, 404, 44]
[896, 876, 458, 1]
[896, 806, 221, 1]
[896, 599, 195, 345]
[896, 372, 957, 10]
[896, 380, 962, 66]
[896, 766, 774]
[896, 495, 260, 26]
[896, 453, 483]
[896, 80, 448, 338]
[896, 173, 375, 27]
[896, 739, 893, 963, 2]
[896, 332, 807, 183]
[896, 55, 823, 88]
[896, 823, 790, 439, 0]
[896, 33, 436, 441, 4]
[896, 620, 423, 11]
[896, 827, 355, 0]
[896, 384, 68]
[896, 870, 506, 464]
[896, 27, 159, 598]
[896, 171, 230, 696]
[896, 70, 226, 471]
[896, 256, 439, 3]
[896, 336, 11, 7]
[896, 427, 991, 22]
[896, 462, 8]