[896, 662, 114]
[896, 711, 1000, 3]
[896, 78, 52, 5]
[896, 743, 987, 467]
[896, 534, 625, 190]
[896, 572, 209, 30]
[896, 28, 342, 2]
[896, 753, 5]
[896, 39, 2]
[896, 235, 263, 0]
[896, 296, 174, 199]
[896, 900, 422, 11]
[896, 836, 123, 34]
[896, 253, 313, 959]
[896, 459, 396, 281]
[896, 908, 441, 423]
[896, 229, 203, 1]
[896, 382, 995, 1]
[896, 372, 1022, 45]
[896, 479, 40, 52]
[896, 495, 260, 25]
[896, 453, 26]
[896, 98, 480, 232]
[896, 173, 439, 44]
[896, 279, 502, 4]
[896, 807, 626, 901, 0]
[896, 923, 788, 8]
[896, 434, 885, 473, 12]
[896, 825, 433, 0]
[896, 620, 924, 437]
[896, 228, 828, 2]
[896, 69, 249, 0]
[896, 870, 506, 1]
[896, 61, 437, 272]
[896, 788, 172, 594]
[896, 70, 226, 6]
[256, 439, 105]
[896, 336, 11, 7]
[896, 427, 991, 22]
[896, 462, 8]