[896, 662, 107]
[896, 711, 272, 0]
[896, 362, 50, 78]
[896, 551, 144, 265]
[896, 561, 635, 0]
[896, 604, 406, 6]
[896, 205, 137, 6]
[896, 584, 5, 0]
[896, 774, 639, 12]
[896, 296, 840, 9]
[896, 868, 660, 17]
[896, 868, 121, 33]
[896, 253, 313, 76]
[896, 211, 595, 597]
[896, 557, 455, 35]
[896, 229, 203, 1]
[896, 382, 301, 18]
[896, 372, 415]
[896, 479, 466, 149]
[896, 495, 407, 0]
[896, 901, 452, 3]
[896, 434, 229, 472]
[896, 162, 516, 342]
[896, 279, 472, 502]
[896, 598, 164, 183, 0]
[896, 563, 983, 1]
[896, 434, 885, 406, 1]
[896, 793, 856, 127]
[896, 532, 281, 0]
[896, 827, 761, 0]
[896, 490, 343, 0]
[896, 384, 663, 78]
[896, 806, 365]
[268, 27, 0]
[896, 102, 986, 7]
[896, 70, 58, 6]
[896, 257, 615, 6]
[336, 23]
[896, 427, 64]
[896, 462]