2.664000000000000000e+03
2.756000000000000000e+03
1.490000000000000000e+02
1.470000000000000000e+03
2.353000000000000000e+03
4.700000000000000000e+02
8.420000000000000000e+02
2.278000000000000000e+03
2.272000000000000000e+03
4.084000000000000000e+03
2.909000000000000000e+03
8.500000000000000000e+01
1.311000000000000000e+03
3.627000000000000000e+03
3.175000000000000000e+03
4.155000000000000000e+03
2.894000000000000000e+03
3.056000000000000000e+03
1.782000000000000000e+03
2.740000000000000000e+02
2.314000000000000000e+03
3.108000000000000000e+03
2.433000000000000000e+03
5.535000000000000000e+03
4.743000000000000000e+03
3.484000000000000000e+03
4.867000000000000000e+03
1.384000000000000000e+03
3.160000000000000000e+02
2.264000000000000000e+03
5.072000000000000000e+03
4.799000000000000000e+03
4.460000000000000000e+02
3.994000000000000000e+03
3.459000000000000000e+03
1.891000000000000000e+03
1.012000000000000000e+03
2.526000000000000000e+03
2.966000000000000000e+03
3.593000000000000000e+03
1.344000000000000000e+03
6.420000000000000000e+02
1.310000000000000000e+03
5.180000000000000000e+03
4.556000000000000000e+03
2.507000000000000000e+03
2.578000000000000000e+03
3.060000000000000000e+03
5.421000000000000000e+03
2.106000000000000000e+03
