1.365000000000000000e+03
2.865000000000000000e+03
2.095000000000000000e+03
1.612000000000000000e+03
4.348000000000000000e+03
1.947000000000000000e+03
5.642000000000000000e+03
2.372000000000000000e+03
4.340000000000000000e+02
1.508000000000000000e+03
4.816000000000000000e+03
2.458000000000000000e+03
1.123000000000000000e+03
7.490000000000000000e+02
2.772000000000000000e+03
5.542000000000000000e+03
5.098000000000000000e+03
2.123000000000000000e+03
2.075000000000000000e+03
2.773000000000000000e+03
3.463000000000000000e+03
4.869000000000000000e+03
4.786000000000000000e+03
1.428000000000000000e+03
1.598000000000000000e+03
3.196000000000000000e+03
1.767000000000000000e+03
4.335000000000000000e+03
7.960000000000000000e+02
4.057000000000000000e+03
3.926000000000000000e+03
2.092000000000000000e+03
9.500000000000000000e+02
2.600000000000000000e+02
5.202000000000000000e+03
2.501000000000000000e+03
4.819000000000000000e+03
3.363000000000000000e+03
3.831000000000000000e+03
2.256000000000000000e+03
9.710000000000000000e+02
5.704000000000000000e+03
4.546000000000000000e+03
3.842000000000000000e+03
1.695000000000000000e+03
4.845000000000000000e+03
2.858000000000000000e+03
8.730000000000000000e+02
1.390000000000000000e+03
6.480000000000000000e+02
