6.030000000000000000e+03
1.120100000000000000e+04
9.406000000000000000e+03
9.052000000000000000e+03
9.078000000000000000e+03
1.182500000000000000e+04
1.021200000000000000e+04
2.601000000000000000e+03
5.367000000000000000e+03
1.683000000000000000e+03
2.533000000000000000e+03
1.133600000000000000e+04
1.076300000000000000e+04
9.505000000000000000e+03
9.956000000000000000e+03
1.804000000000000000e+03
1.188800000000000000e+04
1.043400000000000000e+04
1.257000000000000000e+04
7.940000000000000000e+03
1.187600000000000000e+04
5.643000000000000000e+03
9.480000000000000000e+02
3.563000000000000000e+03
7.064000000000000000e+03
1.172500000000000000e+04
5.826000000000000000e+03
9.322000000000000000e+03
3.336000000000000000e+03
2.481000000000000000e+03
6.316000000000000000e+03
6.322000000000000000e+03
7.189000000000000000e+03
9.498000000000000000e+03
1.025800000000000000e+04
7.590000000000000000e+02
4.288000000000000000e+03
3.308000000000000000e+03
4.516000000000000000e+03
8.890000000000000000e+03
7.534000000000000000e+03
6.490000000000000000e+02
1.222800000000000000e+04
6.332000000000000000e+03
1.166100000000000000e+04
6.016000000000000000e+03
6.690000000000000000e+03
8.525000000000000000e+03
1.131400000000000000e+04
1.087400000000000000e+04
