9.020000000000000000e+02
1.927000000000000000e+03
6.570000000000000000e+02
1.383000000000000000e+03
4.260000000000000000e+02
1.082000000000000000e+03
2.337000000000000000e+03
2.171000000000000000e+03
1.136000000000000000e+03
1.805000000000000000e+03
9.640000000000000000e+02
2.038000000000000000e+03
3.670000000000000000e+02
1.263000000000000000e+03
1.878000000000000000e+03
1.866000000000000000e+03
1.660000000000000000e+03
9.620000000000000000e+02
6.580000000000000000e+02
1.926000000000000000e+03
1.142000000000000000e+03
2.338000000000000000e+03
4.860000000000000000e+02
5.980000000000000000e+02
1.022000000000000000e+03
1.865000000000000000e+03
2.037000000000000000e+03
8.420000000000000000e+02
1.127000000000000000e+03
1.323000000000000000e+03
1.019000000000000000e+03
7.230000000000000000e+02
1.992000000000000000e+03
4.190000000000000000e+02
9.010000000000000000e+02
4.270000000000000000e+02
1.016000000000000000e+03
1.024000000000000000e+03
1.928000000000000000e+03
1.979000000000000000e+03
2.172000000000000000e+03
1.686000000000000000e+03
1.996000000000000000e+03
1.143000000000000000e+03
1.915000000000000000e+03
5.450000000000000000e+02
1.081000000000000000e+03
1.248000000000000000e+03
1.503000000000000000e+03
1.077000000000000000e+03
