2.390000000000000000e+02
2.480000000000000000e+02
4.290000000000000000e+02
2.570000000000000000e+02
2.680000000000000000e+02
2.600000000000000000e+01
3.890000000000000000e+02
2.110000000000000000e+02
2.200000000000000000e+01
3.180000000000000000e+02
8.000000000000000000e+00
4.000000000000000000e+01
3.600000000000000000e+01
2.400000000000000000e+01
1.200000000000000000e+01
3.210000000000000000e+02
6.400000000000000000e+01
3.980000000000000000e+02
5.300000000000000000e+01
2.900000000000000000e+01
4.440000000000000000e+02
3.470000000000000000e+02
3.360000000000000000e+02
1.570000000000000000e+02
1.400000000000000000e+01
3.770000000000000000e+02
8.900000000000000000e+01
6.100000000000000000e+01
1.970000000000000000e+02
4.200000000000000000e+01
2.500000000000000000e+01
2.230000000000000000e+02
3.000000000000000000e+01
4.060000000000000000e+02
2.300000000000000000e+01
4.100000000000000000e+02
2.800000000000000000e+01
4.010000000000000000e+02
2.810000000000000000e+02
2.260000000000000000e+02
1.050000000000000000e+02
4.090000000000000000e+02
1.300000000000000000e+01
1.540000000000000000e+02
2.620000000000000000e+02
4.230000000000000000e+02
8.700000000000000000e+01
4.520000000000000000e+02
1.600000000000000000e+02
2.700000000000000000e+01
