1.022000000000000000e+03
1.926000000000000000e+03
1.979000000000000000e+03
1.758000000000000000e+03
1.383000000000000000e+03
2.117000000000000000e+03
1.914000000000000000e+03
2.171000000000000000e+03
1.517000000000000000e+03
1.613000000000000000e+03
1.582000000000000000e+03
1.867000000000000000e+03
1.263000000000000000e+03
1.581000000000000000e+03
1.660000000000000000e+03
2.057000000000000000e+03
1.990000000000000000e+03
1.760000000000000000e+03
1.422000000000000000e+03
1.523000000000000000e+03
1.804000000000000000e+03
2.038000000000000000e+03
2.366000000000000000e+03
2.322000000000000000e+03
2.154000000000000000e+03
1.503000000000000000e+03
1.644000000000000000e+03
1.996000000000000000e+03
1.938000000000000000e+03
1.865000000000000000e+03
1.522000000000000000e+03
1.673000000000000000e+03
1.876000000000000000e+03
2.365000000000000000e+03
1.915000000000000000e+03
1.928000000000000000e+03
1.143000000000000000e+03
2.265000000000000000e+03
2.037000000000000000e+03
1.992000000000000000e+03
1.562000000000000000e+03
1.640000000000000000e+03
2.056000000000000000e+03
2.377000000000000000e+03
2.369000000000000000e+03
1.866000000000000000e+03
1.791000000000000000e+03
2.172000000000000000e+03
8.420000000000000000e+02
1.189000000000000000e+03
