1.022000000000000000e+03
1.926000000000000000e+03
1.915000000000000000e+03
1.878000000000000000e+03
1.383000000000000000e+03
1.644000000000000000e+03
1.936000000000000000e+03
1.127000000000000000e+03
1.867000000000000000e+03
1.577000000000000000e+03
2.096000000000000000e+03
1.760000000000000000e+03
1.263000000000000000e+03
1.522000000000000000e+03
2.056000000000000000e+03
1.581000000000000000e+03
1.613000000000000000e+03
1.928000000000000000e+03
1.422000000000000000e+03
2.057000000000000000e+03
2.365000000000000000e+03
1.938000000000000000e+03
2.154000000000000000e+03
1.744000000000000000e+03
1.660000000000000000e+03
2.322000000000000000e+03
9.020000000000000000e+02
1.125000000000000000e+03
1.319000000000000000e+03
2.369000000000000000e+03
2.112000000000000000e+03
1.517000000000000000e+03
5.450000000000000000e+02
2.097000000000000000e+03
1.519000000000000000e+03
1.685000000000000000e+03
1.251000000000000000e+03
1.672000000000000000e+03
1.865000000000000000e+03
1.996000000000000000e+03
1.643000000000000000e+03
1.973000000000000000e+03
8.420000000000000000e+02
1.876000000000000000e+03
1.563000000000000000e+03
1.640000000000000000e+03
1.859000000000000000e+03
2.366000000000000000e+03
1.927000000000000000e+03
1.458000000000000000e+03
