1.927000000000000000e+03
1.022000000000000000e+03
1.521000000000000000e+03
1.383000000000000000e+03
2.096000000000000000e+03
2.057000000000000000e+03
1.992000000000000000e+03
2.206000000000000000e+03
1.761000000000000000e+03
1.422000000000000000e+03
1.742000000000000000e+03
1.996000000000000000e+03
1.519000000000000000e+03
1.672000000000000000e+03
2.172000000000000000e+03
1.263000000000000000e+03
1.188000000000000000e+03
1.517000000000000000e+03
1.522000000000000000e+03
1.760000000000000000e+03
1.622000000000000000e+03
1.798000000000000000e+03
1.866000000000000000e+03
8.420000000000000000e+02
1.644000000000000000e+03
1.876000000000000000e+03
1.854000000000000000e+03
1.878000000000000000e+03
1.660000000000000000e+03
2.277000000000000000e+03
1.804000000000000000e+03
1.979000000000000000e+03
2.322000000000000000e+03
1.673000000000000000e+03
1.928000000000000000e+03
2.118000000000000000e+03
1.582000000000000000e+03
1.443000000000000000e+03
2.366000000000000000e+03
2.037000000000000000e+03
1.700000000000000000e+03
2.056000000000000000e+03
9.020000000000000000e+02
1.938000000000000000e+03
1.973000000000000000e+03
1.865000000000000000e+03
1.458000000000000000e+03
1.203000000000000000e+03
1.821000000000000000e+03
1.936000000000000000e+03
