2.430000000000000000e+02
6.267000000000000000e+03
8.900000000000000000e+01
2.240000000000000000e+02
1.931000000000000000e+03
8.293000000000000000e+03
2.520000000000000000e+02
1.037000000000000000e+03
3.352000000000000000e+03
3.160000000000000000e+02
9.620000000000000000e+02
1.858000000000000000e+03
3.936000000000000000e+03
9.842000000000000000e+03
2.767000000000000000e+03
4.774000000000000000e+03
2.992000000000000000e+03
7.280000000000000000e+02
3.005000000000000000e+03
4.182000000000000000e+03
2.279000000000000000e+03
5.540000000000000000e+02
7.151000000000000000e+03
2.050000000000000000e+03
8.326000000000000000e+03
4.855000000000000000e+03
2.090000000000000000e+03
1.001000000000000000e+03
1.938000000000000000e+03
7.753000000000000000e+03
9.309000000000000000e+03
4.800000000000000000e+01
5.294000000000000000e+03
3.204000000000000000e+03
4.078000000000000000e+03
7.024000000000000000e+03
9.911000000000000000e+03
3.960000000000000000e+03
4.758000000000000000e+03
3.147000000000000000e+03
8.086000000000000000e+03
8.405000000000000000e+03
3.328000000000000000e+03
5.000000000000000000e+01
4.785000000000000000e+03
4.770000000000000000e+02
6.764000000000000000e+03
1.831000000000000000e+03
4.459000000000000000e+03
9.789000000000000000e+03
