4.191000000000000000e+03
9.600000000000000000e+01
5.890000000000000000e+02
1.060000000000000000e+02
9.050000000000000000e+02
2.868000000000000000e+03
1.058000000000000000e+03
1.872000000000000000e+03
2.497000000000000000e+03
3.935000000000000000e+03
1.829000000000000000e+03
7.563000000000000000e+03
4.199000000000000000e+03
4.979000000000000000e+03
7.495000000000000000e+03
3.970000000000000000e+02
6.279000000000000000e+03
5.672000000000000000e+03
7.524000000000000000e+03
7.629000000000000000e+03
4.998000000000000000e+03
9.270000000000000000e+02
3.193000000000000000e+03
2.730000000000000000e+02
5.947000000000000000e+03
5.694000000000000000e+03
6.347000000000000000e+03
8.500000000000000000e+01
2.817000000000000000e+03
5.874000000000000000e+03
2.974000000000000000e+03
1.179000000000000000e+03
8.727000000000000000e+03
7.160000000000000000e+02
8.569000000000000000e+03
6.366000000000000000e+03
1.021000000000000000e+03
8.590000000000000000e+03
3.242000000000000000e+03
7.950000000000000000e+02
1.020000000000000000e+02
6.098000000000000000e+03
1.388000000000000000e+03
9.737000000000000000e+03
2.126000000000000000e+03
4.600000000000000000e+01
9.000000000000000000e+01
4.880000000000000000e+02
6.590000000000000000e+02
1.512000000000000000e+03
