4.191000000000000000e+03
1.000000000000000000e+00
4.755000000000000000e+03
6.800000000000000000e+01
1.611000000000000000e+03
1.210000000000000000e+02
2.264000000000000000e+03
1.206000000000000000e+03
9.679000000000000000e+03
5.510000000000000000e+03
9.840000000000000000e+02
1.395000000000000000e+03
9.710000000000000000e+03
1.060000000000000000e+03
3.032000000000000000e+03
3.826000000000000000e+03
3.880000000000000000e+02
6.456000000000000000e+03
2.882000000000000000e+03
2.082000000000000000e+03
9.409000000000000000e+03
9.691000000000000000e+03
3.011000000000000000e+03
8.320000000000000000e+02
5.810000000000000000e+03
5.038000000000000000e+03
8.848000000000000000e+03
5.704000000000000000e+03
2.940000000000000000e+03
9.026000000000000000e+03
7.747000000000000000e+03
2.555000000000000000e+03
2.845000000000000000e+03
6.480000000000000000e+03
1.080000000000000000e+02
3.167000000000000000e+03
7.277000000000000000e+03
2.639000000000000000e+03
2.795000000000000000e+03
7.365000000000000000e+03
8.845000000000000000e+03
5.004000000000000000e+03
7.318000000000000000e+03
8.909000000000000000e+03
4.400000000000000000e+01
5.371000000000000000e+03
7.520000000000000000e+03
1.927000000000000000e+03
2.636000000000000000e+03
3.577000000000000000e+03
