2.046000000000000000e+03
7.768000000000000000e+03
8.082000000000000000e+03
1.114300000000000000e+04
1.016800000000000000e+04
4.580000000000000000e+02
1.061200000000000000e+04
5.093000000000000000e+03
3.742000000000000000e+03
6.022000000000000000e+03
1.945000000000000000e+03
8.031000000000000000e+03
6.649000000000000000e+03
8.010000000000000000e+03
3.315000000000000000e+03
5.261000000000000000e+03
9.743000000000000000e+03
8.486000000000000000e+03
7.393000000000000000e+03
1.351000000000000000e+03
4.469000000000000000e+03
4.270000000000000000e+02
1.088700000000000000e+04
8.781000000000000000e+03
1.005900000000000000e+04
4.521000000000000000e+03
1.128000000000000000e+03
6.756000000000000000e+03
6.559000000000000000e+03
6.078000000000000000e+03
1.064100000000000000e+04
5.022000000000000000e+03
6.830000000000000000e+02
1.290000000000000000e+03
8.835000000000000000e+03
3.604000000000000000e+03
4.307000000000000000e+03
1.497000000000000000e+03
5.104000000000000000e+03
6.708000000000000000e+03
5.444000000000000000e+03
1.328000000000000000e+03
2.091000000000000000e+03
4.374000000000000000e+03
2.042000000000000000e+03
4.500000000000000000e+02
3.834000000000000000e+03
2.168000000000000000e+03
1.114200000000000000e+04
1.698000000000000000e+03
