7.768000000000000000e+03
1.114300000000000000e+04
2.046000000000000000e+03
1.061200000000000000e+04
4.580000000000000000e+02
3.742000000000000000e+03
1.016800000000000000e+04
8.082000000000000000e+03
5.093000000000000000e+03
8.031000000000000000e+03
3.315000000000000000e+03
5.261000000000000000e+03
1.945000000000000000e+03
8.010000000000000000e+03
6.649000000000000000e+03
8.486000000000000000e+03
5.740000000000000000e+02
9.743000000000000000e+03
6.022000000000000000e+03
7.393000000000000000e+03
1.128000000000000000e+03
6.756000000000000000e+03
1.114200000000000000e+04
1.679000000000000000e+03
6.830000000000000000e+02
1.005900000000000000e+04
4.307000000000000000e+03
8.781000000000000000e+03
6.559000000000000000e+03
6.078000000000000000e+03
4.270000000000000000e+02
4.374000000000000000e+03
1.064100000000000000e+04
1.088700000000000000e+04
1.351000000000000000e+03
3.930000000000000000e+02
5.022000000000000000e+03
3.740000000000000000e+02
1.030500000000000000e+04
1.290000000000000000e+03
1.602000000000000000e+03
2.091000000000000000e+03
5.082000000000000000e+03
9.193000000000000000e+03
4.103000000000000000e+03
5.104000000000000000e+03
4.082000000000000000e+03
6.892000000000000000e+03
9.935000000000000000e+03
2.631000000000000000e+03
