1.870000000000000000e+03
4.560000000000000000e+02
3.759000000000000000e+03
4.410000000000000000e+02
1.542000000000000000e+03
2.750000000000000000e+02
3.584000000000000000e+03
1.130000000000000000e+02
1.330000000000000000e+02
3.934000000000000000e+03
1.320000000000000000e+03
3.088000000000000000e+03
3.240000000000000000e+02
1.171000000000000000e+03
2.530000000000000000e+02
7.710000000000000000e+02
2.642000000000000000e+03
1.868000000000000000e+03
3.400000000000000000e+02
8.140000000000000000e+02
3.947000000000000000e+03
5.860000000000000000e+02
1.786000000000000000e+03
2.282000000000000000e+03
9.800000000000000000e+02
4.900000000000000000e+02
4.820000000000000000e+02
1.748000000000000000e+03
8.900000000000000000e+01
1.585000000000000000e+03
1.145000000000000000e+03
3.818000000000000000e+03
2.604000000000000000e+03
1.429000000000000000e+03
3.211000000000000000e+03
3.158000000000000000e+03
4.198000000000000000e+03
9.500000000000000000e+01
1.320000000000000000e+02
3.012000000000000000e+03
3.581000000000000000e+03
3.700000000000000000e+02
1.651000000000000000e+03
1.012000000000000000e+03
2.393000000000000000e+03
5.220000000000000000e+02
1.422000000000000000e+03
1.775000000000000000e+03
4.297000000000000000e+03
2.961000000000000000e+03
