1.870000000000000000e+03
7.530000000000000000e+02
3.300000000000000000e+01
2.910000000000000000e+02
3.610000000000000000e+02
3.454000000000000000e+03
5.080000000000000000e+02
1.310000000000000000e+02
3.513000000000000000e+03
4.110000000000000000e+02
5.300000000000000000e+01
1.671000000000000000e+03
3.671000000000000000e+03
2.680000000000000000e+02
4.369000000000000000e+03
3.530000000000000000e+02
1.652000000000000000e+03
1.867000000000000000e+03
3.762000000000000000e+03
4.250000000000000000e+02
4.235000000000000000e+03
2.650000000000000000e+03
2.355000000000000000e+03
3.305000000000000000e+03
3.698000000000000000e+03
9.500000000000000000e+01
2.800000000000000000e+01
3.210000000000000000e+02
2.039000000000000000e+03
3.542000000000000000e+03
2.430000000000000000e+02
1.814000000000000000e+03
2.617000000000000000e+03
2.092000000000000000e+03
3.666000000000000000e+03
4.100000000000000000e+01
3.706000000000000000e+03
1.737000000000000000e+03
2.450000000000000000e+02
2.227000000000000000e+03
2.420000000000000000e+02
3.326000000000000000e+03
4.386000000000000000e+03
8.200000000000000000e+01
1.681000000000000000e+03
1.813000000000000000e+03
1.175000000000000000e+03
1.180000000000000000e+02
9.020000000000000000e+02
3.614000000000000000e+03
