1.870000000000000000e+03
2.120000000000000000e+02
2.000000000000000000e+00
3.210000000000000000e+02
7.380000000000000000e+02
8.990000000000000000e+02
3.329000000000000000e+03
2.085000000000000000e+03
1.598000000000000000e+03
1.700000000000000000e+02
4.150000000000000000e+02
1.794000000000000000e+03
1.850000000000000000e+02
3.740000000000000000e+02
4.386000000000000000e+03
2.528000000000000000e+03
9.180000000000000000e+02
2.029000000000000000e+03
1.270000000000000000e+02
9.590000000000000000e+02
2.959000000000000000e+03
3.650000000000000000e+02
3.927000000000000000e+03
3.407000000000000000e+03
4.000000000000000000e+01
4.650000000000000000e+02
3.158000000000000000e+03
5.200000000000000000e+01
3.707000000000000000e+03
4.422000000000000000e+03
5.160000000000000000e+02
6.790000000000000000e+02
1.304000000000000000e+03
1.438000000000000000e+03
9.500000000000000000e+01
3.930000000000000000e+02
1.210000000000000000e+02
7.390000000000000000e+02
1.131000000000000000e+03
4.820000000000000000e+02
3.384000000000000000e+03
4.240000000000000000e+03
7.290000000000000000e+02
1.267000000000000000e+03
4.260000000000000000e+02
6.190000000000000000e+02
3.901000000000000000e+03
1.931000000000000000e+03
8.000000000000000000e+00
3.720000000000000000e+02
