9.100000000000000000e+01
1.650000000000000000e+02
6.900000000000000000e+01
1.470000000000000000e+02
4.900000000000000000e+01
1.350000000000000000e+02
6.400000000000000000e+01
2.000000000000000000e+00
9.600000000000000000e+01
1.620000000000000000e+02
7.800000000000000000e+01
5.800000000000000000e+01
9.800000000000000000e+01
1.280000000000000000e+02
9.000000000000000000e+00
8.200000000000000000e+01
1.480000000000000000e+02
1.370000000000000000e+02
3.000000000000000000e+00
4.200000000000000000e+01
5.700000000000000000e+01
1.400000000000000000e+02
1.130000000000000000e+02
5.000000000000000000e+01
3.500000000000000000e+01
1.290000000000000000e+02
1.610000000000000000e+02
8.400000000000000000e+01
1.600000000000000000e+01
6.700000000000000000e+01
1.000000000000000000e+02
3.600000000000000000e+01
1.150000000000000000e+02
1.310000000000000000e+02
6.300000000000000000e+01
1.100000000000000000e+01
1.230000000000000000e+02
1.510000000000000000e+02
7.000000000000000000e+01
9.700000000000000000e+01
4.000000000000000000e+01
9.400000000000000000e+01
1.260000000000000000e+02
8.600000000000000000e+01
1.500000000000000000e+02
6.200000000000000000e+01
3.700000000000000000e+01
4.100000000000000000e+01
7.500000000000000000e+01
1.380000000000000000e+02
