8.960000000000000000e+02
1.730000000000000000e+02
1.990000000000000000e+02
1.740000000000000000e+02
3.520000000000000000e+02
5.160000000000000000e+02
1.440000000000000000e+02
1.770000000000000000e+02
1.800000000000000000e+02
1.780000000000000000e+02
2.450000000000000000e+02
1.450000000000000000e+02
3.530000000000000000e+02
2.060000000000000000e+02
1.960000000000000000e+02
2.380000000000000000e+02
2.050000000000000000e+02
2.690000000000000000e+02
3.840000000000000000e+02
3.010000000000000000e+02
3.000000000000000000e+02
2.080000000000000000e+02
7.080000000000000000e+02
8.640000000000000000e+02
8.970000000000000000e+02
2.560000000000000000e+02
2.370000000000000000e+02
1.310000000000000000e+02
5.150000000000000000e+02
3.240000000000000000e+02
2.130000000000000000e+02
2.090000000000000000e+02
2.990000000000000000e+02
3.490000000000000000e+02
3.330000000000000000e+02
3.850000000000000000e+02
2.240000000000000000e+02
2.160000000000000000e+02
4.840000000000000000e+02
4.160000000000000000e+02
2.880000000000000000e+02
1.670000000000000000e+02
3.200000000000000000e+02
1.760000000000000000e+02
1.640000000000000000e+02
8.650000000000000000e+02
5.480000000000000000e+02
1.280000000000000000e+02
7.360000000000000000e+02
7.680000000000000000e+02
