6.966000000000000000e+03
6.964000000000000000e+03
6.854000000000000000e+03
6.965000000000000000e+03
7.190000000000000000e+03
6.853000000000000000e+03
7.077000000000000000e+03
7.900000000000000000e+02
7.076000000000000000e+03
8.515000000000000000e+03
6.967000000000000000e+03
9.755000000000000000e+03
8.854000000000000000e+03
9.857000000000000000e+03
9.864000000000000000e+03
3.390000000000000000e+02
9.000000000000000000e+02
1.019400000000000000e+04
6.293000000000000000e+03
7.078000000000000000e+03
9.751000000000000000e+03
8.966000000000000000e+03
6.629000000000000000e+03
6.294000000000000000e+03
6.292000000000000000e+03
5.845000000000000000e+03
5.000000000000000000e+00
2.250000000000000000e+02
6.855000000000000000e+03
9.297000000000000000e+03
2.300000000000000000e+02
6.000000000000000000e+00
6.963000000000000000e+03
6.780000000000000000e+02
9.524000000000000000e+03
8.517000000000000000e+03
9.975000000000000000e+03
6.404000000000000000e+03
6.405000000000000000e+03
6.516000000000000000e+03
3.400000000000000000e+02
7.840000000000000000e+02
1.260000000000000000e+02
6.741000000000000000e+03
9.976000000000000000e+03
6.517000000000000000e+03
9.861000000000000000e+03
9.971000000000000000e+03
6.852000000000000000e+03
6.630000000000000000e+03
