5.234000000000000000e+03
4.652000000000000000e+03
2.013000000000000000e+03
2.665000000000000000e+03
3.335000000000000000e+03
4.517000000000000000e+03
2.717000000000000000e+03
4.944000000000000000e+03
2.232000000000000000e+03
5.380000000000000000e+03
3.745000000000000000e+03
3.592000000000000000e+03
2.643000000000000000e+03
2.068000000000000000e+03
3.598000000000000000e+03
4.736000000000000000e+03
2.138000000000000000e+03
5.256000000000000000e+03
3.570000000000000000e+03
1.870000000000000000e+02
4.202000000000000000e+03
2.664000000000000000e+03
1.771000000000000000e+03
5.400000000000000000e+01
2.543000000000000000e+03
4.264000000000000000e+03
4.425000000000000000e+03
8.480000000000000000e+02
5.088000000000000000e+03
4.260000000000000000e+02
1.560000000000000000e+03
4.348000000000000000e+03
2.120000000000000000e+02
8.120000000000000000e+02
3.760000000000000000e+02
1.157000000000000000e+03
3.803000000000000000e+03
4.306000000000000000e+03
3.350000000000000000e+02
1.264000000000000000e+03
2.075000000000000000e+03
1.299000000000000000e+03
9.000000000000000000e+01
3.672000000000000000e+03
5.189000000000000000e+03
1.291000000000000000e+03
1.680000000000000000e+02
2.730000000000000000e+02
5.075000000000000000e+03
1.590000000000000000e+02
