4.652000000000000000e+03
2.717000000000000000e+03
5.234000000000000000e+03
5.380000000000000000e+03
4.517000000000000000e+03
2.013000000000000000e+03
2.665000000000000000e+03
3.592000000000000000e+03
3.598000000000000000e+03
3.745000000000000000e+03
4.736000000000000000e+03
4.944000000000000000e+03
4.306000000000000000e+03
2.643000000000000000e+03
3.570000000000000000e+03
2.068000000000000000e+03
1.771000000000000000e+03
2.232000000000000000e+03
4.202000000000000000e+03
2.653000000000000000e+03
5.256000000000000000e+03
4.264000000000000000e+03
5.400000000000000000e+01
3.760000000000000000e+02
2.664000000000000000e+03
3.335000000000000000e+03
1.590000000000000000e+02
1.870000000000000000e+02
4.260000000000000000e+02
4.455000000000000000e+03
5.088000000000000000e+03
5.189000000000000000e+03
1.157000000000000000e+03
3.672000000000000000e+03
9.000000000000000000e+01
2.674000000000000000e+03
8.550000000000000000e+02
2.543000000000000000e+03
3.270000000000000000e+02
2.730000000000000000e+02
2.576000000000000000e+03
5.173000000000000000e+03
5.075000000000000000e+03
2.120000000000000000e+02
3.803000000000000000e+03
3.350000000000000000e+02
2.138000000000000000e+03
1.736000000000000000e+03
3.577000000000000000e+03
1.291000000000000000e+03
