1.927000000000000000e+03
1.805000000000000000e+03
1.866000000000000000e+03
1.865000000000000000e+03
1.082000000000000000e+03
9.020000000000000000e+02
1.926000000000000000e+03
1.924000000000000000e+03
1.024000000000000000e+03
9.010000000000000000e+02
1.022000000000000000e+03
9.610000000000000000e+02
9.640000000000000000e+02
1.081000000000000000e+03
9.620000000000000000e+02
1.745000000000000000e+03
8.410000000000000000e+02
1.863000000000000000e+03
8.420000000000000000e+02
1.021000000000000000e+03
2.107000000000000000e+03
1.324000000000000000e+03
1.084000000000000000e+03
1.142000000000000000e+03
1.202000000000000000e+03
9.000000000000000000e+02
9.030000000000000000e+02
1.203000000000000000e+03
1.867000000000000000e+03
1.925000000000000000e+03
9.630000000000000000e+02
2.045000000000000000e+03
9.600000000000000000e+02
1.385000000000000000e+03
1.263000000000000000e+03
1.864000000000000000e+03
1.624000000000000000e+03
8.430000000000000000e+02
1.746000000000000000e+03
2.171000000000000000e+03
2.169000000000000000e+03
1.023000000000000000e+03
7.800000000000000000e+02
1.323000000000000000e+03
1.143000000000000000e+03
7.210000000000000000e+02
1.868000000000000000e+03
7.830000000000000000e+02
1.806000000000000000e+03
1.204000000000000000e+03
