9.020000000000000000e+02
1.022000000000000000e+03
9.010000000000000000e+02
1.082000000000000000e+03
8.420000000000000000e+02
1.805000000000000000e+03
9.620000000000000000e+02
1.924000000000000000e+03
1.084000000000000000e+03
9.610000000000000000e+02
1.024000000000000000e+03
9.640000000000000000e+02
1.142000000000000000e+03
1.081000000000000000e+03
1.926000000000000000e+03
1.866000000000000000e+03
1.203000000000000000e+03
1.865000000000000000e+03
2.107000000000000000e+03
6.610000000000000000e+02
1.021000000000000000e+03
1.202000000000000000e+03
8.410000000000000000e+02
1.023000000000000000e+03
1.263000000000000000e+03
1.863000000000000000e+03
1.323000000000000000e+03
9.000000000000000000e+02
1.143000000000000000e+03
9.030000000000000000e+02
7.810000000000000000e+02
9.630000000000000000e+02
1.324000000000000000e+03
1.927000000000000000e+03
7.820000000000000000e+02
7.210000000000000000e+02
7.230000000000000000e+02
2.046000000000000000e+03
1.083000000000000000e+03
1.266000000000000000e+03
2.045000000000000000e+03
8.430000000000000000e+02
1.745000000000000000e+03
2.169000000000000000e+03
1.385000000000000000e+03
7.800000000000000000e+02
7.830000000000000000e+02
8.440000000000000000e+02
1.020000000000000000e+03
7.220000000000000000e+02
