1.120100000000000000e+04
6.030000000000000000e+03
1.311000000000000000e+03
8.093000000000000000e+03
8.281000000000000000e+03
8.916000000000000000e+03
7.003000000000000000e+03
7.672000000000000000e+03
6.298000000000000000e+03
9.406000000000000000e+03
8.320000000000000000e+03
9.477000000000000000e+03
8.171000000000000000e+03
7.413000000000000000e+03
8.172000000000000000e+03
6.701000000000000000e+03
5.610000000000000000e+02
8.094000000000000000e+03
1.127100000000000000e+04
6.598000000000000000e+03
7.105000000000000000e+03
9.078000000000000000e+03
1.247500000000000000e+04
4.180000000000000000e+02
1.270000000000000000e+03
9.491000000000000000e+03
3.220000000000000000e+02
3.856000000000000000e+03
8.400000000000000000e+01
1.050000000000000000e+02
8.685000000000000000e+03
1.171800000000000000e+04
1.066900000000000000e+04
5.400000000000000000e+03
5.063000000000000000e+03
2.192000000000000000e+03
7.100000000000000000e+01
1.183300000000000000e+04
5.667000000000000000e+03
6.837000000000000000e+03
9.873000000000000000e+03
5.260000000000000000e+02
7.348000000000000000e+03
1.192500000000000000e+04
1.127000000000000000e+04
3.490000000000000000e+02
8.398000000000000000e+03
7.983000000000000000e+03
1.192300000000000000e+04
4.070000000000000000e+03
