1.070000000000000000e+02
5.000000000000000000e+00
1.500000000000000000e+01
0.000000000000000000e+00
1.560000000000000000e+02
1.400000000000000000e+01
1.630000000000000000e+02
4.400000000000000000e+01
1.460000000000000000e+02
2.700000000000000000e+01
1.040000000000000000e+02
5.200000000000000000e+01
7.500000000000000000e+01
4.300000000000000000e+01
6.500000000000000000e+01
8.500000000000000000e+01
2.900000000000000000e+01
6.200000000000000000e+01
9.200000000000000000e+01
1.700000000000000000e+01
1.620000000000000000e+02
5.100000000000000000e+01
5.500000000000000000e+01
1.180000000000000000e+02
3.600000000000000000e+01
7.400000000000000000e+01
4.600000000000000000e+01
9.400000000000000000e+01
1.200000000000000000e+01
8.100000000000000000e+01
7.600000000000000000e+01
2.300000000000000000e+01
1.160000000000000000e+02
1.640000000000000000e+02
5.300000000000000000e+01
1.080000000000000000e+02
6.000000000000000000e+00
1.250000000000000000e+02
1.060000000000000000e+02
1.010000000000000000e+02
1.190000000000000000e+02
4.500000000000000000e+01
1.150000000000000000e+02
7.700000000000000000e+01
5.600000000000000000e+01
1.510000000000000000e+02
3.900000000000000000e+01
1.200000000000000000e+02
6.400000000000000000e+01
1.450000000000000000e+02
