1.022000000000000000e+03
1.926000000000000000e+03
1.188000000000000000e+03
1.645000000000000000e+03
2.125000000000000000e+03
7.430000000000000000e+02
1.244000000000000000e+03
2.366000000000000000e+03
1.422000000000000000e+03
2.057000000000000000e+03
1.522000000000000000e+03
1.760000000000000000e+03
7.440000000000000000e+02
8.840000000000000000e+02
8.160000000000000000e+02
1.364000000000000000e+03
3.870000000000000000e+02
1.937000000000000000e+03
6.840000000000000000e+02
8.230000000000000000e+02
8.030000000000000000e+02
2.369000000000000000e+03
4.420000000000000000e+02
1.583000000000000000e+03
1.184000000000000000e+03
2.245000000000000000e+03
2.123000000000000000e+03
1.517000000000000000e+03
1.483000000000000000e+03
2.207000000000000000e+03
1.644000000000000000e+03
1.368000000000000000e+03
1.876000000000000000e+03
1.482000000000000000e+03
1.824000000000000000e+03
2.850000000000000000e+02
8.630000000000000000e+02
3.840000000000000000e+02
1.424000000000000000e+03
9.780000000000000000e+02
8.850000000000000000e+02
1.245000000000000000e+03
5.650000000000000000e+02
1.761000000000000000e+03
1.672000000000000000e+03
2.060000000000000000e+03
1.304000000000000000e+03
8.200000000000000000e+01
1.362000000000000000e+03
8.610000000000000000e+02
