[20, 24, 41, 46, 47, 61, 68, 69, 70, 77, 87, ]
[0, 15, 23, 24, 36, 45, 47, 52, 62, 66, 75, 82, 87, ]
[0, 7, 12, 14, 18, 19, 21, 24, 25, 30, 49, 55, 56, 59, 64, 71, 75, 77, 86, ]
[0, 15, 23, 24, 36, 45, 47, 52, 62, 66, 75, 82, 87, ]
[20, 24, 41, 46, 47, 61, 68, 69, 70, 77, 87, ]
[0, 15, 23, 24, 36, 45, 47, 52, 62, 66, 75, 82, 87, ]
[0, 15, 23, 24, 36, 45, 47, 52, 62, 66, 75, 82, 87, ]
[5, 7, 8, 13, 15, 16, 18, 22, 24, 26, 27, 29, 32, 33, 37, 38, 43, 45, 48, 52, 53, 56, 57, 62, 64, 65, 66, 72, 81, 83, 85, ]
[0, 15, 23, 24, 36, 45, 47, 52, 62, 66, 75, 82, 87, ]
[1, 2, 4, 5, 7, 21, 44, 46, 51, 55, 56, 57, 60, 61, 64, 65, 71, 74, 79, 82, 85, ]
[1, 4, 5, 7, 9, 15, 16, 19, 22, 34, 50, 53, 54, 67, 69, 74, 78, 84, 85, 86, 88, ]
[1, 2, 4, 5, 7, 21, 44, 46, 51, 55, 56, 57, 60, 61, 64, 65, 71, 74, 79, 82, 85, ]
[0, 7, 12, 14, 18, 19, 21, 24, 25, 30, 49, 55, 56, 59, 64, 71, 75, 77, 86, ]
[0, 15, 23, 24, 36, 45, 47, 52, 62, 66, 75, 82, 87, ]
[4, 6, 7, 10, 13, 16, 18, 22, 23, 28, 29, 33, 51, 54, 58, 62, 64, 65, 71, 72, 81, 83, 85, ]