7.768000000000000000e+03
3.113000000000000000e+03
8.190000000000000000e+03
3.263000000000000000e+03
7.550000000000000000e+03
7.207000000000000000e+03
9.720000000000000000e+02
6.454000000000000000e+03
4.682000000000000000e+03
6.074000000000000000e+03
1.560000000000000000e+03
5.673000000000000000e+03
2.630000000000000000e+02
3.044000000000000000e+03
6.594000000000000000e+03
3.795000000000000000e+03
8.295000000000000000e+03
7.999000000000000000e+03
4.127000000000000000e+03
9.261000000000000000e+03
2.934000000000000000e+03
1.457000000000000000e+03
5.420000000000000000e+03
6.590000000000000000e+02
8.550000000000000000e+02
5.967000000000000000e+03
3.580000000000000000e+03
1.100700000000000000e+04
3.291000000000000000e+03
4.706000000000000000e+03
2.183000000000000000e+03
3.643000000000000000e+03
2.388000000000000000e+03
2.159000000000000000e+03
7.718000000000000000e+03
3.931000000000000000e+03
2.939000000000000000e+03
1.057700000000000000e+04
1.051700000000000000e+04
8.463000000000000000e+03
3.417000000000000000e+03
3.970000000000000000e+03
8.619000000000000000e+03
8.898000000000000000e+03
3.416000000000000000e+03
5.224000000000000000e+03
1.064000000000000000e+03
4.222000000000000000e+03
4.685000000000000000e+03
1.050500000000000000e+04
