6.966000000000000000e+03
5.440000000000000000e+02
8.393000000000000000e+03
4.529000000000000000e+03
2.963000000000000000e+03
7.815000000000000000e+03
8.051000000000000000e+03
3.857000000000000000e+03
7.877000000000000000e+03
8.055000000000000000e+03
5.210000000000000000e+03
4.640000000000000000e+03
8.775000000000000000e+03
1.163000000000000000e+03
4.236000000000000000e+03
5.461000000000000000e+03
4.228000000000000000e+03
6.358000000000000000e+03
7.773000000000000000e+03
3.782000000000000000e+03
3.015000000000000000e+03
4.347000000000000000e+03
4.417000000000000000e+03
4.331000000000000000e+03
5.662000000000000000e+03
5.099000000000000000e+03
8.276000000000000000e+03
5.427000000000000000e+03
4.869000000000000000e+03
4.124000000000000000e+03
4.528000000000000000e+03
4.452000000000000000e+03
8.445000000000000000e+03
4.795000000000000000e+03
7.878000000000000000e+03
5.236000000000000000e+03
5.239000000000000000e+03
3.893000000000000000e+03
3.185000000000000000e+03
5.209000000000000000e+03
8.773000000000000000e+03
2.566000000000000000e+03
4.304000000000000000e+03
5.315000000000000000e+03
5.550000000000000000e+03
8.673000000000000000e+03
2.900000000000000000e+03
7.884000000000000000e+03
2.849000000000000000e+03
8.001000000000000000e+03
