4.162000000000000000e+03
2.710000000000000000e+03
4.894000000000000000e+03
1.233000000000000000e+03
3.909000000000000000e+03
5.500000000000000000e+03
2.084000000000000000e+03
3.853000000000000000e+03
4.203000000000000000e+03
4.464000000000000000e+03
5.128000000000000000e+03
2.526000000000000000e+03
4.111000000000000000e+03
3.818000000000000000e+03
3.715000000000000000e+03
2.231000000000000000e+03
4.024000000000000000e+03
3.614000000000000000e+03
4.951000000000000000e+03
3.023000000000000000e+03
3.648000000000000000e+03
2.031000000000000000e+03
1.088000000000000000e+03
4.352000000000000000e+03
4.037000000000000000e+03
3.474000000000000000e+03
1.812000000000000000e+03
3.609000000000000000e+03
3.124000000000000000e+03
2.766000000000000000e+03
4.460000000000000000e+02
8.140000000000000000e+02
3.397000000000000000e+03
2.690000000000000000e+03
2.188000000000000000e+03
3.083000000000000000e+03
5.916000000000000000e+03
1.774000000000000000e+03
1.620000000000000000e+03
5.921000000000000000e+03
3.114000000000000000e+03
2.447000000000000000e+03
1.921000000000000000e+03
5.133000000000000000e+03
4.926000000000000000e+03
3.721000000000000000e+03
1.250000000000000000e+03
5.679000000000000000e+03
2.725000000000000000e+03
3.951000000000000000e+03
