5.234000000000000000e+03
2.717000000000000000e+03
2.691000000000000000e+03
5.079000000000000000e+03
4.084000000000000000e+03
2.909000000000000000e+03
6.660000000000000000e+02
1.428000000000000000e+03
4.061000000000000000e+03
2.433000000000000000e+03
3.108000000000000000e+03
2.518000000000000000e+03
1.311000000000000000e+03
4.743000000000000000e+03
2.497000000000000000e+03
3.767000000000000000e+03
2.998000000000000000e+03
2.314000000000000000e+03
4.867000000000000000e+03
3.627000000000000000e+03
2.490000000000000000e+02
1.075000000000000000e+03
4.460000000000000000e+02
1.310000000000000000e+03
3.606000000000000000e+03
7.410000000000000000e+02
3.056000000000000000e+03
2.092000000000000000e+03
4.131000000000000000e+03
1.882000000000000000e+03
2.106000000000000000e+03
3.031000000000000000e+03
3.160000000000000000e+02
3.994000000000000000e+03
1.387000000000000000e+03
4.859000000000000000e+03
1.304000000000000000e+03
2.966000000000000000e+03
4.576000000000000000e+03
5.421000000000000000e+03
1.344000000000000000e+03
3.827000000000000000e+03
3.420000000000000000e+02
3.060000000000000000e+03
2.377000000000000000e+03
3.381000000000000000e+03
3.167000000000000000e+03
8.980000000000000000e+02
2.492000000000000000e+03
5.324000000000000000e+03
