4.652000000000000000e+03
5.113000000000000000e+03
4.229000000000000000e+03
5.033000000000000000e+03
4.623000000000000000e+03
4.460000000000000000e+02
2.518000000000000000e+03
4.084000000000000000e+03
3.082000000000000000e+03
5.072000000000000000e+03
3.177000000000000000e+03
1.075000000000000000e+03
1.387000000000000000e+03
3.108000000000000000e+03
2.998000000000000000e+03
1.310000000000000000e+03
5.960000000000000000e+02
3.994000000000000000e+03
1.311000000000000000e+03
2.909000000000000000e+03
1.344000000000000000e+03
4.867000000000000000e+03
2.314000000000000000e+03
2.966000000000000000e+03
2.433000000000000000e+03
3.593000000000000000e+03
1.238000000000000000e+03
3.031000000000000000e+03
5.354000000000000000e+03
5.535000000000000000e+03
4.743000000000000000e+03
3.767000000000000000e+03
2.106000000000000000e+03
3.606000000000000000e+03
3.420000000000000000e+02
3.056000000000000000e+03
4.859000000000000000e+03
3.175000000000000000e+03
3.160000000000000000e+02
1.882000000000000000e+03
2.996000000000000000e+03
4.061000000000000000e+03
4.063000000000000000e+03
3.484000000000000000e+03
3.783000000000000000e+03
7.410000000000000000e+02
2.507000000000000000e+03
5.421000000000000000e+03
5.512000000000000000e+03
1.304000000000000000e+03
