1.082000000000000000e+03
1.865000000000000000e+03
1.798000000000000000e+03
1.521000000000000000e+03
2.057000000000000000e+03
1.522000000000000000e+03
2.366000000000000000e+03
1.422000000000000000e+03
1.937000000000000000e+03
1.760000000000000000e+03
2.055000000000000000e+03
1.824000000000000000e+03
1.523000000000000000e+03
1.553000000000000000e+03
1.643000000000000000e+03
8.230000000000000000e+02
1.362000000000000000e+03
2.123000000000000000e+03
2.217000000000000000e+03
1.559000000000000000e+03
1.644000000000000000e+03
1.355000000000000000e+03
1.704000000000000000e+03
2.323000000000000000e+03
2.363000000000000000e+03
1.938000000000000000e+03
1.971000000000000000e+03
7.430000000000000000e+02
1.184000000000000000e+03
5.650000000000000000e+02
7.440000000000000000e+02
8.570000000000000000e+02
8.160000000000000000e+02
2.850000000000000000e+02
3.870000000000000000e+02
8.030000000000000000e+02
1.368000000000000000e+03
8.400000000000000000e+01
1.244000000000000000e+03
1.240000000000000000e+03
2.369000000000000000e+03
8.850000000000000000e+02
3.840000000000000000e+02
2.245000000000000000e+03
1.578000000000000000e+03
2.277000000000000000e+03
1.364000000000000000e+03
4.420000000000000000e+02
1.583000000000000000e+03
1.378000000000000000e+03
