1.120000000000000000e+02
1.370000000000000000e+02
4.000000000000000000e+01
5.600000000000000000e+01
6.700000000000000000e+01
7.100000000000000000e+01
8.100000000000000000e+01
8.200000000000000000e+01
8.700000000000000000e+01
9.200000000000000000e+01
9.600000000000000000e+01
9.700000000000000000e+01
1.010000000000000000e+02
1.020000000000000000e+02
1.070000000000000000e+02
1.110000000000000000e+02
1.130000000000000000e+02
1.160000000000000000e+02
1.170000000000000000e+02
1.260000000000000000e+02
1.270000000000000000e+02
1.280000000000000000e+02
1.320000000000000000e+02
1.410000000000000000e+02
1.420000000000000000e+02
1.430000000000000000e+02
1.470000000000000000e+02
1.570000000000000000e+02
2.050000000000000000e+02
2.170000000000000000e+02
2.180000000000000000e+02
