3.115000000000000000e+03
1.815000000000000000e+03
0.000000000000000000e+00
4.000000000000000000e+00
6.000000000000000000e+00
7.000000000000000000e+00
1.400000000000000000e+01
1.500000000000000000e+01
1.600000000000000000e+01
1.700000000000000000e+01
2.200000000000000000e+01
2.400000000000000000e+01
2.700000000000000000e+01
3.000000000000000000e+01
3.200000000000000000e+01
3.500000000000000000e+01
4.000000000000000000e+01
5.000000000000000000e+01
5.500000000000000000e+01
5.600000000000000000e+01
5.800000000000000000e+01
5.900000000000000000e+01
6.000000000000000000e+01
6.200000000000000000e+01
6.600000000000000000e+01
6.700000000000000000e+01
6.800000000000000000e+01
6.900000000000000000e+01
7.000000000000000000e+01
7.900000000000000000e+01
8.100000000000000000e+01
8.300000000000000000e+01
8.500000000000000000e+01
8.900000000000000000e+01
9.000000000000000000e+01
9.200000000000000000e+01
9.400000000000000000e+01
9.500000000000000000e+01
9.600000000000000000e+01
1.020000000000000000e+02
1.050000000000000000e+02
1.070000000000000000e+02
1.080000000000000000e+02
1.120000000000000000e+02
1.130000000000000000e+02
1.170000000000000000e+02
1.190000000000000000e+02
1.210000000000000000e+02
1.220000000000000000e+02
1.230000000000000000e+02
1.270000000000000000e+02
1.290000000000000000e+02
1.300000000000000000e+02
1.330000000000000000e+02
1.350000000000000000e+02
1.360000000000000000e+02
1.380000000000000000e+02
1.430000000000000000e+02
1.440000000000000000e+02
1.460000000000000000e+02
1.480000000000000000e+02
1.500000000000000000e+02
1.550000000000000000e+02
1.570000000000000000e+02
1.580000000000000000e+02
1.590000000000000000e+02
1.600000000000000000e+02
1.620000000000000000e+02
1.650000000000000000e+02
1.660000000000000000e+02
1.720000000000000000e+02
1.730000000000000000e+02
1.760000000000000000e+02
1.800000000000000000e+02
1.810000000000000000e+02
1.820000000000000000e+02
1.830000000000000000e+02
1.850000000000000000e+02
1.870000000000000000e+02
1.900000000000000000e+02
1.910000000000000000e+02
1.940000000000000000e+02
1.950000000000000000e+02
1.960000000000000000e+02
1.980000000000000000e+02
2.000000000000000000e+02
2.010000000000000000e+02
2.030000000000000000e+02
2.050000000000000000e+02
2.060000000000000000e+02
2.110000000000000000e+02
2.150000000000000000e+02
2.250000000000000000e+02
2.260000000000000000e+02
2.270000000000000000e+02
2.280000000000000000e+02
2.300000000000000000e+02
2.330000000000000000e+02
2.350000000000000000e+02
2.360000000000000000e+02
2.370000000000000000e+02
2.380000000000000000e+02
2.460000000000000000e+02
2.470000000000000000e+02
2.490000000000000000e+02
2.510000000000000000e+02
2.580000000000000000e+02
2.590000000000000000e+02
2.620000000000000000e+02
2.630000000000000000e+02
2.650000000000000000e+02
2.680000000000000000e+02
2.710000000000000000e+02
2.810000000000000000e+02
2.820000000000000000e+02
2.830000000000000000e+02
2.840000000000000000e+02
2.880000000000000000e+02
2.890000000000000000e+02
2.900000000000000000e+02
2.970000000000000000e+02
3.040000000000000000e+02
3.100000000000000000e+02
3.150000000000000000e+02
3.170000000000000000e+02
3.190000000000000000e+02
3.210000000000000000e+02
3.250000000000000000e+02
3.270000000000000000e+02
3.290000000000000000e+02
3.310000000000000000e+02
3.330000000000000000e+02
3.340000000000000000e+02
3.380000000000000000e+02
3.400000000000000000e+02
3.410000000000000000e+02
3.460000000000000000e+02
3.470000000000000000e+02
3.540000000000000000e+02
3.600000000000000000e+02
3.610000000000000000e+02
3.630000000000000000e+02
3.640000000000000000e+02
3.680000000000000000e+02
3.700000000000000000e+02
3.710000000000000000e+02
3.820000000000000000e+02
3.840000000000000000e+02
3.860000000000000000e+02
3.870000000000000000e+02
3.900000000000000000e+02
3.930000000000000000e+02
3.940000000000000000e+02
3.970000000000000000e+02
3.990000000000000000e+02
4.010000000000000000e+02
4.020000000000000000e+02
4.070000000000000000e+02
4.140000000000000000e+02
4.150000000000000000e+02
4.210000000000000000e+02
4.240000000000000000e+02
4.250000000000000000e+02
4.330000000000000000e+02
4.380000000000000000e+02
4.390000000000000000e+02
4.400000000000000000e+02
4.410000000000000000e+02
4.430000000000000000e+02
4.520000000000000000e+02
4.580000000000000000e+02
4.600000000000000000e+02
4.620000000000000000e+02
4.650000000000000000e+02
4.680000000000000000e+02
4.690000000000000000e+02
4.740000000000000000e+02
4.760000000000000000e+02
4.770000000000000000e+02
4.800000000000000000e+02
4.910000000000000000e+02
4.940000000000000000e+02
4.960000000000000000e+02
4.970000000000000000e+02
4.980000000000000000e+02
5.020000000000000000e+02
5.040000000000000000e+02
5.050000000000000000e+02
5.060000000000000000e+02
5.070000000000000000e+02
5.080000000000000000e+02
5.100000000000000000e+02
5.180000000000000000e+02
5.220000000000000000e+02
5.240000000000000000e+02
5.340000000000000000e+02
5.380000000000000000e+02
5.440000000000000000e+02
5.460000000000000000e+02
5.490000000000000000e+02
5.500000000000000000e+02
5.520000000000000000e+02
5.530000000000000000e+02
5.540000000000000000e+02
5.560000000000000000e+02
5.590000000000000000e+02
5.790000000000000000e+02
5.800000000000000000e+02
5.820000000000000000e+02
5.850000000000000000e+02
5.870000000000000000e+02
5.890000000000000000e+02
5.910000000000000000e+02
5.940000000000000000e+02
5.980000000000000000e+02
5.990000000000000000e+02
6.000000000000000000e+02
6.020000000000000000e+02
6.040000000000000000e+02
6.070000000000000000e+02
6.100000000000000000e+02
6.110000000000000000e+02
6.120000000000000000e+02
6.140000000000000000e+02
6.150000000000000000e+02
6.160000000000000000e+02
6.190000000000000000e+02
6.200000000000000000e+02
6.210000000000000000e+02
6.220000000000000000e+02
6.230000000000000000e+02
6.240000000000000000e+02
6.260000000000000000e+02
6.270000000000000000e+02
6.320000000000000000e+02
6.330000000000000000e+02
6.350000000000000000e+02
6.400000000000000000e+02
6.420000000000000000e+02
6.450000000000000000e+02
6.490000000000000000e+02
6.520000000000000000e+02
6.540000000000000000e+02
6.560000000000000000e+02
6.620000000000000000e+02
6.630000000000000000e+02
6.640000000000000000e+02
6.650000000000000000e+02
6.660000000000000000e+02
6.720000000000000000e+02
6.730000000000000000e+02
6.740000000000000000e+02
6.750000000000000000e+02
6.770000000000000000e+02
6.780000000000000000e+02
6.820000000000000000e+02
6.850000000000000000e+02
6.880000000000000000e+02
6.900000000000000000e+02
6.920000000000000000e+02
6.930000000000000000e+02
6.940000000000000000e+02
6.970000000000000000e+02
7.010000000000000000e+02
7.020000000000000000e+02
7.030000000000000000e+02
7.090000000000000000e+02
7.100000000000000000e+02
7.120000000000000000e+02
7.130000000000000000e+02
7.140000000000000000e+02
7.220000000000000000e+02
7.230000000000000000e+02
7.280000000000000000e+02
7.290000000000000000e+02
7.320000000000000000e+02
7.340000000000000000e+02
7.350000000000000000e+02
7.390000000000000000e+02
7.410000000000000000e+02
7.460000000000000000e+02
7.480000000000000000e+02
7.500000000000000000e+02
7.530000000000000000e+02
7.540000000000000000e+02
7.550000000000000000e+02
7.570000000000000000e+02
7.630000000000000000e+02
7.660000000000000000e+02
7.690000000000000000e+02
7.740000000000000000e+02
7.780000000000000000e+02
7.810000000000000000e+02
7.830000000000000000e+02
7.840000000000000000e+02
7.850000000000000000e+02
7.860000000000000000e+02
7.880000000000000000e+02
7.890000000000000000e+02
7.920000000000000000e+02
7.930000000000000000e+02
7.960000000000000000e+02
7.970000000000000000e+02
7.980000000000000000e+02
8.020000000000000000e+02
8.050000000000000000e+02
8.060000000000000000e+02
8.120000000000000000e+02
8.130000000000000000e+02
8.140000000000000000e+02
8.150000000000000000e+02
8.160000000000000000e+02
8.200000000000000000e+02
8.220000000000000000e+02
8.260000000000000000e+02
8.270000000000000000e+02
8.310000000000000000e+02
8.350000000000000000e+02
8.380000000000000000e+02
8.390000000000000000e+02
8.410000000000000000e+02
8.420000000000000000e+02
8.460000000000000000e+02
8.480000000000000000e+02
8.570000000000000000e+02
8.620000000000000000e+02
8.630000000000000000e+02
8.680000000000000000e+02
8.690000000000000000e+02
8.700000000000000000e+02
8.720000000000000000e+02
8.750000000000000000e+02
8.820000000000000000e+02
8.840000000000000000e+02
8.870000000000000000e+02
8.890000000000000000e+02
8.900000000000000000e+02
9.000000000000000000e+02
9.010000000000000000e+02
9.040000000000000000e+02
9.060000000000000000e+02
9.080000000000000000e+02
9.090000000000000000e+02
9.130000000000000000e+02
9.140000000000000000e+02
9.170000000000000000e+02
9.240000000000000000e+02
9.250000000000000000e+02
9.320000000000000000e+02
9.330000000000000000e+02
9.340000000000000000e+02
9.350000000000000000e+02
9.400000000000000000e+02
9.440000000000000000e+02
9.460000000000000000e+02
9.480000000000000000e+02
9.500000000000000000e+02
9.560000000000000000e+02
9.580000000000000000e+02
9.610000000000000000e+02
9.620000000000000000e+02
9.640000000000000000e+02
9.660000000000000000e+02
9.670000000000000000e+02
9.700000000000000000e+02
9.750000000000000000e+02
9.830000000000000000e+02
9.840000000000000000e+02
9.860000000000000000e+02
9.900000000000000000e+02
9.930000000000000000e+02
9.970000000000000000e+02
1.004000000000000000e+03
1.005000000000000000e+03
1.006000000000000000e+03
1.008000000000000000e+03
1.009000000000000000e+03
1.016000000000000000e+03
1.017000000000000000e+03
1.018000000000000000e+03
1.019000000000000000e+03
1.020000000000000000e+03
1.021000000000000000e+03
1.025000000000000000e+03
1.027000000000000000e+03
1.029000000000000000e+03
1.030000000000000000e+03
1.031000000000000000e+03
1.034000000000000000e+03
1.035000000000000000e+03
1.037000000000000000e+03
1.038000000000000000e+03
1.039000000000000000e+03
1.042000000000000000e+03
1.047000000000000000e+03
1.051000000000000000e+03
1.052000000000000000e+03
1.056000000000000000e+03
1.057000000000000000e+03
1.060000000000000000e+03
1.061000000000000000e+03
1.064000000000000000e+03
1.070000000000000000e+03
1.074000000000000000e+03
1.078000000000000000e+03
1.079000000000000000e+03
1.088000000000000000e+03
1.089000000000000000e+03
1.090000000000000000e+03
1.091000000000000000e+03
1.092000000000000000e+03
1.094000000000000000e+03
1.100000000000000000e+03
1.102000000000000000e+03
1.103000000000000000e+03
1.116000000000000000e+03
1.117000000000000000e+03
1.118000000000000000e+03
1.121000000000000000e+03
1.127000000000000000e+03
1.132000000000000000e+03
1.134000000000000000e+03
1.136000000000000000e+03
1.137000000000000000e+03
1.138000000000000000e+03
1.141000000000000000e+03
1.142000000000000000e+03
1.144000000000000000e+03
1.145000000000000000e+03
1.146000000000000000e+03
1.149000000000000000e+03
1.158000000000000000e+03
1.161000000000000000e+03
1.164000000000000000e+03
1.165000000000000000e+03
1.174000000000000000e+03
1.177000000000000000e+03
1.179000000000000000e+03
1.180000000000000000e+03
1.185000000000000000e+03
1.189000000000000000e+03
1.191000000000000000e+03
1.192000000000000000e+03
1.194000000000000000e+03
1.197000000000000000e+03
1.199000000000000000e+03
1.204000000000000000e+03
1.210000000000000000e+03
1.211000000000000000e+03
1.217000000000000000e+03
1.218000000000000000e+03
1.220000000000000000e+03
1.221000000000000000e+03
1.227000000000000000e+03
1.229000000000000000e+03
1.230000000000000000e+03
1.232000000000000000e+03
1.233000000000000000e+03
1.235000000000000000e+03
1.239000000000000000e+03
1.245000000000000000e+03
1.249000000000000000e+03
1.251000000000000000e+03
1.252000000000000000e+03
1.254000000000000000e+03
1.259000000000000000e+03
1.262000000000000000e+03
1.263000000000000000e+03
1.264000000000000000e+03
1.271000000000000000e+03
1.274000000000000000e+03
1.276000000000000000e+03
1.277000000000000000e+03
1.282000000000000000e+03
1.287000000000000000e+03
1.288000000000000000e+03
1.291000000000000000e+03
1.293000000000000000e+03
1.294000000000000000e+03
1.299000000000000000e+03
1.301000000000000000e+03
1.302000000000000000e+03
1.309000000000000000e+03
1.311000000000000000e+03
1.314000000000000000e+03
1.316000000000000000e+03
1.318000000000000000e+03
1.323000000000000000e+03
1.327000000000000000e+03
1.329000000000000000e+03
1.336000000000000000e+03
1.343000000000000000e+03
1.344000000000000000e+03
1.345000000000000000e+03
1.346000000000000000e+03
1.348000000000000000e+03
1.350000000000000000e+03
1.353000000000000000e+03
1.354000000000000000e+03
1.359000000000000000e+03
1.363000000000000000e+03
1.364000000000000000e+03
1.369000000000000000e+03
1.370000000000000000e+03
1.371000000000000000e+03
1.376000000000000000e+03
1.378000000000000000e+03
1.379000000000000000e+03
1.385000000000000000e+03
1.392000000000000000e+03
1.394000000000000000e+03
1.396000000000000000e+03
1.398000000000000000e+03
1.402000000000000000e+03
1.403000000000000000e+03
1.407000000000000000e+03
1.408000000000000000e+03
1.409000000000000000e+03
1.411000000000000000e+03
1.413000000000000000e+03
1.414000000000000000e+03
1.415000000000000000e+03
1.416000000000000000e+03
1.418000000000000000e+03
1.419000000000000000e+03
1.422000000000000000e+03
1.423000000000000000e+03
1.427000000000000000e+03
1.428000000000000000e+03
1.431000000000000000e+03
1.433000000000000000e+03
1.434000000000000000e+03
1.436000000000000000e+03
1.437000000000000000e+03
1.439000000000000000e+03
1.441000000000000000e+03
1.442000000000000000e+03
1.443000000000000000e+03
1.446000000000000000e+03
1.450000000000000000e+03
1.452000000000000000e+03
1.454000000000000000e+03
1.455000000000000000e+03
1.459000000000000000e+03
1.463000000000000000e+03
1.464000000000000000e+03
1.465000000000000000e+03
1.469000000000000000e+03
1.470000000000000000e+03
1.473000000000000000e+03
1.474000000000000000e+03
1.480000000000000000e+03
1.482000000000000000e+03
1.489000000000000000e+03
1.490000000000000000e+03
1.494000000000000000e+03
1.499000000000000000e+03
1.501000000000000000e+03
1.509000000000000000e+03
1.512000000000000000e+03
1.517000000000000000e+03
1.518000000000000000e+03
1.519000000000000000e+03
1.524000000000000000e+03
1.526000000000000000e+03
1.527000000000000000e+03
1.528000000000000000e+03
1.530000000000000000e+03
1.532000000000000000e+03
1.533000000000000000e+03
1.537000000000000000e+03
1.538000000000000000e+03
1.542000000000000000e+03
1.544000000000000000e+03
1.550000000000000000e+03
1.551000000000000000e+03
1.552000000000000000e+03
1.555000000000000000e+03
1.557000000000000000e+03
1.560000000000000000e+03
1.561000000000000000e+03
1.563000000000000000e+03
1.568000000000000000e+03
1.570000000000000000e+03
1.572000000000000000e+03
1.574000000000000000e+03
1.576000000000000000e+03
1.578000000000000000e+03
1.587000000000000000e+03
1.588000000000000000e+03
1.596000000000000000e+03
1.597000000000000000e+03
1.599000000000000000e+03
1.600000000000000000e+03
1.602000000000000000e+03
1.603000000000000000e+03
1.604000000000000000e+03
1.605000000000000000e+03
1.606000000000000000e+03
1.611000000000000000e+03
1.614000000000000000e+03
1.615000000000000000e+03
1.619000000000000000e+03
1.620000000000000000e+03
1.622000000000000000e+03
1.623000000000000000e+03
1.628000000000000000e+03
1.629000000000000000e+03
1.632000000000000000e+03
1.637000000000000000e+03
1.638000000000000000e+03
1.641000000000000000e+03
1.648000000000000000e+03
1.655000000000000000e+03
1.656000000000000000e+03
1.658000000000000000e+03
1.664000000000000000e+03
1.665000000000000000e+03
1.670000000000000000e+03
1.672000000000000000e+03
1.680000000000000000e+03
1.683000000000000000e+03
1.686000000000000000e+03
1.688000000000000000e+03
1.689000000000000000e+03
1.690000000000000000e+03
1.693000000000000000e+03
1.698000000000000000e+03
1.699000000000000000e+03
1.701000000000000000e+03
1.702000000000000000e+03
1.703000000000000000e+03
1.705000000000000000e+03
1.708000000000000000e+03
1.709000000000000000e+03
1.711000000000000000e+03
1.712000000000000000e+03
1.714000000000000000e+03
1.715000000000000000e+03
1.717000000000000000e+03
1.718000000000000000e+03
1.719000000000000000e+03
1.724000000000000000e+03
1.726000000000000000e+03
1.728000000000000000e+03
1.731000000000000000e+03
1.732000000000000000e+03
1.734000000000000000e+03
1.737000000000000000e+03
1.742000000000000000e+03
1.743000000000000000e+03
1.745000000000000000e+03
1.748000000000000000e+03
1.749000000000000000e+03
1.751000000000000000e+03
1.752000000000000000e+03
1.755000000000000000e+03
1.756000000000000000e+03
1.760000000000000000e+03
1.763000000000000000e+03
1.764000000000000000e+03
1.767000000000000000e+03
1.768000000000000000e+03
1.769000000000000000e+03
1.771000000000000000e+03
1.772000000000000000e+03
1.774000000000000000e+03
1.775000000000000000e+03
1.777000000000000000e+03
1.780000000000000000e+03
1.781000000000000000e+03
1.782000000000000000e+03
1.783000000000000000e+03
1.787000000000000000e+03
1.788000000000000000e+03
1.790000000000000000e+03
1.791000000000000000e+03
1.796000000000000000e+03
1.797000000000000000e+03
1.802000000000000000e+03
1.803000000000000000e+03
1.805000000000000000e+03
1.806000000000000000e+03
1.807000000000000000e+03
1.808000000000000000e+03
1.810000000000000000e+03
1.818000000000000000e+03
1.820000000000000000e+03
1.822000000000000000e+03
1.823000000000000000e+03
1.826000000000000000e+03
1.829000000000000000e+03
1.830000000000000000e+03
1.834000000000000000e+03
1.835000000000000000e+03
1.836000000000000000e+03
1.837000000000000000e+03
1.838000000000000000e+03
1.839000000000000000e+03
1.841000000000000000e+03
1.843000000000000000e+03
1.846000000000000000e+03
1.850000000000000000e+03
1.852000000000000000e+03
1.853000000000000000e+03
1.856000000000000000e+03
1.857000000000000000e+03
1.858000000000000000e+03
1.859000000000000000e+03
1.861000000000000000e+03
1.862000000000000000e+03
1.863000000000000000e+03
1.867000000000000000e+03
1.868000000000000000e+03
1.869000000000000000e+03
1.870000000000000000e+03
1.876000000000000000e+03
1.878000000000000000e+03
1.879000000000000000e+03
1.880000000000000000e+03
1.881000000000000000e+03
1.885000000000000000e+03
1.886000000000000000e+03
1.887000000000000000e+03
1.890000000000000000e+03
1.892000000000000000e+03
1.893000000000000000e+03
1.895000000000000000e+03
1.897000000000000000e+03
1.898000000000000000e+03
1.900000000000000000e+03
1.901000000000000000e+03
1.902000000000000000e+03
1.903000000000000000e+03
1.904000000000000000e+03
1.906000000000000000e+03
1.908000000000000000e+03
1.910000000000000000e+03
1.911000000000000000e+03
1.912000000000000000e+03
1.915000000000000000e+03
1.916000000000000000e+03
1.918000000000000000e+03
1.921000000000000000e+03
1.922000000000000000e+03
1.923000000000000000e+03
1.925000000000000000e+03
1.928000000000000000e+03
1.933000000000000000e+03
1.935000000000000000e+03
1.938000000000000000e+03
1.939000000000000000e+03
1.940000000000000000e+03
1.941000000000000000e+03
1.942000000000000000e+03
1.947000000000000000e+03
1.951000000000000000e+03
1.961000000000000000e+03
1.962000000000000000e+03
1.964000000000000000e+03
1.968000000000000000e+03
1.969000000000000000e+03
1.971000000000000000e+03
1.972000000000000000e+03
1.974000000000000000e+03
1.975000000000000000e+03
1.976000000000000000e+03
1.977000000000000000e+03
1.978000000000000000e+03
1.979000000000000000e+03
1.981000000000000000e+03
1.983000000000000000e+03
1.984000000000000000e+03
1.985000000000000000e+03
1.986000000000000000e+03
1.987000000000000000e+03
1.989000000000000000e+03
1.991000000000000000e+03
1.993000000000000000e+03
1.998000000000000000e+03
2.004000000000000000e+03
2.006000000000000000e+03
2.012000000000000000e+03
2.014000000000000000e+03
2.019000000000000000e+03
2.021000000000000000e+03
2.022000000000000000e+03
2.024000000000000000e+03
2.026000000000000000e+03
2.027000000000000000e+03
2.028000000000000000e+03
2.030000000000000000e+03
2.031000000000000000e+03
2.033000000000000000e+03
2.034000000000000000e+03
2.037000000000000000e+03
2.038000000000000000e+03
2.039000000000000000e+03
2.040000000000000000e+03
2.041000000000000000e+03
2.042000000000000000e+03
2.043000000000000000e+03
2.044000000000000000e+03
2.045000000000000000e+03
2.047000000000000000e+03
2.051000000000000000e+03
2.053000000000000000e+03
2.054000000000000000e+03
2.055000000000000000e+03
2.060000000000000000e+03
2.066000000000000000e+03
2.067000000000000000e+03
2.068000000000000000e+03
2.069000000000000000e+03
2.071000000000000000e+03
2.073000000000000000e+03
2.074000000000000000e+03
2.075000000000000000e+03
2.080000000000000000e+03
2.081000000000000000e+03
2.083000000000000000e+03
2.084000000000000000e+03
2.086000000000000000e+03
2.090000000000000000e+03
2.091000000000000000e+03
2.092000000000000000e+03
2.094000000000000000e+03
2.095000000000000000e+03
2.097000000000000000e+03
2.100000000000000000e+03
2.102000000000000000e+03
2.103000000000000000e+03
2.105000000000000000e+03
2.106000000000000000e+03
2.107000000000000000e+03
2.111000000000000000e+03
2.112000000000000000e+03
2.116000000000000000e+03
2.117000000000000000e+03
2.118000000000000000e+03
2.119000000000000000e+03
2.121000000000000000e+03
2.127000000000000000e+03
2.130000000000000000e+03
2.131000000000000000e+03
2.132000000000000000e+03
2.135000000000000000e+03
2.136000000000000000e+03
2.139000000000000000e+03
2.142000000000000000e+03
2.144000000000000000e+03
2.146000000000000000e+03
2.149000000000000000e+03
2.150000000000000000e+03
2.151000000000000000e+03
2.154000000000000000e+03
2.155000000000000000e+03
2.160000000000000000e+03
2.168000000000000000e+03
2.171000000000000000e+03
2.172000000000000000e+03
2.173000000000000000e+03
2.176000000000000000e+03
2.180000000000000000e+03
2.182000000000000000e+03
2.183000000000000000e+03
2.185000000000000000e+03
2.187000000000000000e+03
2.188000000000000000e+03
2.189000000000000000e+03
2.192000000000000000e+03
2.194000000000000000e+03
2.195000000000000000e+03
2.196000000000000000e+03
2.197000000000000000e+03
2.203000000000000000e+03
2.204000000000000000e+03
2.208000000000000000e+03
2.210000000000000000e+03
2.212000000000000000e+03
2.215000000000000000e+03
2.216000000000000000e+03
2.222000000000000000e+03
2.225000000000000000e+03
2.229000000000000000e+03
2.231000000000000000e+03
2.232000000000000000e+03
2.234000000000000000e+03
2.235000000000000000e+03
2.237000000000000000e+03
2.238000000000000000e+03
2.239000000000000000e+03
2.240000000000000000e+03
2.242000000000000000e+03
2.244000000000000000e+03
2.245000000000000000e+03
2.246000000000000000e+03
2.249000000000000000e+03
2.254000000000000000e+03
2.255000000000000000e+03
2.257000000000000000e+03
2.258000000000000000e+03
2.260000000000000000e+03
2.263000000000000000e+03
2.266000000000000000e+03
2.268000000000000000e+03
2.270000000000000000e+03
2.273000000000000000e+03
2.277000000000000000e+03
2.279000000000000000e+03
2.283000000000000000e+03
2.284000000000000000e+03
2.288000000000000000e+03
2.290000000000000000e+03
2.291000000000000000e+03
2.294000000000000000e+03
2.295000000000000000e+03
2.297000000000000000e+03
2.299000000000000000e+03
2.300000000000000000e+03
2.303000000000000000e+03
2.306000000000000000e+03
2.311000000000000000e+03
2.312000000000000000e+03
2.313000000000000000e+03
2.315000000000000000e+03
2.319000000000000000e+03
2.332000000000000000e+03
2.334000000000000000e+03
2.335000000000000000e+03
2.337000000000000000e+03
2.338000000000000000e+03
2.343000000000000000e+03
2.344000000000000000e+03
2.345000000000000000e+03
2.347000000000000000e+03
2.349000000000000000e+03
2.352000000000000000e+03
2.357000000000000000e+03
2.361000000000000000e+03
2.362000000000000000e+03
2.364000000000000000e+03
2.366000000000000000e+03
2.367000000000000000e+03
2.372000000000000000e+03
2.373000000000000000e+03
2.374000000000000000e+03
2.376000000000000000e+03
2.377000000000000000e+03
2.380000000000000000e+03
2.381000000000000000e+03
2.383000000000000000e+03
2.384000000000000000e+03
2.385000000000000000e+03
2.386000000000000000e+03
2.387000000000000000e+03
2.389000000000000000e+03
2.391000000000000000e+03
2.392000000000000000e+03
2.393000000000000000e+03
2.395000000000000000e+03
2.398000000000000000e+03
2.401000000000000000e+03
2.405000000000000000e+03
2.407000000000000000e+03
2.408000000000000000e+03
2.410000000000000000e+03
2.412000000000000000e+03
2.416000000000000000e+03
2.418000000000000000e+03
2.419000000000000000e+03
2.420000000000000000e+03
2.421000000000000000e+03
2.422000000000000000e+03
2.424000000000000000e+03
2.425000000000000000e+03
2.427000000000000000e+03
2.429000000000000000e+03
2.431000000000000000e+03
2.432000000000000000e+03
2.435000000000000000e+03
2.437000000000000000e+03
2.438000000000000000e+03
2.439000000000000000e+03
2.442000000000000000e+03
2.443000000000000000e+03
2.447000000000000000e+03
2.448000000000000000e+03
2.449000000000000000e+03
2.452000000000000000e+03
2.453000000000000000e+03
2.457000000000000000e+03
2.458000000000000000e+03
2.459000000000000000e+03
2.460000000000000000e+03
2.463000000000000000e+03
2.465000000000000000e+03
2.466000000000000000e+03
2.468000000000000000e+03
2.470000000000000000e+03
2.472000000000000000e+03
2.473000000000000000e+03
2.478000000000000000e+03
2.479000000000000000e+03
2.480000000000000000e+03
2.483000000000000000e+03
2.484000000000000000e+03
2.487000000000000000e+03
2.490000000000000000e+03
2.495000000000000000e+03
2.497000000000000000e+03
2.498000000000000000e+03
2.502000000000000000e+03
2.506000000000000000e+03
2.508000000000000000e+03
2.512000000000000000e+03
2.515000000000000000e+03
2.517000000000000000e+03
2.519000000000000000e+03
2.521000000000000000e+03
2.524000000000000000e+03
2.526000000000000000e+03
2.527000000000000000e+03
2.528000000000000000e+03
2.533000000000000000e+03
2.537000000000000000e+03
2.539000000000000000e+03
2.541000000000000000e+03
2.545000000000000000e+03
2.546000000000000000e+03
2.547000000000000000e+03
2.549000000000000000e+03
2.550000000000000000e+03
2.552000000000000000e+03
2.553000000000000000e+03
2.560000000000000000e+03
2.562000000000000000e+03
2.563000000000000000e+03
2.564000000000000000e+03
2.565000000000000000e+03
2.567000000000000000e+03
2.570000000000000000e+03
2.575000000000000000e+03
2.577000000000000000e+03
2.579000000000000000e+03
2.580000000000000000e+03
2.581000000000000000e+03
2.582000000000000000e+03
2.583000000000000000e+03
2.587000000000000000e+03
2.591000000000000000e+03
2.594000000000000000e+03
2.595000000000000000e+03
2.596000000000000000e+03
2.598000000000000000e+03
2.600000000000000000e+03
2.601000000000000000e+03
2.603000000000000000e+03
2.608000000000000000e+03
2.610000000000000000e+03
2.612000000000000000e+03
2.614000000000000000e+03
2.617000000000000000e+03
2.619000000000000000e+03
2.624000000000000000e+03
2.625000000000000000e+03
2.626000000000000000e+03
2.628000000000000000e+03
2.629000000000000000e+03
2.630000000000000000e+03
2.631000000000000000e+03
2.633000000000000000e+03
2.635000000000000000e+03
2.642000000000000000e+03
2.650000000000000000e+03
2.652000000000000000e+03
2.653000000000000000e+03
2.654000000000000000e+03
2.655000000000000000e+03
2.658000000000000000e+03
2.660000000000000000e+03
2.661000000000000000e+03
2.669000000000000000e+03
2.677000000000000000e+03
2.679000000000000000e+03
2.680000000000000000e+03
2.683000000000000000e+03
2.684000000000000000e+03
2.685000000000000000e+03
2.687000000000000000e+03
2.689000000000000000e+03
2.692000000000000000e+03
2.694000000000000000e+03
2.697000000000000000e+03
2.698000000000000000e+03
2.699000000000000000e+03
2.700000000000000000e+03
2.701000000000000000e+03
2.702000000000000000e+03
2.703000000000000000e+03
2.706000000000000000e+03
2.707000000000000000e+03
2.709000000000000000e+03
2.713000000000000000e+03
2.714000000000000000e+03
2.717000000000000000e+03
2.720000000000000000e+03
2.721000000000000000e+03
2.722000000000000000e+03
2.725000000000000000e+03
2.727000000000000000e+03
2.730000000000000000e+03
2.731000000000000000e+03
2.732000000000000000e+03
2.733000000000000000e+03
2.737000000000000000e+03
2.740000000000000000e+03
2.741000000000000000e+03
2.742000000000000000e+03
2.743000000000000000e+03
2.746000000000000000e+03
2.750000000000000000e+03
2.751000000000000000e+03
2.752000000000000000e+03
2.753000000000000000e+03
2.756000000000000000e+03
2.758000000000000000e+03
2.759000000000000000e+03
2.761000000000000000e+03
2.763000000000000000e+03
2.764000000000000000e+03
2.771000000000000000e+03
2.773000000000000000e+03
2.775000000000000000e+03
2.778000000000000000e+03
2.779000000000000000e+03
2.783000000000000000e+03
2.785000000000000000e+03
2.786000000000000000e+03
2.787000000000000000e+03
2.791000000000000000e+03
2.797000000000000000e+03
2.799000000000000000e+03
2.800000000000000000e+03
2.804000000000000000e+03
2.805000000000000000e+03
2.807000000000000000e+03
2.808000000000000000e+03
2.810000000000000000e+03
2.811000000000000000e+03
2.815000000000000000e+03
2.817000000000000000e+03
2.818000000000000000e+03
2.819000000000000000e+03
2.820000000000000000e+03
2.822000000000000000e+03
2.823000000000000000e+03
2.824000000000000000e+03
2.825000000000000000e+03
2.826000000000000000e+03
2.827000000000000000e+03
2.835000000000000000e+03
2.836000000000000000e+03
2.837000000000000000e+03
2.838000000000000000e+03
2.839000000000000000e+03
2.840000000000000000e+03
2.841000000000000000e+03
2.844000000000000000e+03
2.845000000000000000e+03
2.846000000000000000e+03
2.848000000000000000e+03
2.850000000000000000e+03
2.853000000000000000e+03
2.854000000000000000e+03
2.855000000000000000e+03
2.856000000000000000e+03
2.857000000000000000e+03
2.859000000000000000e+03
2.861000000000000000e+03
2.862000000000000000e+03
2.863000000000000000e+03
2.864000000000000000e+03
2.866000000000000000e+03
2.867000000000000000e+03
2.868000000000000000e+03
2.869000000000000000e+03
2.870000000000000000e+03
2.871000000000000000e+03
2.876000000000000000e+03
2.877000000000000000e+03
2.878000000000000000e+03
2.879000000000000000e+03
2.883000000000000000e+03
2.884000000000000000e+03
2.885000000000000000e+03
2.886000000000000000e+03
2.887000000000000000e+03
2.888000000000000000e+03
2.889000000000000000e+03
2.890000000000000000e+03
2.893000000000000000e+03
2.895000000000000000e+03
2.898000000000000000e+03
2.901000000000000000e+03
2.903000000000000000e+03
2.904000000000000000e+03
2.907000000000000000e+03
2.908000000000000000e+03
2.909000000000000000e+03
2.911000000000000000e+03
2.913000000000000000e+03
2.914000000000000000e+03
2.917000000000000000e+03
2.918000000000000000e+03
2.920000000000000000e+03
2.921000000000000000e+03
2.922000000000000000e+03
2.924000000000000000e+03
2.929000000000000000e+03
2.930000000000000000e+03
2.931000000000000000e+03
2.932000000000000000e+03
2.934000000000000000e+03
2.940000000000000000e+03
2.941000000000000000e+03
2.942000000000000000e+03
2.943000000000000000e+03
2.946000000000000000e+03
2.947000000000000000e+03
2.948000000000000000e+03
2.949000000000000000e+03
2.951000000000000000e+03
2.953000000000000000e+03
2.955000000000000000e+03
2.958000000000000000e+03
2.959000000000000000e+03
2.962000000000000000e+03
2.963000000000000000e+03
2.970000000000000000e+03
2.973000000000000000e+03
2.974000000000000000e+03
2.975000000000000000e+03
2.976000000000000000e+03
2.977000000000000000e+03
2.981000000000000000e+03
2.983000000000000000e+03
2.986000000000000000e+03
2.987000000000000000e+03
2.988000000000000000e+03
2.990000000000000000e+03
2.992000000000000000e+03
2.995000000000000000e+03
2.998000000000000000e+03
3.000000000000000000e+03
3.001000000000000000e+03
3.002000000000000000e+03
3.005000000000000000e+03
3.006000000000000000e+03
3.008000000000000000e+03
3.010000000000000000e+03
3.011000000000000000e+03
3.015000000000000000e+03
3.019000000000000000e+03
3.021000000000000000e+03
3.022000000000000000e+03
3.023000000000000000e+03
3.025000000000000000e+03
3.027000000000000000e+03
3.028000000000000000e+03
3.032000000000000000e+03
3.040000000000000000e+03
3.042000000000000000e+03
3.043000000000000000e+03
3.044000000000000000e+03
3.046000000000000000e+03
3.047000000000000000e+03
3.049000000000000000e+03
3.051000000000000000e+03
3.052000000000000000e+03
3.054000000000000000e+03
3.056000000000000000e+03
3.057000000000000000e+03
3.060000000000000000e+03
3.062000000000000000e+03
3.067000000000000000e+03
3.070000000000000000e+03
3.072000000000000000e+03
3.079000000000000000e+03
3.080000000000000000e+03
3.082000000000000000e+03
3.083000000000000000e+03
3.087000000000000000e+03
3.089000000000000000e+03
3.090000000000000000e+03
3.091000000000000000e+03
3.092000000000000000e+03
3.094000000000000000e+03
3.095000000000000000e+03
3.098000000000000000e+03
3.099000000000000000e+03
3.100000000000000000e+03
3.101000000000000000e+03
3.102000000000000000e+03
3.104000000000000000e+03
3.107000000000000000e+03
3.108000000000000000e+03
3.109000000000000000e+03
3.111000000000000000e+03
3.112000000000000000e+03
3.114000000000000000e+03
3.118000000000000000e+03
3.119000000000000000e+03
3.121000000000000000e+03
3.124000000000000000e+03
3.128000000000000000e+03
3.131000000000000000e+03
3.132000000000000000e+03
3.138000000000000000e+03
3.139000000000000000e+03
3.140000000000000000e+03
3.144000000000000000e+03
3.145000000000000000e+03
3.147000000000000000e+03
3.151000000000000000e+03
3.152000000000000000e+03
3.153000000000000000e+03
3.154000000000000000e+03
3.155000000000000000e+03
3.156000000000000000e+03
3.157000000000000000e+03
3.158000000000000000e+03
3.160000000000000000e+03
3.161000000000000000e+03
3.162000000000000000e+03
3.163000000000000000e+03
3.164000000000000000e+03
3.169000000000000000e+03
3.172000000000000000e+03
3.173000000000000000e+03
3.174000000000000000e+03
3.175000000000000000e+03
3.176000000000000000e+03
3.177000000000000000e+03
3.178000000000000000e+03
3.180000000000000000e+03
3.181000000000000000e+03
3.182000000000000000e+03
3.183000000000000000e+03
3.186000000000000000e+03
3.187000000000000000e+03
3.188000000000000000e+03
3.191000000000000000e+03
3.195000000000000000e+03
3.198000000000000000e+03
3.199000000000000000e+03
3.200000000000000000e+03
3.201000000000000000e+03
3.203000000000000000e+03
3.208000000000000000e+03
3.211000000000000000e+03
3.212000000000000000e+03
3.213000000000000000e+03
3.216000000000000000e+03
3.217000000000000000e+03
3.219000000000000000e+03
3.221000000000000000e+03
3.222000000000000000e+03
3.224000000000000000e+03
3.225000000000000000e+03
3.226000000000000000e+03
3.228000000000000000e+03
3.229000000000000000e+03
3.230000000000000000e+03
3.232000000000000000e+03
3.233000000000000000e+03
3.236000000000000000e+03
3.237000000000000000e+03
3.238000000000000000e+03
3.239000000000000000e+03
3.242000000000000000e+03
3.243000000000000000e+03
3.246000000000000000e+03
3.247000000000000000e+03
3.248000000000000000e+03
3.249000000000000000e+03
3.258000000000000000e+03
3.262000000000000000e+03
3.264000000000000000e+03
3.265000000000000000e+03
3.266000000000000000e+03
3.274000000000000000e+03
3.277000000000000000e+03
3.279000000000000000e+03
3.282000000000000000e+03
3.283000000000000000e+03
3.285000000000000000e+03
3.286000000000000000e+03
3.287000000000000000e+03
3.292000000000000000e+03
3.293000000000000000e+03
3.295000000000000000e+03
3.298000000000000000e+03
3.299000000000000000e+03
3.300000000000000000e+03
3.304000000000000000e+03
3.305000000000000000e+03
3.307000000000000000e+03
3.310000000000000000e+03
3.311000000000000000e+03
3.312000000000000000e+03
3.314000000000000000e+03
3.315000000000000000e+03
3.318000000000000000e+03
3.321000000000000000e+03
3.322000000000000000e+03
3.325000000000000000e+03
3.327000000000000000e+03
3.328000000000000000e+03
3.330000000000000000e+03
3.331000000000000000e+03
3.333000000000000000e+03
3.335000000000000000e+03
3.336000000000000000e+03
3.338000000000000000e+03
3.340000000000000000e+03
3.343000000000000000e+03
3.344000000000000000e+03
3.345000000000000000e+03
3.346000000000000000e+03
3.347000000000000000e+03
3.351000000000000000e+03
3.353000000000000000e+03
3.355000000000000000e+03
3.358000000000000000e+03
3.360000000000000000e+03
3.361000000000000000e+03
3.362000000000000000e+03
3.363000000000000000e+03
3.364000000000000000e+03
3.367000000000000000e+03
3.368000000000000000e+03
3.369000000000000000e+03
3.370000000000000000e+03
3.373000000000000000e+03
3.374000000000000000e+03
3.375000000000000000e+03
3.377000000000000000e+03
3.379000000000000000e+03
3.383000000000000000e+03
3.385000000000000000e+03
3.386000000000000000e+03
3.388000000000000000e+03
3.392000000000000000e+03
3.393000000000000000e+03
3.396000000000000000e+03
3.397000000000000000e+03
3.399000000000000000e+03
3.400000000000000000e+03
3.404000000000000000e+03
3.406000000000000000e+03
3.407000000000000000e+03
3.408000000000000000e+03
3.409000000000000000e+03
3.410000000000000000e+03
3.411000000000000000e+03
3.413000000000000000e+03
3.414000000000000000e+03
3.419000000000000000e+03
3.422000000000000000e+03
3.423000000000000000e+03
3.424000000000000000e+03
3.428000000000000000e+03
3.429000000000000000e+03
3.430000000000000000e+03
3.431000000000000000e+03
3.432000000000000000e+03
3.435000000000000000e+03
3.437000000000000000e+03
3.438000000000000000e+03
3.442000000000000000e+03
3.443000000000000000e+03
3.445000000000000000e+03
3.446000000000000000e+03
3.450000000000000000e+03
3.452000000000000000e+03
3.457000000000000000e+03
3.459000000000000000e+03
3.463000000000000000e+03
3.466000000000000000e+03
3.467000000000000000e+03
3.469000000000000000e+03
3.470000000000000000e+03
3.473000000000000000e+03
3.474000000000000000e+03
3.476000000000000000e+03
3.477000000000000000e+03
3.478000000000000000e+03
3.481000000000000000e+03
3.482000000000000000e+03
3.484000000000000000e+03
3.485000000000000000e+03
3.486000000000000000e+03
3.487000000000000000e+03
3.488000000000000000e+03
3.489000000000000000e+03
3.491000000000000000e+03
3.495000000000000000e+03
3.497000000000000000e+03
3.499000000000000000e+03
3.501000000000000000e+03
3.502000000000000000e+03
3.506000000000000000e+03
3.509000000000000000e+03
3.510000000000000000e+03
3.511000000000000000e+03
3.513000000000000000e+03
3.514000000000000000e+03
3.515000000000000000e+03
3.516000000000000000e+03
3.517000000000000000e+03
3.518000000000000000e+03
3.519000000000000000e+03
3.520000000000000000e+03
3.521000000000000000e+03
3.522000000000000000e+03
3.527000000000000000e+03
3.529000000000000000e+03
3.533000000000000000e+03
3.535000000000000000e+03
3.536000000000000000e+03
3.538000000000000000e+03
3.540000000000000000e+03
3.541000000000000000e+03
3.543000000000000000e+03
3.544000000000000000e+03
3.547000000000000000e+03
3.548000000000000000e+03
3.549000000000000000e+03
3.551000000000000000e+03
3.552000000000000000e+03
3.555000000000000000e+03
3.556000000000000000e+03
3.561000000000000000e+03
3.563000000000000000e+03
3.565000000000000000e+03
3.567000000000000000e+03
3.570000000000000000e+03
3.571000000000000000e+03
3.576000000000000000e+03
3.577000000000000000e+03
3.579000000000000000e+03
3.580000000000000000e+03
3.581000000000000000e+03
3.583000000000000000e+03
3.586000000000000000e+03
3.587000000000000000e+03
3.588000000000000000e+03
3.592000000000000000e+03
3.593000000000000000e+03
3.596000000000000000e+03
3.597000000000000000e+03
3.600000000000000000e+03
3.601000000000000000e+03
3.603000000000000000e+03
3.605000000000000000e+03
3.607000000000000000e+03
3.609000000000000000e+03
3.612000000000000000e+03
3.618000000000000000e+03
3.619000000000000000e+03
3.621000000000000000e+03
3.622000000000000000e+03
3.623000000000000000e+03
3.624000000000000000e+03
3.628000000000000000e+03
3.633000000000000000e+03
3.634000000000000000e+03
3.637000000000000000e+03
3.643000000000000000e+03
3.645000000000000000e+03
3.646000000000000000e+03
3.647000000000000000e+03
3.649000000000000000e+03
3.651000000000000000e+03
3.652000000000000000e+03
3.653000000000000000e+03
3.654000000000000000e+03
3.655000000000000000e+03
3.656000000000000000e+03
3.657000000000000000e+03
3.658000000000000000e+03
3.659000000000000000e+03
3.662000000000000000e+03
3.663000000000000000e+03
3.665000000000000000e+03
3.666000000000000000e+03
3.669000000000000000e+03
3.670000000000000000e+03
3.671000000000000000e+03
3.672000000000000000e+03
3.673000000000000000e+03
3.674000000000000000e+03
3.677000000000000000e+03
3.679000000000000000e+03
3.680000000000000000e+03
3.685000000000000000e+03
3.688000000000000000e+03
3.691000000000000000e+03
3.694000000000000000e+03
3.695000000000000000e+03
3.698000000000000000e+03
3.699000000000000000e+03
3.701000000000000000e+03
3.703000000000000000e+03
3.705000000000000000e+03
3.706000000000000000e+03
3.707000000000000000e+03
3.708000000000000000e+03
3.709000000000000000e+03
3.710000000000000000e+03
3.713000000000000000e+03
3.715000000000000000e+03
3.718000000000000000e+03
3.723000000000000000e+03
3.724000000000000000e+03
3.725000000000000000e+03
3.726000000000000000e+03
3.727000000000000000e+03
3.733000000000000000e+03
3.736000000000000000e+03
3.738000000000000000e+03
3.740000000000000000e+03
3.742000000000000000e+03
3.743000000000000000e+03
3.745000000000000000e+03
3.746000000000000000e+03
3.749000000000000000e+03
3.750000000000000000e+03
3.755000000000000000e+03
3.756000000000000000e+03
3.757000000000000000e+03
3.759000000000000000e+03
3.760000000000000000e+03
3.761000000000000000e+03
3.763000000000000000e+03
3.764000000000000000e+03
3.768000000000000000e+03
3.769000000000000000e+03
3.771000000000000000e+03
3.772000000000000000e+03
3.773000000000000000e+03
3.774000000000000000e+03
3.777000000000000000e+03
3.778000000000000000e+03
3.781000000000000000e+03
3.783000000000000000e+03
3.785000000000000000e+03
3.788000000000000000e+03
3.789000000000000000e+03
3.790000000000000000e+03
3.792000000000000000e+03
3.794000000000000000e+03
3.797000000000000000e+03
3.798000000000000000e+03
3.800000000000000000e+03
3.804000000000000000e+03
3.806000000000000000e+03
3.808000000000000000e+03
3.811000000000000000e+03
3.812000000000000000e+03
3.813000000000000000e+03
3.816000000000000000e+03
3.817000000000000000e+03
3.820000000000000000e+03
3.821000000000000000e+03
3.823000000000000000e+03
3.824000000000000000e+03
3.825000000000000000e+03
3.826000000000000000e+03
3.829000000000000000e+03
3.830000000000000000e+03
3.833000000000000000e+03
3.834000000000000000e+03
3.835000000000000000e+03
3.837000000000000000e+03
3.840000000000000000e+03
3.843000000000000000e+03
3.847000000000000000e+03
3.848000000000000000e+03
3.849000000000000000e+03
3.852000000000000000e+03
3.853000000000000000e+03
3.855000000000000000e+03
3.856000000000000000e+03
3.858000000000000000e+03
3.859000000000000000e+03
3.861000000000000000e+03
3.864000000000000000e+03
3.865000000000000000e+03
3.872000000000000000e+03
3.873000000000000000e+03
3.874000000000000000e+03
3.876000000000000000e+03
3.877000000000000000e+03
3.881000000000000000e+03
3.883000000000000000e+03
3.886000000000000000e+03
3.887000000000000000e+03
3.889000000000000000e+03
3.890000000000000000e+03
3.891000000000000000e+03
3.893000000000000000e+03
3.896000000000000000e+03
3.898000000000000000e+03
3.900000000000000000e+03
3.905000000000000000e+03
3.906000000000000000e+03
3.907000000000000000e+03
3.908000000000000000e+03
3.909000000000000000e+03
3.912000000000000000e+03
3.914000000000000000e+03
3.915000000000000000e+03
3.916000000000000000e+03
3.918000000000000000e+03
3.920000000000000000e+03
3.922000000000000000e+03
3.923000000000000000e+03
3.925000000000000000e+03
3.928000000000000000e+03
3.929000000000000000e+03
3.937000000000000000e+03
3.938000000000000000e+03
3.941000000000000000e+03
3.947000000000000000e+03
3.949000000000000000e+03
3.952000000000000000e+03
3.953000000000000000e+03
3.954000000000000000e+03
3.955000000000000000e+03
3.958000000000000000e+03
3.960000000000000000e+03
3.961000000000000000e+03
3.963000000000000000e+03
3.964000000000000000e+03
3.966000000000000000e+03
3.968000000000000000e+03
3.973000000000000000e+03
3.974000000000000000e+03
3.975000000000000000e+03
3.977000000000000000e+03
3.978000000000000000e+03
3.985000000000000000e+03
3.986000000000000000e+03
3.988000000000000000e+03
3.989000000000000000e+03
3.991000000000000000e+03
3.994000000000000000e+03
4.000000000000000000e+03
4.002000000000000000e+03
4.004000000000000000e+03
4.006000000000000000e+03
4.007000000000000000e+03
4.008000000000000000e+03
4.011000000000000000e+03
4.013000000000000000e+03
4.014000000000000000e+03
4.016000000000000000e+03
4.018000000000000000e+03
4.019000000000000000e+03
4.020000000000000000e+03
4.023000000000000000e+03
4.024000000000000000e+03
4.025000000000000000e+03
4.027000000000000000e+03
4.029000000000000000e+03
4.031000000000000000e+03
4.032000000000000000e+03
4.034000000000000000e+03
4.037000000000000000e+03
4.038000000000000000e+03
4.039000000000000000e+03
4.041000000000000000e+03
4.042000000000000000e+03
4.045000000000000000e+03
4.048000000000000000e+03
4.049000000000000000e+03
4.050000000000000000e+03
4.052000000000000000e+03
4.055000000000000000e+03
4.056000000000000000e+03
4.059000000000000000e+03
4.061000000000000000e+03
4.066000000000000000e+03
4.069000000000000000e+03
4.070000000000000000e+03
4.071000000000000000e+03
4.072000000000000000e+03
4.077000000000000000e+03
4.078000000000000000e+03
4.079000000000000000e+03
4.080000000000000000e+03
4.081000000000000000e+03
4.082000000000000000e+03
4.085000000000000000e+03
4.086000000000000000e+03
4.087000000000000000e+03
4.088000000000000000e+03
4.089000000000000000e+03
4.090000000000000000e+03
4.092000000000000000e+03
4.093000000000000000e+03
4.094000000000000000e+03
4.095000000000000000e+03
4.096000000000000000e+03
4.098000000000000000e+03
4.100000000000000000e+03
4.101000000000000000e+03
4.103000000000000000e+03
4.104000000000000000e+03
4.106000000000000000e+03
4.109000000000000000e+03
4.111000000000000000e+03
4.112000000000000000e+03
4.113000000000000000e+03
4.114000000000000000e+03
4.115000000000000000e+03
4.119000000000000000e+03
4.121000000000000000e+03
4.123000000000000000e+03
4.125000000000000000e+03
4.126000000000000000e+03
4.129000000000000000e+03
4.131000000000000000e+03
4.132000000000000000e+03
4.133000000000000000e+03
4.137000000000000000e+03
4.141000000000000000e+03
4.146000000000000000e+03
4.147000000000000000e+03
4.149000000000000000e+03
4.151000000000000000e+03
4.157000000000000000e+03
4.159000000000000000e+03
4.160000000000000000e+03
4.163000000000000000e+03
4.165000000000000000e+03
4.167000000000000000e+03
4.169000000000000000e+03
4.173000000000000000e+03
4.177000000000000000e+03
4.180000000000000000e+03
4.184000000000000000e+03
4.185000000000000000e+03
4.186000000000000000e+03
4.187000000000000000e+03
4.189000000000000000e+03
4.190000000000000000e+03
4.194000000000000000e+03
4.196000000000000000e+03
4.200000000000000000e+03
4.203000000000000000e+03
4.204000000000000000e+03
4.205000000000000000e+03
4.210000000000000000e+03
4.213000000000000000e+03
4.214000000000000000e+03
4.222000000000000000e+03
4.224000000000000000e+03
4.226000000000000000e+03
4.229000000000000000e+03
4.231000000000000000e+03
4.232000000000000000e+03
4.233000000000000000e+03
4.234000000000000000e+03
4.235000000000000000e+03
4.239000000000000000e+03
4.240000000000000000e+03
4.241000000000000000e+03
4.243000000000000000e+03
4.244000000000000000e+03
4.245000000000000000e+03
4.246000000000000000e+03
4.247000000000000000e+03
4.249000000000000000e+03
4.251000000000000000e+03
4.252000000000000000e+03
4.253000000000000000e+03
4.254000000000000000e+03
4.256000000000000000e+03
4.257000000000000000e+03
4.258000000000000000e+03
4.259000000000000000e+03
4.260000000000000000e+03
4.262000000000000000e+03
4.263000000000000000e+03
4.264000000000000000e+03
4.265000000000000000e+03
4.266000000000000000e+03
4.267000000000000000e+03
4.268000000000000000e+03
4.271000000000000000e+03
4.274000000000000000e+03
4.275000000000000000e+03
4.278000000000000000e+03
4.279000000000000000e+03
4.280000000000000000e+03
4.281000000000000000e+03
4.282000000000000000e+03
4.284000000000000000e+03
4.287000000000000000e+03
4.288000000000000000e+03
4.289000000000000000e+03
4.290000000000000000e+03
4.292000000000000000e+03
4.293000000000000000e+03
4.294000000000000000e+03
4.295000000000000000e+03
4.296000000000000000e+03
4.300000000000000000e+03
4.304000000000000000e+03
4.307000000000000000e+03
4.311000000000000000e+03
4.312000000000000000e+03
4.313000000000000000e+03
4.315000000000000000e+03
4.319000000000000000e+03
4.323000000000000000e+03
4.328000000000000000e+03
4.329000000000000000e+03
4.333000000000000000e+03
4.334000000000000000e+03
4.339000000000000000e+03
4.343000000000000000e+03
4.345000000000000000e+03
4.349000000000000000e+03
4.350000000000000000e+03
4.351000000000000000e+03
4.353000000000000000e+03
4.355000000000000000e+03
4.356000000000000000e+03
4.357000000000000000e+03
4.359000000000000000e+03
4.361000000000000000e+03
4.362000000000000000e+03
4.363000000000000000e+03
4.364000000000000000e+03
4.365000000000000000e+03
4.367000000000000000e+03
4.369000000000000000e+03
4.371000000000000000e+03
4.372000000000000000e+03
4.373000000000000000e+03
4.377000000000000000e+03
4.379000000000000000e+03
4.380000000000000000e+03
4.383000000000000000e+03
4.384000000000000000e+03
4.385000000000000000e+03
4.386000000000000000e+03
4.387000000000000000e+03
4.388000000000000000e+03
4.391000000000000000e+03
4.392000000000000000e+03
4.396000000000000000e+03
4.398000000000000000e+03
4.399000000000000000e+03
4.400000000000000000e+03
4.401000000000000000e+03
4.405000000000000000e+03
4.410000000000000000e+03
4.411000000000000000e+03
4.412000000000000000e+03
4.413000000000000000e+03
4.414000000000000000e+03
4.423000000000000000e+03
4.424000000000000000e+03
4.428000000000000000e+03
4.430000000000000000e+03
4.431000000000000000e+03
4.432000000000000000e+03
4.433000000000000000e+03
4.436000000000000000e+03
4.437000000000000000e+03
4.442000000000000000e+03
4.446000000000000000e+03
4.448000000000000000e+03
4.451000000000000000e+03
4.453000000000000000e+03
4.457000000000000000e+03
4.459000000000000000e+03
4.461000000000000000e+03
4.463000000000000000e+03
4.464000000000000000e+03
4.472000000000000000e+03
4.478000000000000000e+03
4.479000000000000000e+03
4.480000000000000000e+03
4.481000000000000000e+03
4.482000000000000000e+03
4.483000000000000000e+03
4.485000000000000000e+03
4.491000000000000000e+03
4.495000000000000000e+03
4.499000000000000000e+03
4.500000000000000000e+03
4.503000000000000000e+03
4.504000000000000000e+03
4.506000000000000000e+03
4.509000000000000000e+03
4.513000000000000000e+03
4.514000000000000000e+03
4.517000000000000000e+03
4.520000000000000000e+03
4.525000000000000000e+03
4.526000000000000000e+03
4.530000000000000000e+03
4.533000000000000000e+03
4.535000000000000000e+03
4.538000000000000000e+03
4.540000000000000000e+03
4.544000000000000000e+03
4.546000000000000000e+03
4.548000000000000000e+03
4.551000000000000000e+03
4.552000000000000000e+03
4.553000000000000000e+03
4.554000000000000000e+03
4.558000000000000000e+03
4.559000000000000000e+03
4.560000000000000000e+03
4.561000000000000000e+03
4.567000000000000000e+03
4.568000000000000000e+03
4.573000000000000000e+03
4.577000000000000000e+03
4.586000000000000000e+03
4.590000000000000000e+03
4.591000000000000000e+03
4.592000000000000000e+03
4.596000000000000000e+03
4.598000000000000000e+03
4.600000000000000000e+03
4.601000000000000000e+03
4.605000000000000000e+03
4.606000000000000000e+03
4.607000000000000000e+03
4.608000000000000000e+03
4.609000000000000000e+03
4.610000000000000000e+03
4.611000000000000000e+03
4.612000000000000000e+03
4.613000000000000000e+03
4.615000000000000000e+03
4.616000000000000000e+03
4.618000000000000000e+03
4.620000000000000000e+03
4.622000000000000000e+03
4.625000000000000000e+03
4.626000000000000000e+03
4.630000000000000000e+03
4.633000000000000000e+03
4.640000000000000000e+03
4.643000000000000000e+03
4.644000000000000000e+03
4.647000000000000000e+03
4.649000000000000000e+03
4.653000000000000000e+03
4.655000000000000000e+03
4.656000000000000000e+03
4.660000000000000000e+03
4.662000000000000000e+03
4.668000000000000000e+03
4.669000000000000000e+03
4.671000000000000000e+03
4.672000000000000000e+03
4.673000000000000000e+03
4.674000000000000000e+03
4.678000000000000000e+03
4.681000000000000000e+03
4.682000000000000000e+03
4.685000000000000000e+03
4.686000000000000000e+03
4.687000000000000000e+03
4.689000000000000000e+03
4.690000000000000000e+03
4.691000000000000000e+03
4.693000000000000000e+03
4.694000000000000000e+03
4.695000000000000000e+03
4.696000000000000000e+03
4.698000000000000000e+03
4.700000000000000000e+03
4.703000000000000000e+03
4.705000000000000000e+03
4.709000000000000000e+03
4.710000000000000000e+03
4.713000000000000000e+03
4.717000000000000000e+03
4.718000000000000000e+03
4.719000000000000000e+03
4.720000000000000000e+03
4.721000000000000000e+03
4.725000000000000000e+03
4.726000000000000000e+03
4.728000000000000000e+03
4.730000000000000000e+03
4.731000000000000000e+03
4.732000000000000000e+03
4.737000000000000000e+03
4.738000000000000000e+03
4.739000000000000000e+03
4.741000000000000000e+03
4.742000000000000000e+03
4.743000000000000000e+03
4.746000000000000000e+03
4.747000000000000000e+03
4.753000000000000000e+03
4.755000000000000000e+03
4.756000000000000000e+03
4.758000000000000000e+03
4.761000000000000000e+03
4.763000000000000000e+03
4.768000000000000000e+03
4.769000000000000000e+03
4.773000000000000000e+03
4.776000000000000000e+03
4.777000000000000000e+03
4.778000000000000000e+03
4.781000000000000000e+03
4.784000000000000000e+03
4.787000000000000000e+03
4.788000000000000000e+03
4.791000000000000000e+03
4.796000000000000000e+03
4.797000000000000000e+03
4.799000000000000000e+03
4.801000000000000000e+03
4.803000000000000000e+03
4.804000000000000000e+03
4.805000000000000000e+03
4.806000000000000000e+03
4.807000000000000000e+03
4.810000000000000000e+03
4.811000000000000000e+03
4.814000000000000000e+03
4.815000000000000000e+03
4.817000000000000000e+03
4.819000000000000000e+03
4.822000000000000000e+03
4.823000000000000000e+03
4.825000000000000000e+03
4.827000000000000000e+03
4.828000000000000000e+03
4.830000000000000000e+03
4.836000000000000000e+03
4.837000000000000000e+03
4.842000000000000000e+03
4.843000000000000000e+03
4.844000000000000000e+03
4.845000000000000000e+03
4.848000000000000000e+03
4.850000000000000000e+03
4.851000000000000000e+03
4.854000000000000000e+03
4.855000000000000000e+03
4.856000000000000000e+03
4.858000000000000000e+03
4.859000000000000000e+03
4.860000000000000000e+03
4.864000000000000000e+03
4.866000000000000000e+03
4.871000000000000000e+03
4.873000000000000000e+03
4.874000000000000000e+03
4.875000000000000000e+03
4.876000000000000000e+03
4.877000000000000000e+03
4.878000000000000000e+03
4.883000000000000000e+03
4.884000000000000000e+03
4.885000000000000000e+03
4.887000000000000000e+03
4.888000000000000000e+03
4.893000000000000000e+03
4.894000000000000000e+03
4.902000000000000000e+03
4.904000000000000000e+03
4.906000000000000000e+03
4.908000000000000000e+03
4.909000000000000000e+03
4.911000000000000000e+03
4.913000000000000000e+03
4.914000000000000000e+03
4.915000000000000000e+03
4.916000000000000000e+03
4.917000000000000000e+03
4.920000000000000000e+03
4.922000000000000000e+03
4.925000000000000000e+03
4.931000000000000000e+03
4.932000000000000000e+03
4.933000000000000000e+03
4.934000000000000000e+03
4.935000000000000000e+03
4.937000000000000000e+03
4.938000000000000000e+03
4.945000000000000000e+03
4.946000000000000000e+03
4.948000000000000000e+03
4.949000000000000000e+03
4.950000000000000000e+03
4.951000000000000000e+03
4.952000000000000000e+03
4.953000000000000000e+03
4.957000000000000000e+03
4.958000000000000000e+03
4.962000000000000000e+03
4.965000000000000000e+03
4.966000000000000000e+03
4.967000000000000000e+03
4.969000000000000000e+03
4.970000000000000000e+03
4.979000000000000000e+03
4.982000000000000000e+03
4.984000000000000000e+03
4.985000000000000000e+03
4.989000000000000000e+03
4.990000000000000000e+03
4.991000000000000000e+03
4.994000000000000000e+03
4.995000000000000000e+03
4.998000000000000000e+03
4.999000000000000000e+03
5.001000000000000000e+03
5.007000000000000000e+03
5.010000000000000000e+03
5.011000000000000000e+03
5.012000000000000000e+03
5.013000000000000000e+03
5.014000000000000000e+03
5.015000000000000000e+03
5.018000000000000000e+03
5.019000000000000000e+03
5.021000000000000000e+03
5.023000000000000000e+03
5.028000000000000000e+03
5.032000000000000000e+03
5.035000000000000000e+03
5.037000000000000000e+03
5.038000000000000000e+03
5.040000000000000000e+03
5.041000000000000000e+03
5.042000000000000000e+03
5.043000000000000000e+03
5.045000000000000000e+03
5.046000000000000000e+03
5.047000000000000000e+03
5.052000000000000000e+03
5.054000000000000000e+03
5.056000000000000000e+03
5.057000000000000000e+03
5.058000000000000000e+03
5.059000000000000000e+03
5.060000000000000000e+03
5.061000000000000000e+03
5.066000000000000000e+03
5.067000000000000000e+03
5.068000000000000000e+03
5.069000000000000000e+03
5.071000000000000000e+03
5.073000000000000000e+03
5.075000000000000000e+03
5.081000000000000000e+03
5.084000000000000000e+03
5.086000000000000000e+03
5.092000000000000000e+03
5.093000000000000000e+03
5.094000000000000000e+03
5.097000000000000000e+03
5.101000000000000000e+03
5.102000000000000000e+03
5.105000000000000000e+03
5.106000000000000000e+03
5.108000000000000000e+03
5.110000000000000000e+03
5.111000000000000000e+03
5.112000000000000000e+03
5.116000000000000000e+03
5.119000000000000000e+03
5.125000000000000000e+03
5.127000000000000000e+03
5.128000000000000000e+03
5.130000000000000000e+03
5.131000000000000000e+03
5.135000000000000000e+03
5.136000000000000000e+03
5.137000000000000000e+03
5.138000000000000000e+03
5.141000000000000000e+03
5.142000000000000000e+03
5.143000000000000000e+03
5.144000000000000000e+03
5.146000000000000000e+03
5.147000000000000000e+03
5.148000000000000000e+03
5.149000000000000000e+03
5.156000000000000000e+03
5.159000000000000000e+03
5.161000000000000000e+03
5.163000000000000000e+03
5.164000000000000000e+03
5.165000000000000000e+03
5.166000000000000000e+03
5.167000000000000000e+03
5.171000000000000000e+03
5.172000000000000000e+03
5.176000000000000000e+03
5.182000000000000000e+03
5.184000000000000000e+03
5.186000000000000000e+03
5.187000000000000000e+03
5.192000000000000000e+03
5.198000000000000000e+03
5.199000000000000000e+03
5.200000000000000000e+03
5.201000000000000000e+03
5.203000000000000000e+03
5.204000000000000000e+03
5.205000000000000000e+03
5.207000000000000000e+03
5.209000000000000000e+03
5.211000000000000000e+03
5.212000000000000000e+03
5.213000000000000000e+03
5.220000000000000000e+03
5.223000000000000000e+03
5.224000000000000000e+03
5.229000000000000000e+03
5.231000000000000000e+03
5.232000000000000000e+03
5.233000000000000000e+03
5.237000000000000000e+03
5.239000000000000000e+03
5.240000000000000000e+03
5.241000000000000000e+03
5.246000000000000000e+03
5.247000000000000000e+03
5.250000000000000000e+03
5.251000000000000000e+03
5.252000000000000000e+03
5.255000000000000000e+03
5.260000000000000000e+03
5.262000000000000000e+03
5.268000000000000000e+03
5.270000000000000000e+03
5.272000000000000000e+03
5.276000000000000000e+03
5.278000000000000000e+03
5.280000000000000000e+03
5.281000000000000000e+03
5.282000000000000000e+03
5.286000000000000000e+03
5.287000000000000000e+03
5.292000000000000000e+03
5.293000000000000000e+03
5.296000000000000000e+03
5.303000000000000000e+03
5.308000000000000000e+03
5.309000000000000000e+03
5.310000000000000000e+03
5.312000000000000000e+03
5.319000000000000000e+03
5.321000000000000000e+03
5.324000000000000000e+03
5.328000000000000000e+03
5.330000000000000000e+03
5.331000000000000000e+03
5.333000000000000000e+03
5.335000000000000000e+03
5.336000000000000000e+03
5.340000000000000000e+03
5.343000000000000000e+03
5.345000000000000000e+03
5.347000000000000000e+03
5.348000000000000000e+03
5.349000000000000000e+03
5.351000000000000000e+03
5.352000000000000000e+03
5.356000000000000000e+03
5.357000000000000000e+03
5.360000000000000000e+03
5.361000000000000000e+03
5.362000000000000000e+03
5.364000000000000000e+03
5.367000000000000000e+03
5.371000000000000000e+03
5.374000000000000000e+03
5.377000000000000000e+03
5.378000000000000000e+03
5.379000000000000000e+03
5.381000000000000000e+03
5.382000000000000000e+03
5.383000000000000000e+03
5.384000000000000000e+03
5.386000000000000000e+03
5.388000000000000000e+03
5.395000000000000000e+03
5.396000000000000000e+03
5.397000000000000000e+03
5.404000000000000000e+03
5.405000000000000000e+03
5.406000000000000000e+03
5.407000000000000000e+03
5.408000000000000000e+03
5.410000000000000000e+03
5.411000000000000000e+03
5.413000000000000000e+03
5.414000000000000000e+03
5.416000000000000000e+03
5.417000000000000000e+03
5.420000000000000000e+03
5.421000000000000000e+03
5.425000000000000000e+03
5.429000000000000000e+03
5.430000000000000000e+03
5.432000000000000000e+03
5.437000000000000000e+03
5.438000000000000000e+03
5.446000000000000000e+03
5.453000000000000000e+03
5.455000000000000000e+03
5.457000000000000000e+03
5.460000000000000000e+03
5.463000000000000000e+03
5.465000000000000000e+03
5.467000000000000000e+03
5.468000000000000000e+03
5.469000000000000000e+03
5.470000000000000000e+03
5.472000000000000000e+03
5.475000000000000000e+03
5.476000000000000000e+03
5.483000000000000000e+03
5.485000000000000000e+03
5.486000000000000000e+03
5.494000000000000000e+03
5.496000000000000000e+03
5.497000000000000000e+03
5.498000000000000000e+03
5.499000000000000000e+03
5.502000000000000000e+03
5.504000000000000000e+03
5.506000000000000000e+03
5.508000000000000000e+03
5.511000000000000000e+03
5.512000000000000000e+03
5.517000000000000000e+03
5.518000000000000000e+03
5.520000000000000000e+03
5.522000000000000000e+03
5.528000000000000000e+03
5.530000000000000000e+03
5.532000000000000000e+03
5.538000000000000000e+03
5.540000000000000000e+03
5.542000000000000000e+03
5.543000000000000000e+03
5.544000000000000000e+03
5.545000000000000000e+03
5.549000000000000000e+03
5.552000000000000000e+03
5.553000000000000000e+03
5.554000000000000000e+03
5.556000000000000000e+03
5.559000000000000000e+03
5.561000000000000000e+03
5.563000000000000000e+03
5.564000000000000000e+03
5.566000000000000000e+03
5.567000000000000000e+03
5.568000000000000000e+03
5.569000000000000000e+03
5.573000000000000000e+03
5.576000000000000000e+03
5.577000000000000000e+03
5.580000000000000000e+03
5.586000000000000000e+03
5.587000000000000000e+03
5.589000000000000000e+03
5.590000000000000000e+03
5.592000000000000000e+03
5.596000000000000000e+03
5.599000000000000000e+03
5.600000000000000000e+03
5.601000000000000000e+03
5.603000000000000000e+03
5.604000000000000000e+03
5.605000000000000000e+03
5.606000000000000000e+03
5.607000000000000000e+03
5.608000000000000000e+03
5.609000000000000000e+03
5.612000000000000000e+03
5.615000000000000000e+03
5.616000000000000000e+03
5.618000000000000000e+03
5.619000000000000000e+03
5.623000000000000000e+03
5.624000000000000000e+03
5.627000000000000000e+03
5.632000000000000000e+03
5.633000000000000000e+03
5.638000000000000000e+03
5.639000000000000000e+03
5.640000000000000000e+03
5.641000000000000000e+03
5.642000000000000000e+03
5.644000000000000000e+03
5.647000000000000000e+03
5.648000000000000000e+03
5.649000000000000000e+03
5.650000000000000000e+03
5.651000000000000000e+03
5.652000000000000000e+03
5.657000000000000000e+03
5.658000000000000000e+03
5.659000000000000000e+03
5.663000000000000000e+03
5.664000000000000000e+03
5.665000000000000000e+03
5.667000000000000000e+03
5.672000000000000000e+03
5.675000000000000000e+03
5.676000000000000000e+03
5.679000000000000000e+03
5.684000000000000000e+03
5.685000000000000000e+03
5.686000000000000000e+03
5.691000000000000000e+03
5.692000000000000000e+03
5.695000000000000000e+03
5.696000000000000000e+03
5.698000000000000000e+03
5.702000000000000000e+03
5.703000000000000000e+03
5.704000000000000000e+03
5.705000000000000000e+03
5.706000000000000000e+03
5.709000000000000000e+03
5.710000000000000000e+03
5.712000000000000000e+03
5.713000000000000000e+03
5.714000000000000000e+03
5.717000000000000000e+03
5.719000000000000000e+03
5.721000000000000000e+03
5.722000000000000000e+03
5.723000000000000000e+03
5.724000000000000000e+03
5.726000000000000000e+03
5.727000000000000000e+03
5.728000000000000000e+03
5.729000000000000000e+03
5.730000000000000000e+03
5.732000000000000000e+03
5.733000000000000000e+03
5.739000000000000000e+03
5.741000000000000000e+03
5.743000000000000000e+03
5.747000000000000000e+03
5.750000000000000000e+03
5.752000000000000000e+03
5.760000000000000000e+03
5.761000000000000000e+03
5.762000000000000000e+03
5.765000000000000000e+03
5.766000000000000000e+03
5.768000000000000000e+03
5.771000000000000000e+03
5.772000000000000000e+03
5.774000000000000000e+03
5.775000000000000000e+03
5.776000000000000000e+03
5.777000000000000000e+03
5.782000000000000000e+03
5.783000000000000000e+03
5.784000000000000000e+03
5.786000000000000000e+03
5.787000000000000000e+03
5.790000000000000000e+03
5.791000000000000000e+03
5.793000000000000000e+03
5.794000000000000000e+03
5.797000000000000000e+03
5.799000000000000000e+03
5.802000000000000000e+03
5.804000000000000000e+03
5.805000000000000000e+03
5.806000000000000000e+03
5.808000000000000000e+03
5.809000000000000000e+03
5.810000000000000000e+03
5.812000000000000000e+03
5.813000000000000000e+03
5.818000000000000000e+03
5.819000000000000000e+03
5.821000000000000000e+03
5.823000000000000000e+03
5.825000000000000000e+03
5.829000000000000000e+03
5.831000000000000000e+03
5.833000000000000000e+03
5.835000000000000000e+03
5.836000000000000000e+03
5.838000000000000000e+03
5.839000000000000000e+03
5.841000000000000000e+03
5.842000000000000000e+03
5.843000000000000000e+03
5.844000000000000000e+03
5.845000000000000000e+03
5.847000000000000000e+03
5.853000000000000000e+03
5.856000000000000000e+03
5.858000000000000000e+03
5.859000000000000000e+03
5.862000000000000000e+03
5.863000000000000000e+03
5.864000000000000000e+03
5.865000000000000000e+03
5.866000000000000000e+03
5.870000000000000000e+03
5.872000000000000000e+03
5.874000000000000000e+03
5.875000000000000000e+03
5.876000000000000000e+03
5.877000000000000000e+03
5.879000000000000000e+03
5.882000000000000000e+03
5.884000000000000000e+03
5.887000000000000000e+03
5.888000000000000000e+03
5.890000000000000000e+03
5.893000000000000000e+03
5.895000000000000000e+03
5.898000000000000000e+03
5.900000000000000000e+03
5.901000000000000000e+03
5.902000000000000000e+03
5.903000000000000000e+03
5.904000000000000000e+03
5.908000000000000000e+03
5.909000000000000000e+03
5.910000000000000000e+03
5.912000000000000000e+03
5.913000000000000000e+03
5.920000000000000000e+03
5.921000000000000000e+03
5.923000000000000000e+03
5.930000000000000000e+03
5.933000000000000000e+03
5.934000000000000000e+03
5.935000000000000000e+03
5.938000000000000000e+03
5.940000000000000000e+03
5.944000000000000000e+03
5.948000000000000000e+03
5.950000000000000000e+03
5.951000000000000000e+03
5.952000000000000000e+03
5.955000000000000000e+03
5.956000000000000000e+03
5.960000000000000000e+03
5.965000000000000000e+03
