1.460000000000000000e+02
2.585000000000000000e+03
4.000000000000000000e+00
8.000000000000000000e+00
1.000000000000000000e+01
1.500000000000000000e+01
2.200000000000000000e+01
2.300000000000000000e+01
2.400000000000000000e+01
2.500000000000000000e+01
2.700000000000000000e+01
3.000000000000000000e+01
4.400000000000000000e+01
5.100000000000000000e+01
5.400000000000000000e+01
5.500000000000000000e+01
5.600000000000000000e+01
5.800000000000000000e+01
6.000000000000000000e+01
6.700000000000000000e+01
6.900000000000000000e+01
7.200000000000000000e+01
8.500000000000000000e+01
8.700000000000000000e+01
9.000000000000000000e+01
9.500000000000000000e+01
9.800000000000000000e+01
1.010000000000000000e+02
1.020000000000000000e+02
1.050000000000000000e+02
1.120000000000000000e+02
1.260000000000000000e+02
1.280000000000000000e+02
1.300000000000000000e+02
1.320000000000000000e+02
1.360000000000000000e+02
1.400000000000000000e+02
1.430000000000000000e+02
1.480000000000000000e+02
1.500000000000000000e+02
1.590000000000000000e+02
1.600000000000000000e+02
1.630000000000000000e+02
1.720000000000000000e+02
1.730000000000000000e+02
1.760000000000000000e+02
1.810000000000000000e+02
1.830000000000000000e+02
1.880000000000000000e+02
1.910000000000000000e+02
1.940000000000000000e+02
2.000000000000000000e+02
2.060000000000000000e+02
2.130000000000000000e+02
2.150000000000000000e+02
2.360000000000000000e+02
2.370000000000000000e+02
2.380000000000000000e+02
2.390000000000000000e+02
2.420000000000000000e+02
2.430000000000000000e+02
2.450000000000000000e+02
2.460000000000000000e+02
2.510000000000000000e+02
2.590000000000000000e+02
2.710000000000000000e+02
2.770000000000000000e+02
2.780000000000000000e+02
2.820000000000000000e+02
2.850000000000000000e+02
2.960000000000000000e+02
3.000000000000000000e+02
3.040000000000000000e+02
3.080000000000000000e+02
3.100000000000000000e+02
3.150000000000000000e+02
3.170000000000000000e+02
3.210000000000000000e+02
3.230000000000000000e+02
3.320000000000000000e+02
3.330000000000000000e+02
3.340000000000000000e+02
3.460000000000000000e+02
3.470000000000000000e+02
3.580000000000000000e+02
3.610000000000000000e+02
3.760000000000000000e+02
3.770000000000000000e+02
3.790000000000000000e+02
3.800000000000000000e+02
3.820000000000000000e+02
3.900000000000000000e+02
3.910000000000000000e+02
3.930000000000000000e+02
3.960000000000000000e+02
3.970000000000000000e+02
4.000000000000000000e+02
4.110000000000000000e+02
4.130000000000000000e+02
4.170000000000000000e+02
4.200000000000000000e+02
4.210000000000000000e+02
4.230000000000000000e+02
4.300000000000000000e+02
4.330000000000000000e+02
4.350000000000000000e+02
4.360000000000000000e+02
4.380000000000000000e+02
4.390000000000000000e+02
4.430000000000000000e+02
4.480000000000000000e+02
4.520000000000000000e+02
4.590000000000000000e+02
4.600000000000000000e+02
4.700000000000000000e+02
4.720000000000000000e+02
4.800000000000000000e+02
4.910000000000000000e+02
4.920000000000000000e+02
4.980000000000000000e+02
5.000000000000000000e+02
5.240000000000000000e+02
5.270000000000000000e+02
5.330000000000000000e+02
5.410000000000000000e+02
5.440000000000000000e+02
5.460000000000000000e+02
5.490000000000000000e+02
5.510000000000000000e+02
5.520000000000000000e+02
5.560000000000000000e+02
5.590000000000000000e+02
5.600000000000000000e+02
5.870000000000000000e+02
6.060000000000000000e+02
6.150000000000000000e+02
6.190000000000000000e+02
6.380000000000000000e+02
6.400000000000000000e+02
6.420000000000000000e+02
6.440000000000000000e+02
6.450000000000000000e+02
6.490000000000000000e+02
6.640000000000000000e+02
6.650000000000000000e+02
6.660000000000000000e+02
6.680000000000000000e+02
6.890000000000000000e+02
6.910000000000000000e+02
6.930000000000000000e+02
6.940000000000000000e+02
7.090000000000000000e+02
7.230000000000000000e+02
7.280000000000000000e+02
7.290000000000000000e+02
7.330000000000000000e+02
7.390000000000000000e+02
7.450000000000000000e+02
7.520000000000000000e+02
7.530000000000000000e+02
7.540000000000000000e+02
7.640000000000000000e+02
7.650000000000000000e+02
7.840000000000000000e+02
7.860000000000000000e+02
7.870000000000000000e+02
7.880000000000000000e+02
7.930000000000000000e+02
8.030000000000000000e+02
8.040000000000000000e+02
8.050000000000000000e+02
8.060000000000000000e+02
8.110000000000000000e+02
8.120000000000000000e+02
8.140000000000000000e+02
8.150000000000000000e+02
8.230000000000000000e+02
8.240000000000000000e+02
8.260000000000000000e+02
8.310000000000000000e+02
8.390000000000000000e+02
8.410000000000000000e+02
8.420000000000000000e+02
8.440000000000000000e+02
8.450000000000000000e+02
8.480000000000000000e+02
8.610000000000000000e+02
8.640000000000000000e+02
8.720000000000000000e+02
8.770000000000000000e+02
8.820000000000000000e+02
8.840000000000000000e+02
8.890000000000000000e+02
8.920000000000000000e+02
9.070000000000000000e+02
9.080000000000000000e+02
9.110000000000000000e+02
9.120000000000000000e+02
9.330000000000000000e+02
9.350000000000000000e+02
9.360000000000000000e+02
9.460000000000000000e+02
9.490000000000000000e+02
9.500000000000000000e+02
9.580000000000000000e+02
9.700000000000000000e+02
9.840000000000000000e+02
9.860000000000000000e+02
9.890000000000000000e+02
1.003000000000000000e+03
1.007000000000000000e+03
1.008000000000000000e+03
1.012000000000000000e+03
1.013000000000000000e+03
1.014000000000000000e+03
1.017000000000000000e+03
1.020000000000000000e+03
1.027000000000000000e+03
1.028000000000000000e+03
1.029000000000000000e+03
1.035000000000000000e+03
1.037000000000000000e+03
1.048000000000000000e+03
1.049000000000000000e+03
1.051000000000000000e+03
1.052000000000000000e+03
1.053000000000000000e+03
1.057000000000000000e+03
1.058000000000000000e+03
1.060000000000000000e+03
1.069000000000000000e+03
1.088000000000000000e+03
1.089000000000000000e+03
1.093000000000000000e+03
1.094000000000000000e+03
1.095000000000000000e+03
1.096000000000000000e+03
1.101000000000000000e+03
1.103000000000000000e+03
1.110000000000000000e+03
1.115000000000000000e+03
1.120000000000000000e+03
1.141000000000000000e+03
1.142000000000000000e+03
1.146000000000000000e+03
1.156000000000000000e+03
1.162000000000000000e+03
1.163000000000000000e+03
1.165000000000000000e+03
1.166000000000000000e+03
1.172000000000000000e+03
1.185000000000000000e+03
1.191000000000000000e+03
1.192000000000000000e+03
1.196000000000000000e+03
1.197000000000000000e+03
1.204000000000000000e+03
1.210000000000000000e+03
1.211000000000000000e+03
1.213000000000000000e+03
1.215000000000000000e+03
1.223000000000000000e+03
1.229000000000000000e+03
1.232000000000000000e+03
1.233000000000000000e+03
1.239000000000000000e+03
1.240000000000000000e+03
1.247000000000000000e+03
1.249000000000000000e+03
1.253000000000000000e+03
1.257000000000000000e+03
1.260000000000000000e+03
1.269000000000000000e+03
1.271000000000000000e+03
1.276000000000000000e+03
1.277000000000000000e+03
1.279000000000000000e+03
1.281000000000000000e+03
1.282000000000000000e+03
1.286000000000000000e+03
1.289000000000000000e+03
1.297000000000000000e+03
1.299000000000000000e+03
1.302000000000000000e+03
1.303000000000000000e+03
1.305000000000000000e+03
1.308000000000000000e+03
1.311000000000000000e+03
1.312000000000000000e+03
1.313000000000000000e+03
1.314000000000000000e+03
1.315000000000000000e+03
1.316000000000000000e+03
1.322000000000000000e+03
1.323000000000000000e+03
1.327000000000000000e+03
1.336000000000000000e+03
1.348000000000000000e+03
1.349000000000000000e+03
1.350000000000000000e+03
1.363000000000000000e+03
1.374000000000000000e+03
1.379000000000000000e+03
1.383000000000000000e+03
1.387000000000000000e+03
1.396000000000000000e+03
1.402000000000000000e+03
1.404000000000000000e+03
1.408000000000000000e+03
1.415000000000000000e+03
1.416000000000000000e+03
1.419000000000000000e+03
1.421000000000000000e+03
1.433000000000000000e+03
1.442000000000000000e+03
1.443000000000000000e+03
1.446000000000000000e+03
1.450000000000000000e+03
1.452000000000000000e+03
1.453000000000000000e+03
1.456000000000000000e+03
1.464000000000000000e+03
1.467000000000000000e+03
1.472000000000000000e+03
1.481000000000000000e+03
1.486000000000000000e+03
1.489000000000000000e+03
1.490000000000000000e+03
1.499000000000000000e+03
1.500000000000000000e+03
1.502000000000000000e+03
1.503000000000000000e+03
1.509000000000000000e+03
1.512000000000000000e+03
1.518000000000000000e+03
1.519000000000000000e+03
1.527000000000000000e+03
1.532000000000000000e+03
1.533000000000000000e+03
1.535000000000000000e+03
1.538000000000000000e+03
1.544000000000000000e+03
1.551000000000000000e+03
1.554000000000000000e+03
1.559000000000000000e+03
1.563000000000000000e+03
1.564000000000000000e+03
1.566000000000000000e+03
1.568000000000000000e+03
1.571000000000000000e+03
1.572000000000000000e+03
1.575000000000000000e+03
1.582000000000000000e+03
1.591000000000000000e+03
1.600000000000000000e+03
1.602000000000000000e+03
1.603000000000000000e+03
1.604000000000000000e+03
1.606000000000000000e+03
1.610000000000000000e+03
1.614000000000000000e+03
1.616000000000000000e+03
1.628000000000000000e+03
1.629000000000000000e+03
1.630000000000000000e+03
1.632000000000000000e+03
1.637000000000000000e+03
1.638000000000000000e+03
1.640000000000000000e+03
1.647000000000000000e+03
1.664000000000000000e+03
1.680000000000000000e+03
1.701000000000000000e+03
1.702000000000000000e+03
1.703000000000000000e+03
1.709000000000000000e+03
1.713000000000000000e+03
1.714000000000000000e+03
1.716000000000000000e+03
1.718000000000000000e+03
1.721000000000000000e+03
1.725000000000000000e+03
1.726000000000000000e+03
1.727000000000000000e+03
1.734000000000000000e+03
1.738000000000000000e+03
1.745000000000000000e+03
1.749000000000000000e+03
1.752000000000000000e+03
1.754000000000000000e+03
1.755000000000000000e+03
1.760000000000000000e+03
1.762000000000000000e+03
1.764000000000000000e+03
1.769000000000000000e+03
1.770000000000000000e+03
1.771000000000000000e+03
1.772000000000000000e+03
1.774000000000000000e+03
1.796000000000000000e+03
1.798000000000000000e+03
1.802000000000000000e+03
1.803000000000000000e+03
1.806000000000000000e+03
1.807000000000000000e+03
1.809000000000000000e+03
1.810000000000000000e+03
1.811000000000000000e+03
1.814000000000000000e+03
1.820000000000000000e+03
1.823000000000000000e+03
1.824000000000000000e+03
1.827000000000000000e+03
1.831000000000000000e+03
1.834000000000000000e+03
1.838000000000000000e+03
1.844000000000000000e+03
1.850000000000000000e+03
1.852000000000000000e+03
1.854000000000000000e+03
1.855000000000000000e+03
1.859000000000000000e+03
1.861000000000000000e+03
1.867000000000000000e+03
1.869000000000000000e+03
1.871000000000000000e+03
1.872000000000000000e+03
1.880000000000000000e+03
1.881000000000000000e+03
1.884000000000000000e+03
1.886000000000000000e+03
1.888000000000000000e+03
1.892000000000000000e+03
1.899000000000000000e+03
1.912000000000000000e+03
1.914000000000000000e+03
1.917000000000000000e+03
1.921000000000000000e+03
1.923000000000000000e+03
1.925000000000000000e+03
1.927000000000000000e+03
1.928000000000000000e+03
1.929000000000000000e+03
1.931000000000000000e+03
1.937000000000000000e+03
1.938000000000000000e+03
1.939000000000000000e+03
1.940000000000000000e+03
1.949000000000000000e+03
1.950000000000000000e+03
1.952000000000000000e+03
1.954000000000000000e+03
1.957000000000000000e+03
1.961000000000000000e+03
1.962000000000000000e+03
1.963000000000000000e+03
1.965000000000000000e+03
1.971000000000000000e+03
1.972000000000000000e+03
1.977000000000000000e+03
1.986000000000000000e+03
2.001000000000000000e+03
2.011000000000000000e+03
2.014000000000000000e+03
2.019000000000000000e+03
2.021000000000000000e+03
2.023000000000000000e+03
2.025000000000000000e+03
2.033000000000000000e+03
2.037000000000000000e+03
2.038000000000000000e+03
2.039000000000000000e+03
2.040000000000000000e+03
2.045000000000000000e+03
2.049000000000000000e+03
2.051000000000000000e+03
2.055000000000000000e+03
2.062000000000000000e+03
2.067000000000000000e+03
2.068000000000000000e+03
2.074000000000000000e+03
2.076000000000000000e+03
2.080000000000000000e+03
2.083000000000000000e+03
2.099000000000000000e+03
2.100000000000000000e+03
2.103000000000000000e+03
2.111000000000000000e+03
2.112000000000000000e+03
2.116000000000000000e+03
2.117000000000000000e+03
2.118000000000000000e+03
2.120000000000000000e+03
2.121000000000000000e+03
2.127000000000000000e+03
2.129000000000000000e+03
2.130000000000000000e+03
2.132000000000000000e+03
2.133000000000000000e+03
2.134000000000000000e+03
2.135000000000000000e+03
2.138000000000000000e+03
2.142000000000000000e+03
2.143000000000000000e+03
2.154000000000000000e+03
2.159000000000000000e+03
2.165000000000000000e+03
2.169000000000000000e+03
2.171000000000000000e+03
2.174000000000000000e+03
2.176000000000000000e+03
2.177000000000000000e+03
2.185000000000000000e+03
2.189000000000000000e+03
2.193000000000000000e+03
2.200000000000000000e+03
2.202000000000000000e+03
2.203000000000000000e+03
2.206000000000000000e+03
2.208000000000000000e+03
2.212000000000000000e+03
2.222000000000000000e+03
2.226000000000000000e+03
2.232000000000000000e+03
2.235000000000000000e+03
2.244000000000000000e+03
2.245000000000000000e+03
2.248000000000000000e+03
2.249000000000000000e+03
2.250000000000000000e+03
2.252000000000000000e+03
2.254000000000000000e+03
2.256000000000000000e+03
2.258000000000000000e+03
2.260000000000000000e+03
2.263000000000000000e+03
2.265000000000000000e+03
2.266000000000000000e+03
2.268000000000000000e+03
2.271000000000000000e+03
2.279000000000000000e+03
2.281000000000000000e+03
2.288000000000000000e+03
2.291000000000000000e+03
2.301000000000000000e+03
2.304000000000000000e+03
2.306000000000000000e+03
2.317000000000000000e+03
2.318000000000000000e+03
2.319000000000000000e+03
2.324000000000000000e+03
2.342000000000000000e+03
2.344000000000000000e+03
2.346000000000000000e+03
2.356000000000000000e+03
2.357000000000000000e+03
2.361000000000000000e+03
2.362000000000000000e+03
2.364000000000000000e+03
2.368000000000000000e+03
2.369000000000000000e+03
2.370000000000000000e+03
2.376000000000000000e+03
2.380000000000000000e+03
2.384000000000000000e+03
2.392000000000000000e+03
2.394000000000000000e+03
2.405000000000000000e+03
2.409000000000000000e+03
2.410000000000000000e+03
2.412000000000000000e+03
2.416000000000000000e+03
2.418000000000000000e+03
2.419000000000000000e+03
2.420000000000000000e+03
2.421000000000000000e+03
2.422000000000000000e+03
2.431000000000000000e+03
2.434000000000000000e+03
2.438000000000000000e+03
2.445000000000000000e+03
2.447000000000000000e+03
2.453000000000000000e+03
2.455000000000000000e+03
2.457000000000000000e+03
2.459000000000000000e+03
2.463000000000000000e+03
2.466000000000000000e+03
2.470000000000000000e+03
2.474000000000000000e+03
2.476000000000000000e+03
2.479000000000000000e+03
2.482000000000000000e+03
2.483000000000000000e+03
2.484000000000000000e+03
2.494000000000000000e+03
2.495000000000000000e+03
2.497000000000000000e+03
2.498000000000000000e+03
2.500000000000000000e+03
2.505000000000000000e+03
2.506000000000000000e+03
2.514000000000000000e+03
2.520000000000000000e+03
2.527000000000000000e+03
2.528000000000000000e+03
2.534000000000000000e+03
2.539000000000000000e+03
2.541000000000000000e+03
2.544000000000000000e+03
2.546000000000000000e+03
2.548000000000000000e+03
2.553000000000000000e+03
2.555000000000000000e+03
2.557000000000000000e+03
2.560000000000000000e+03
2.563000000000000000e+03
2.564000000000000000e+03
2.567000000000000000e+03
2.574000000000000000e+03
2.575000000000000000e+03
2.583000000000000000e+03
2.584000000000000000e+03
2.587000000000000000e+03
2.588000000000000000e+03
2.589000000000000000e+03
2.591000000000000000e+03
2.593000000000000000e+03
2.595000000000000000e+03
2.596000000000000000e+03
2.599000000000000000e+03
2.600000000000000000e+03
2.603000000000000000e+03
2.610000000000000000e+03
2.614000000000000000e+03
2.620000000000000000e+03
2.621000000000000000e+03
2.625000000000000000e+03
2.629000000000000000e+03
2.631000000000000000e+03
2.632000000000000000e+03
2.633000000000000000e+03
2.643000000000000000e+03
2.651000000000000000e+03
2.652000000000000000e+03
2.669000000000000000e+03
2.670000000000000000e+03
2.674000000000000000e+03
2.676000000000000000e+03
2.677000000000000000e+03
2.678000000000000000e+03
2.683000000000000000e+03
2.684000000000000000e+03
2.685000000000000000e+03
2.694000000000000000e+03
2.695000000000000000e+03
2.697000000000000000e+03
2.698000000000000000e+03
2.700000000000000000e+03
2.701000000000000000e+03
2.703000000000000000e+03
2.705000000000000000e+03
2.706000000000000000e+03
2.711000000000000000e+03
2.719000000000000000e+03
2.725000000000000000e+03
2.730000000000000000e+03
2.736000000000000000e+03
2.740000000000000000e+03
2.741000000000000000e+03
2.750000000000000000e+03
2.751000000000000000e+03
2.753000000000000000e+03
2.757000000000000000e+03
2.767000000000000000e+03
2.769000000000000000e+03
2.770000000000000000e+03
2.771000000000000000e+03
2.774000000000000000e+03
2.776000000000000000e+03
2.786000000000000000e+03
2.787000000000000000e+03
2.794000000000000000e+03
2.798000000000000000e+03
2.800000000000000000e+03
2.804000000000000000e+03
2.812000000000000000e+03
2.813000000000000000e+03
2.814000000000000000e+03
2.815000000000000000e+03
2.817000000000000000e+03
2.818000000000000000e+03
2.829000000000000000e+03
2.831000000000000000e+03
2.834000000000000000e+03
2.836000000000000000e+03
2.839000000000000000e+03
2.842000000000000000e+03
2.844000000000000000e+03
2.845000000000000000e+03
2.851000000000000000e+03
2.853000000000000000e+03
2.854000000000000000e+03
2.855000000000000000e+03
2.859000000000000000e+03
2.863000000000000000e+03
2.864000000000000000e+03
2.866000000000000000e+03
2.867000000000000000e+03
2.874000000000000000e+03
2.878000000000000000e+03
2.879000000000000000e+03
2.883000000000000000e+03
2.885000000000000000e+03
2.886000000000000000e+03
2.892000000000000000e+03
2.893000000000000000e+03
2.895000000000000000e+03
2.898000000000000000e+03
2.902000000000000000e+03
2.906000000000000000e+03
2.909000000000000000e+03
2.914000000000000000e+03
2.916000000000000000e+03
2.920000000000000000e+03
2.924000000000000000e+03
2.927000000000000000e+03
2.928000000000000000e+03
2.929000000000000000e+03
2.931000000000000000e+03
2.932000000000000000e+03
2.940000000000000000e+03
2.942000000000000000e+03
2.943000000000000000e+03
2.948000000000000000e+03
2.950000000000000000e+03
2.954000000000000000e+03
2.957000000000000000e+03
2.958000000000000000e+03
2.961000000000000000e+03
2.963000000000000000e+03
2.970000000000000000e+03
2.972000000000000000e+03
2.975000000000000000e+03
2.976000000000000000e+03
2.981000000000000000e+03
2.983000000000000000e+03
2.984000000000000000e+03
2.987000000000000000e+03
2.995000000000000000e+03
2.999000000000000000e+03
3.002000000000000000e+03
3.003000000000000000e+03
3.005000000000000000e+03
3.006000000000000000e+03
3.013000000000000000e+03
3.017000000000000000e+03
3.020000000000000000e+03
3.022000000000000000e+03
3.023000000000000000e+03
3.025000000000000000e+03
3.033000000000000000e+03
3.035000000000000000e+03
3.037000000000000000e+03
3.040000000000000000e+03
3.041000000000000000e+03
3.044000000000000000e+03
3.046000000000000000e+03
3.049000000000000000e+03
3.055000000000000000e+03
3.057000000000000000e+03
3.067000000000000000e+03
3.071000000000000000e+03
3.079000000000000000e+03
3.081000000000000000e+03
3.082000000000000000e+03
3.089000000000000000e+03
3.094000000000000000e+03
3.101000000000000000e+03
3.105000000000000000e+03
3.111000000000000000e+03
3.113000000000000000e+03
3.114000000000000000e+03
3.115000000000000000e+03
3.124000000000000000e+03
3.128000000000000000e+03
3.132000000000000000e+03
3.134000000000000000e+03
3.145000000000000000e+03
3.149000000000000000e+03
3.153000000000000000e+03
3.155000000000000000e+03
3.156000000000000000e+03
3.157000000000000000e+03
3.158000000000000000e+03
3.163000000000000000e+03
3.167000000000000000e+03
3.173000000000000000e+03
3.177000000000000000e+03
3.180000000000000000e+03
3.181000000000000000e+03
3.188000000000000000e+03
3.193000000000000000e+03
3.198000000000000000e+03
3.199000000000000000e+03
3.208000000000000000e+03
3.213000000000000000e+03
3.217000000000000000e+03
3.219000000000000000e+03
3.223000000000000000e+03
3.224000000000000000e+03
3.225000000000000000e+03
3.233000000000000000e+03
3.239000000000000000e+03
3.242000000000000000e+03
3.243000000000000000e+03
3.246000000000000000e+03
3.247000000000000000e+03
3.251000000000000000e+03
3.264000000000000000e+03
3.279000000000000000e+03
3.281000000000000000e+03
3.282000000000000000e+03
3.284000000000000000e+03
3.285000000000000000e+03
3.293000000000000000e+03
3.294000000000000000e+03
3.295000000000000000e+03
3.298000000000000000e+03
3.311000000000000000e+03
3.317000000000000000e+03
3.321000000000000000e+03
3.325000000000000000e+03
3.328000000000000000e+03
3.331000000000000000e+03
3.333000000000000000e+03
3.336000000000000000e+03
3.337000000000000000e+03
3.338000000000000000e+03
3.346000000000000000e+03
3.362000000000000000e+03
3.367000000000000000e+03
3.368000000000000000e+03
3.370000000000000000e+03
3.374000000000000000e+03
3.376000000000000000e+03
3.382000000000000000e+03
3.383000000000000000e+03
3.385000000000000000e+03
3.388000000000000000e+03
3.392000000000000000e+03
3.394000000000000000e+03
3.397000000000000000e+03
3.403000000000000000e+03
3.406000000000000000e+03
3.409000000000000000e+03
3.412000000000000000e+03
3.418000000000000000e+03
3.419000000000000000e+03
3.420000000000000000e+03
3.421000000000000000e+03
3.422000000000000000e+03
3.424000000000000000e+03
3.428000000000000000e+03
3.429000000000000000e+03
3.436000000000000000e+03
3.440000000000000000e+03
3.443000000000000000e+03
3.453000000000000000e+03
3.463000000000000000e+03
3.468000000000000000e+03
3.469000000000000000e+03
3.477000000000000000e+03
3.485000000000000000e+03
3.487000000000000000e+03
3.488000000000000000e+03
3.491000000000000000e+03
3.495000000000000000e+03
3.497000000000000000e+03
3.498000000000000000e+03
3.500000000000000000e+03
3.501000000000000000e+03
3.504000000000000000e+03
3.515000000000000000e+03
3.518000000000000000e+03
3.520000000000000000e+03
3.524000000000000000e+03
3.531000000000000000e+03
3.535000000000000000e+03
3.548000000000000000e+03
3.549000000000000000e+03
3.551000000000000000e+03
3.552000000000000000e+03
3.553000000000000000e+03
3.561000000000000000e+03
3.567000000000000000e+03
3.571000000000000000e+03
3.585000000000000000e+03
3.586000000000000000e+03
3.589000000000000000e+03
3.591000000000000000e+03
3.592000000000000000e+03
3.593000000000000000e+03
3.600000000000000000e+03
3.601000000000000000e+03
3.607000000000000000e+03
3.608000000000000000e+03
3.618000000000000000e+03
3.622000000000000000e+03
3.624000000000000000e+03
3.628000000000000000e+03
3.633000000000000000e+03
3.636000000000000000e+03
3.640000000000000000e+03
3.643000000000000000e+03
3.645000000000000000e+03
3.646000000000000000e+03
3.647000000000000000e+03
3.649000000000000000e+03
3.652000000000000000e+03
3.653000000000000000e+03
3.654000000000000000e+03
3.659000000000000000e+03
3.661000000000000000e+03
3.670000000000000000e+03
3.671000000000000000e+03
3.672000000000000000e+03
3.673000000000000000e+03
3.678000000000000000e+03
3.680000000000000000e+03
3.685000000000000000e+03
3.686000000000000000e+03
3.688000000000000000e+03
3.689000000000000000e+03
3.691000000000000000e+03
3.693000000000000000e+03
3.694000000000000000e+03
3.696000000000000000e+03
3.699000000000000000e+03
3.701000000000000000e+03
3.707000000000000000e+03
3.720000000000000000e+03
3.722000000000000000e+03
3.725000000000000000e+03
3.728000000000000000e+03
3.729000000000000000e+03
3.735000000000000000e+03
3.738000000000000000e+03
3.740000000000000000e+03
3.745000000000000000e+03
3.750000000000000000e+03
3.751000000000000000e+03
3.755000000000000000e+03
3.756000000000000000e+03
3.757000000000000000e+03
3.758000000000000000e+03
3.765000000000000000e+03
3.772000000000000000e+03
3.773000000000000000e+03
3.776000000000000000e+03
3.778000000000000000e+03
3.782000000000000000e+03
3.783000000000000000e+03
3.785000000000000000e+03
3.787000000000000000e+03
3.790000000000000000e+03
3.792000000000000000e+03
3.798000000000000000e+03
3.799000000000000000e+03
3.807000000000000000e+03
3.808000000000000000e+03
3.812000000000000000e+03
3.813000000000000000e+03
3.818000000000000000e+03
3.820000000000000000e+03
3.824000000000000000e+03
3.825000000000000000e+03
3.827000000000000000e+03
3.837000000000000000e+03
3.851000000000000000e+03
3.853000000000000000e+03
3.856000000000000000e+03
3.858000000000000000e+03
3.860000000000000000e+03
3.868000000000000000e+03
3.874000000000000000e+03
3.876000000000000000e+03
3.880000000000000000e+03
3.883000000000000000e+03
3.884000000000000000e+03
3.885000000000000000e+03
3.889000000000000000e+03
3.893000000000000000e+03
3.896000000000000000e+03
3.897000000000000000e+03
3.898000000000000000e+03
3.901000000000000000e+03
3.909000000000000000e+03
3.912000000000000000e+03
3.923000000000000000e+03
3.932000000000000000e+03
3.935000000000000000e+03
3.936000000000000000e+03
3.937000000000000000e+03
3.938000000000000000e+03
3.948000000000000000e+03
3.949000000000000000e+03
3.951000000000000000e+03
3.953000000000000000e+03
3.958000000000000000e+03
3.963000000000000000e+03
3.968000000000000000e+03
3.974000000000000000e+03
3.977000000000000000e+03
3.978000000000000000e+03
3.982000000000000000e+03
3.984000000000000000e+03
3.987000000000000000e+03
3.988000000000000000e+03
3.989000000000000000e+03
3.992000000000000000e+03
3.998000000000000000e+03
4.000000000000000000e+03
4.001000000000000000e+03
4.002000000000000000e+03
4.014000000000000000e+03
4.015000000000000000e+03
4.017000000000000000e+03
4.020000000000000000e+03
4.023000000000000000e+03
4.024000000000000000e+03
4.028000000000000000e+03
4.029000000000000000e+03
4.031000000000000000e+03
4.037000000000000000e+03
4.038000000000000000e+03
4.039000000000000000e+03
4.045000000000000000e+03
4.049000000000000000e+03
4.050000000000000000e+03
4.051000000000000000e+03
4.061000000000000000e+03
4.064000000000000000e+03
4.069000000000000000e+03
4.070000000000000000e+03
4.072000000000000000e+03
4.075000000000000000e+03
4.076000000000000000e+03
4.077000000000000000e+03
4.079000000000000000e+03
4.080000000000000000e+03
4.081000000000000000e+03
4.088000000000000000e+03
4.089000000000000000e+03
4.090000000000000000e+03
4.091000000000000000e+03
4.095000000000000000e+03
4.096000000000000000e+03
4.101000000000000000e+03
4.103000000000000000e+03
4.110000000000000000e+03
4.112000000000000000e+03
4.113000000000000000e+03
4.114000000000000000e+03
4.116000000000000000e+03
4.117000000000000000e+03
4.119000000000000000e+03
4.120000000000000000e+03
4.121000000000000000e+03
4.128000000000000000e+03
4.131000000000000000e+03
4.140000000000000000e+03
4.142000000000000000e+03
4.146000000000000000e+03
4.150000000000000000e+03
4.152000000000000000e+03
4.154000000000000000e+03
4.160000000000000000e+03
4.163000000000000000e+03
4.167000000000000000e+03
4.171000000000000000e+03
4.172000000000000000e+03
4.176000000000000000e+03
4.177000000000000000e+03
4.179000000000000000e+03
4.180000000000000000e+03
4.193000000000000000e+03
4.196000000000000000e+03
4.204000000000000000e+03
4.207000000000000000e+03
4.217000000000000000e+03
4.218000000000000000e+03
4.219000000000000000e+03
4.224000000000000000e+03
4.225000000000000000e+03
4.231000000000000000e+03
4.232000000000000000e+03
4.234000000000000000e+03
4.235000000000000000e+03
4.239000000000000000e+03
4.241000000000000000e+03
4.243000000000000000e+03
4.247000000000000000e+03
4.250000000000000000e+03
4.253000000000000000e+03
4.254000000000000000e+03
4.260000000000000000e+03
4.262000000000000000e+03
4.266000000000000000e+03
4.269000000000000000e+03
4.271000000000000000e+03
4.274000000000000000e+03
4.277000000000000000e+03
4.279000000000000000e+03
4.280000000000000000e+03
4.281000000000000000e+03
4.285000000000000000e+03
4.287000000000000000e+03
4.288000000000000000e+03
4.289000000000000000e+03
4.293000000000000000e+03
4.294000000000000000e+03
4.296000000000000000e+03
4.300000000000000000e+03
4.305000000000000000e+03
4.307000000000000000e+03
4.311000000000000000e+03
4.312000000000000000e+03
4.315000000000000000e+03
4.319000000000000000e+03
4.321000000000000000e+03
4.323000000000000000e+03
4.325000000000000000e+03
4.327000000000000000e+03
4.330000000000000000e+03
4.334000000000000000e+03
4.335000000000000000e+03
4.336000000000000000e+03
4.338000000000000000e+03
4.340000000000000000e+03
4.346000000000000000e+03
4.347000000000000000e+03
4.349000000000000000e+03
4.350000000000000000e+03
4.353000000000000000e+03
4.357000000000000000e+03
4.359000000000000000e+03
4.360000000000000000e+03
4.361000000000000000e+03
4.362000000000000000e+03
4.363000000000000000e+03
4.369000000000000000e+03
4.371000000000000000e+03
4.372000000000000000e+03
4.375000000000000000e+03
4.376000000000000000e+03
4.377000000000000000e+03
4.379000000000000000e+03
4.380000000000000000e+03
4.382000000000000000e+03
4.384000000000000000e+03
4.390000000000000000e+03
4.392000000000000000e+03
4.398000000000000000e+03
4.399000000000000000e+03
4.400000000000000000e+03
4.402000000000000000e+03
4.404000000000000000e+03
4.407000000000000000e+03
4.410000000000000000e+03
4.411000000000000000e+03
4.413000000000000000e+03
4.415000000000000000e+03
4.418000000000000000e+03
4.420000000000000000e+03
4.421000000000000000e+03
4.422000000000000000e+03
4.427000000000000000e+03
4.428000000000000000e+03
4.431000000000000000e+03
4.432000000000000000e+03
4.434000000000000000e+03
4.437000000000000000e+03
4.442000000000000000e+03
4.447000000000000000e+03
4.452000000000000000e+03
4.454000000000000000e+03
4.459000000000000000e+03
4.462000000000000000e+03
4.463000000000000000e+03
4.464000000000000000e+03
4.485000000000000000e+03
4.486000000000000000e+03
4.490000000000000000e+03
4.492000000000000000e+03
4.493000000000000000e+03
4.498000000000000000e+03
4.500000000000000000e+03
4.503000000000000000e+03
4.506000000000000000e+03
4.514000000000000000e+03
4.527000000000000000e+03
4.531000000000000000e+03
4.540000000000000000e+03
4.543000000000000000e+03
4.548000000000000000e+03
4.552000000000000000e+03
4.559000000000000000e+03
4.560000000000000000e+03
4.561000000000000000e+03
4.564000000000000000e+03
4.566000000000000000e+03
4.568000000000000000e+03
4.577000000000000000e+03
4.590000000000000000e+03
4.598000000000000000e+03
4.606000000000000000e+03
4.614000000000000000e+03
4.615000000000000000e+03
4.618000000000000000e+03
4.620000000000000000e+03
4.625000000000000000e+03
4.631000000000000000e+03
4.634000000000000000e+03
4.636000000000000000e+03
4.643000000000000000e+03
4.644000000000000000e+03
4.652000000000000000e+03
4.666000000000000000e+03
4.668000000000000000e+03
4.673000000000000000e+03
4.678000000000000000e+03
4.679000000000000000e+03
4.686000000000000000e+03
4.689000000000000000e+03
4.690000000000000000e+03
4.698000000000000000e+03
4.700000000000000000e+03
4.703000000000000000e+03
4.706000000000000000e+03
4.708000000000000000e+03
4.710000000000000000e+03
4.719000000000000000e+03
4.725000000000000000e+03
4.728000000000000000e+03
4.731000000000000000e+03
4.739000000000000000e+03
4.753000000000000000e+03
4.755000000000000000e+03
4.763000000000000000e+03
4.767000000000000000e+03
4.768000000000000000e+03
4.769000000000000000e+03
4.776000000000000000e+03
4.781000000000000000e+03
4.785000000000000000e+03
4.787000000000000000e+03
4.788000000000000000e+03
4.791000000000000000e+03
4.799000000000000000e+03
4.801000000000000000e+03
4.802000000000000000e+03
4.804000000000000000e+03
4.806000000000000000e+03
4.808000000000000000e+03
4.811000000000000000e+03
4.815000000000000000e+03
4.819000000000000000e+03
4.821000000000000000e+03
4.822000000000000000e+03
4.823000000000000000e+03
4.833000000000000000e+03
4.854000000000000000e+03
4.855000000000000000e+03
4.866000000000000000e+03
4.873000000000000000e+03
4.874000000000000000e+03
4.875000000000000000e+03
4.876000000000000000e+03
4.878000000000000000e+03
4.883000000000000000e+03
4.884000000000000000e+03
4.885000000000000000e+03
4.888000000000000000e+03
4.894000000000000000e+03
4.895000000000000000e+03
4.896000000000000000e+03
4.897000000000000000e+03
4.899000000000000000e+03
4.906000000000000000e+03
4.907000000000000000e+03
4.908000000000000000e+03
4.914000000000000000e+03
4.917000000000000000e+03
4.922000000000000000e+03
4.929000000000000000e+03
4.932000000000000000e+03
4.934000000000000000e+03
4.937000000000000000e+03
4.938000000000000000e+03
4.940000000000000000e+03
4.945000000000000000e+03
4.950000000000000000e+03
4.951000000000000000e+03
4.953000000000000000e+03
4.954000000000000000e+03
4.955000000000000000e+03
4.957000000000000000e+03
4.958000000000000000e+03
4.964000000000000000e+03
4.970000000000000000e+03
4.979000000000000000e+03
4.990000000000000000e+03
4.992000000000000000e+03
4.994000000000000000e+03
4.998000000000000000e+03
4.999000000000000000e+03
5.001000000000000000e+03
5.005000000000000000e+03
5.010000000000000000e+03
5.011000000000000000e+03
5.014000000000000000e+03
5.018000000000000000e+03
5.025000000000000000e+03
5.027000000000000000e+03
5.032000000000000000e+03
5.033000000000000000e+03
5.035000000000000000e+03
5.047000000000000000e+03
5.048000000000000000e+03
5.054000000000000000e+03
5.056000000000000000e+03
5.057000000000000000e+03
5.058000000000000000e+03
5.062000000000000000e+03
5.064000000000000000e+03
5.068000000000000000e+03
5.070000000000000000e+03
5.074000000000000000e+03
5.081000000000000000e+03
5.084000000000000000e+03
5.093000000000000000e+03
5.094000000000000000e+03
5.097000000000000000e+03
5.098000000000000000e+03
5.101000000000000000e+03
5.106000000000000000e+03
5.108000000000000000e+03
5.109000000000000000e+03
5.110000000000000000e+03
5.116000000000000000e+03
5.119000000000000000e+03
5.125000000000000000e+03
5.127000000000000000e+03
5.131000000000000000e+03
5.137000000000000000e+03
5.143000000000000000e+03
5.144000000000000000e+03
5.148000000000000000e+03
5.149000000000000000e+03
5.156000000000000000e+03
5.158000000000000000e+03
5.161000000000000000e+03
5.163000000000000000e+03
5.164000000000000000e+03
5.166000000000000000e+03
5.167000000000000000e+03
5.178000000000000000e+03
5.187000000000000000e+03
5.188000000000000000e+03
5.193000000000000000e+03
5.194000000000000000e+03
5.195000000000000000e+03
5.196000000000000000e+03
5.206000000000000000e+03
5.208000000000000000e+03
5.209000000000000000e+03
5.223000000000000000e+03
5.226000000000000000e+03
5.229000000000000000e+03
5.231000000000000000e+03
5.240000000000000000e+03
5.249000000000000000e+03
5.253000000000000000e+03
5.258000000000000000e+03
5.267000000000000000e+03
5.270000000000000000e+03
5.273000000000000000e+03
5.280000000000000000e+03
5.284000000000000000e+03
5.286000000000000000e+03
5.290000000000000000e+03
5.291000000000000000e+03
5.293000000000000000e+03
5.310000000000000000e+03
5.319000000000000000e+03
5.332000000000000000e+03
5.335000000000000000e+03
5.337000000000000000e+03
5.340000000000000000e+03
5.343000000000000000e+03
5.345000000000000000e+03
5.348000000000000000e+03
5.352000000000000000e+03
5.355000000000000000e+03
5.358000000000000000e+03
5.367000000000000000e+03
5.377000000000000000e+03
5.378000000000000000e+03
5.379000000000000000e+03
5.381000000000000000e+03
5.382000000000000000e+03
5.386000000000000000e+03
5.395000000000000000e+03
5.396000000000000000e+03
5.403000000000000000e+03
5.404000000000000000e+03
5.406000000000000000e+03
5.407000000000000000e+03
5.410000000000000000e+03
5.414000000000000000e+03
5.417000000000000000e+03
5.420000000000000000e+03
5.421000000000000000e+03
5.430000000000000000e+03
5.432000000000000000e+03
5.444000000000000000e+03
5.446000000000000000e+03
5.451000000000000000e+03
5.455000000000000000e+03
5.456000000000000000e+03
5.457000000000000000e+03
5.458000000000000000e+03
5.460000000000000000e+03
5.468000000000000000e+03
5.475000000000000000e+03
5.476000000000000000e+03
5.483000000000000000e+03
5.486000000000000000e+03
5.488000000000000000e+03
5.497000000000000000e+03
5.504000000000000000e+03
5.511000000000000000e+03
5.512000000000000000e+03
5.513000000000000000e+03
5.519000000000000000e+03
5.521000000000000000e+03
5.530000000000000000e+03
5.532000000000000000e+03
5.536000000000000000e+03
5.539000000000000000e+03
5.540000000000000000e+03
5.549000000000000000e+03
5.553000000000000000e+03
5.556000000000000000e+03
5.559000000000000000e+03
5.560000000000000000e+03
5.563000000000000000e+03
5.567000000000000000e+03
5.573000000000000000e+03
5.576000000000000000e+03
5.578000000000000000e+03
5.586000000000000000e+03
5.587000000000000000e+03
5.590000000000000000e+03
5.591000000000000000e+03
5.592000000000000000e+03
5.596000000000000000e+03
5.603000000000000000e+03
5.604000000000000000e+03
5.606000000000000000e+03
5.609000000000000000e+03
5.616000000000000000e+03
5.618000000000000000e+03
5.619000000000000000e+03
5.631000000000000000e+03
5.632000000000000000e+03
5.641000000000000000e+03
5.649000000000000000e+03
5.657000000000000000e+03
5.658000000000000000e+03
5.659000000000000000e+03
5.660000000000000000e+03
5.666000000000000000e+03
5.675000000000000000e+03
5.686000000000000000e+03
5.687000000000000000e+03
5.689000000000000000e+03
5.699000000000000000e+03
5.702000000000000000e+03
5.703000000000000000e+03
5.705000000000000000e+03
5.706000000000000000e+03
5.707000000000000000e+03
5.712000000000000000e+03
5.715000000000000000e+03
5.727000000000000000e+03
5.728000000000000000e+03
5.730000000000000000e+03
5.737000000000000000e+03
5.741000000000000000e+03
5.747000000000000000e+03
5.749000000000000000e+03
5.750000000000000000e+03
5.758000000000000000e+03
5.766000000000000000e+03
5.768000000000000000e+03
5.771000000000000000e+03
5.772000000000000000e+03
5.774000000000000000e+03
5.775000000000000000e+03
5.783000000000000000e+03
5.784000000000000000e+03
5.786000000000000000e+03
5.789000000000000000e+03
5.790000000000000000e+03
5.791000000000000000e+03
5.792000000000000000e+03
5.802000000000000000e+03
5.804000000000000000e+03
5.808000000000000000e+03
5.810000000000000000e+03
5.813000000000000000e+03
5.814000000000000000e+03
5.816000000000000000e+03
5.818000000000000000e+03
5.821000000000000000e+03
5.822000000000000000e+03
5.830000000000000000e+03
5.835000000000000000e+03
5.838000000000000000e+03
5.842000000000000000e+03
5.843000000000000000e+03
5.852000000000000000e+03
5.859000000000000000e+03
5.860000000000000000e+03
5.861000000000000000e+03
5.864000000000000000e+03
5.866000000000000000e+03
5.869000000000000000e+03
5.877000000000000000e+03
5.878000000000000000e+03
5.887000000000000000e+03
5.888000000000000000e+03
5.891000000000000000e+03
5.892000000000000000e+03
5.894000000000000000e+03
5.895000000000000000e+03
5.906000000000000000e+03
5.908000000000000000e+03
5.910000000000000000e+03
5.914000000000000000e+03
5.917000000000000000e+03
5.921000000000000000e+03
5.922000000000000000e+03
5.929000000000000000e+03
5.931000000000000000e+03
5.944000000000000000e+03
5.945000000000000000e+03
5.947000000000000000e+03
5.951000000000000000e+03
5.956000000000000000e+03
5.962000000000000000e+03
5.964000000000000000e+03
