3.659000000000000000e+03
1.815000000000000000e+03
2.000000000000000000e+00
5.000000000000000000e+00
1.700000000000000000e+01
2.700000000000000000e+01
3.500000000000000000e+01
4.400000000000000000e+01
5.800000000000000000e+01
6.700000000000000000e+01
7.300000000000000000e+01
7.700000000000000000e+01
8.200000000000000000e+01
8.500000000000000000e+01
8.800000000000000000e+01
9.600000000000000000e+01
1.050000000000000000e+02
1.080000000000000000e+02
1.170000000000000000e+02
1.190000000000000000e+02
1.220000000000000000e+02
1.300000000000000000e+02
1.350000000000000000e+02
1.360000000000000000e+02
1.500000000000000000e+02
1.550000000000000000e+02
1.560000000000000000e+02
1.580000000000000000e+02
1.590000000000000000e+02
1.600000000000000000e+02
1.700000000000000000e+02
1.750000000000000000e+02
1.810000000000000000e+02
1.820000000000000000e+02
1.910000000000000000e+02
1.940000000000000000e+02
1.950000000000000000e+02
1.980000000000000000e+02
2.060000000000000000e+02
2.110000000000000000e+02
2.150000000000000000e+02
2.270000000000000000e+02
2.280000000000000000e+02
2.300000000000000000e+02
2.350000000000000000e+02
2.510000000000000000e+02
2.520000000000000000e+02
2.570000000000000000e+02
2.580000000000000000e+02
2.720000000000000000e+02
2.780000000000000000e+02
2.790000000000000000e+02
2.820000000000000000e+02
2.830000000000000000e+02
3.100000000000000000e+02
3.150000000000000000e+02
3.170000000000000000e+02
3.210000000000000000e+02
3.250000000000000000e+02
3.270000000000000000e+02
3.290000000000000000e+02
3.330000000000000000e+02
3.380000000000000000e+02
3.410000000000000000e+02
3.490000000000000000e+02
3.530000000000000000e+02
3.640000000000000000e+02
3.710000000000000000e+02
3.770000000000000000e+02
3.810000000000000000e+02
3.820000000000000000e+02
3.870000000000000000e+02
3.890000000000000000e+02
3.990000000000000000e+02
4.000000000000000000e+02
4.010000000000000000e+02
4.140000000000000000e+02
4.400000000000000000e+02
4.570000000000000000e+02
4.580000000000000000e+02
4.600000000000000000e+02
4.690000000000000000e+02
4.740000000000000000e+02
4.770000000000000000e+02
4.810000000000000000e+02
4.820000000000000000e+02
4.940000000000000000e+02
4.960000000000000000e+02
4.980000000000000000e+02
4.990000000000000000e+02
5.000000000000000000e+02
5.040000000000000000e+02
5.050000000000000000e+02
5.140000000000000000e+02
5.160000000000000000e+02
5.240000000000000000e+02
5.390000000000000000e+02
5.440000000000000000e+02
5.460000000000000000e+02
5.490000000000000000e+02
5.500000000000000000e+02
5.530000000000000000e+02
5.540000000000000000e+02
5.590000000000000000e+02
5.710000000000000000e+02
5.800000000000000000e+02
5.820000000000000000e+02
5.850000000000000000e+02
5.940000000000000000e+02
5.990000000000000000e+02
6.020000000000000000e+02
6.070000000000000000e+02
6.120000000000000000e+02
6.140000000000000000e+02
6.160000000000000000e+02
6.190000000000000000e+02
6.270000000000000000e+02
6.350000000000000000e+02
6.420000000000000000e+02
6.520000000000000000e+02
6.540000000000000000e+02
6.620000000000000000e+02
6.640000000000000000e+02
6.650000000000000000e+02
6.790000000000000000e+02
6.820000000000000000e+02
6.890000000000000000e+02
6.930000000000000000e+02
6.960000000000000000e+02
6.970000000000000000e+02
6.990000000000000000e+02
7.020000000000000000e+02
7.120000000000000000e+02
7.130000000000000000e+02
7.140000000000000000e+02
7.190000000000000000e+02
7.210000000000000000e+02
7.220000000000000000e+02
7.230000000000000000e+02
7.250000000000000000e+02
7.290000000000000000e+02
7.350000000000000000e+02
7.400000000000000000e+02
7.410000000000000000e+02
7.530000000000000000e+02
7.550000000000000000e+02
7.570000000000000000e+02
7.590000000000000000e+02
7.780000000000000000e+02
7.840000000000000000e+02
7.850000000000000000e+02
7.860000000000000000e+02
7.880000000000000000e+02
7.920000000000000000e+02
7.930000000000000000e+02
7.970000000000000000e+02
7.980000000000000000e+02
8.020000000000000000e+02
8.040000000000000000e+02
8.120000000000000000e+02
8.130000000000000000e+02
8.140000000000000000e+02
8.150000000000000000e+02
8.210000000000000000e+02
8.220000000000000000e+02
8.270000000000000000e+02
8.300000000000000000e+02
8.350000000000000000e+02
8.380000000000000000e+02
8.480000000000000000e+02
8.570000000000000000e+02
8.630000000000000000e+02
8.680000000000000000e+02
8.700000000000000000e+02
8.870000000000000000e+02
9.050000000000000000e+02
9.080000000000000000e+02
9.090000000000000000e+02
9.140000000000000000e+02
9.160000000000000000e+02
9.170000000000000000e+02
9.250000000000000000e+02
9.300000000000000000e+02
9.320000000000000000e+02
9.400000000000000000e+02
9.470000000000000000e+02
9.480000000000000000e+02
9.500000000000000000e+02
9.610000000000000000e+02
9.700000000000000000e+02
9.840000000000000000e+02
9.980000000000000000e+02
1.021000000000000000e+03
1.023000000000000000e+03
1.025000000000000000e+03
1.029000000000000000e+03
1.031000000000000000e+03
1.035000000000000000e+03
1.038000000000000000e+03
1.052000000000000000e+03
1.054000000000000000e+03
1.056000000000000000e+03
1.060000000000000000e+03
1.061000000000000000e+03
1.069000000000000000e+03
1.070000000000000000e+03
1.074000000000000000e+03
1.088000000000000000e+03
1.089000000000000000e+03
1.091000000000000000e+03
1.093000000000000000e+03
1.094000000000000000e+03
1.110000000000000000e+03
1.121000000000000000e+03
1.122000000000000000e+03
1.134000000000000000e+03
1.137000000000000000e+03
1.144000000000000000e+03
1.145000000000000000e+03
1.146000000000000000e+03
1.153000000000000000e+03
1.161000000000000000e+03
1.162000000000000000e+03
1.171000000000000000e+03
1.174000000000000000e+03
1.177000000000000000e+03
1.179000000000000000e+03
1.181000000000000000e+03
1.191000000000000000e+03
1.197000000000000000e+03
1.204000000000000000e+03
1.211000000000000000e+03
1.230000000000000000e+03
1.232000000000000000e+03
1.247000000000000000e+03
1.248000000000000000e+03
1.249000000000000000e+03
1.251000000000000000e+03
1.252000000000000000e+03
1.262000000000000000e+03
1.263000000000000000e+03
1.271000000000000000e+03
1.273000000000000000e+03
1.276000000000000000e+03
1.281000000000000000e+03
1.286000000000000000e+03
1.287000000000000000e+03
1.291000000000000000e+03
1.293000000000000000e+03
1.294000000000000000e+03
1.297000000000000000e+03
1.299000000000000000e+03
1.300000000000000000e+03
1.306000000000000000e+03
1.316000000000000000e+03
1.323000000000000000e+03
1.334000000000000000e+03
1.336000000000000000e+03
1.344000000000000000e+03
1.346000000000000000e+03
1.347000000000000000e+03
1.348000000000000000e+03
1.354000000000000000e+03
1.364000000000000000e+03
1.369000000000000000e+03
1.371000000000000000e+03
1.376000000000000000e+03
1.378000000000000000e+03
1.379000000000000000e+03
1.385000000000000000e+03
1.400000000000000000e+03
1.403000000000000000e+03
1.408000000000000000e+03
1.409000000000000000e+03
1.411000000000000000e+03
1.414000000000000000e+03
1.416000000000000000e+03
1.419000000000000000e+03
1.427000000000000000e+03
1.428000000000000000e+03
1.433000000000000000e+03
1.434000000000000000e+03
1.450000000000000000e+03
1.454000000000000000e+03
1.455000000000000000e+03
1.459000000000000000e+03
1.462000000000000000e+03
1.464000000000000000e+03
1.472000000000000000e+03
1.478000000000000000e+03
1.480000000000000000e+03
1.489000000000000000e+03
1.501000000000000000e+03
1.513000000000000000e+03
1.519000000000000000e+03
1.527000000000000000e+03
1.530000000000000000e+03
1.532000000000000000e+03
1.533000000000000000e+03
1.535000000000000000e+03
1.537000000000000000e+03
1.551000000000000000e+03
1.555000000000000000e+03
1.560000000000000000e+03
1.565000000000000000e+03
1.569000000000000000e+03
1.570000000000000000e+03
1.574000000000000000e+03
1.585000000000000000e+03
1.597000000000000000e+03
1.602000000000000000e+03
1.606000000000000000e+03
1.612000000000000000e+03
1.614000000000000000e+03
1.620000000000000000e+03
1.632000000000000000e+03
1.637000000000000000e+03
1.641000000000000000e+03
1.666000000000000000e+03
1.667000000000000000e+03
1.672000000000000000e+03
1.682000000000000000e+03
1.684000000000000000e+03
1.689000000000000000e+03
1.698000000000000000e+03
1.699000000000000000e+03
1.701000000000000000e+03
1.702000000000000000e+03
1.703000000000000000e+03
1.711000000000000000e+03
1.712000000000000000e+03
1.714000000000000000e+03
1.715000000000000000e+03
1.720000000000000000e+03
1.723000000000000000e+03
1.731000000000000000e+03
1.732000000000000000e+03
1.743000000000000000e+03
1.745000000000000000e+03
1.748000000000000000e+03
1.753000000000000000e+03
1.755000000000000000e+03
1.768000000000000000e+03
1.771000000000000000e+03
1.772000000000000000e+03
1.774000000000000000e+03
1.781000000000000000e+03
1.782000000000000000e+03
1.783000000000000000e+03
1.784000000000000000e+03
1.792000000000000000e+03
1.796000000000000000e+03
1.797000000000000000e+03
1.803000000000000000e+03
1.807000000000000000e+03
1.808000000000000000e+03
1.810000000000000000e+03
1.813000000000000000e+03
1.814000000000000000e+03
1.818000000000000000e+03
1.819000000000000000e+03
1.822000000000000000e+03
1.823000000000000000e+03
1.826000000000000000e+03
1.829000000000000000e+03
1.830000000000000000e+03
1.834000000000000000e+03
1.839000000000000000e+03
1.852000000000000000e+03
1.855000000000000000e+03
1.857000000000000000e+03
1.859000000000000000e+03
1.862000000000000000e+03
1.869000000000000000e+03
1.870000000000000000e+03
1.880000000000000000e+03
1.881000000000000000e+03
1.889000000000000000e+03
1.891000000000000000e+03
1.897000000000000000e+03
1.898000000000000000e+03
1.899000000000000000e+03
1.901000000000000000e+03
1.902000000000000000e+03
1.906000000000000000e+03
1.908000000000000000e+03
1.910000000000000000e+03
1.912000000000000000e+03
1.921000000000000000e+03
1.922000000000000000e+03
1.928000000000000000e+03
1.935000000000000000e+03
1.938000000000000000e+03
1.940000000000000000e+03
1.941000000000000000e+03
1.946000000000000000e+03
1.968000000000000000e+03
1.971000000000000000e+03
1.972000000000000000e+03
1.975000000000000000e+03
1.981000000000000000e+03
1.985000000000000000e+03
1.986000000000000000e+03
1.997000000000000000e+03
2.012000000000000000e+03
2.027000000000000000e+03
2.033000000000000000e+03
2.038000000000000000e+03
2.041000000000000000e+03
2.042000000000000000e+03
2.044000000000000000e+03
2.053000000000000000e+03
2.054000000000000000e+03
2.055000000000000000e+03
2.057000000000000000e+03
2.058000000000000000e+03
2.060000000000000000e+03
2.068000000000000000e+03
2.069000000000000000e+03
2.074000000000000000e+03
2.075000000000000000e+03
2.081000000000000000e+03
2.083000000000000000e+03
2.084000000000000000e+03
2.086000000000000000e+03
2.094000000000000000e+03
2.098000000000000000e+03
2.103000000000000000e+03
2.105000000000000000e+03
2.111000000000000000e+03
2.117000000000000000e+03
2.118000000000000000e+03
2.126000000000000000e+03
2.127000000000000000e+03
2.130000000000000000e+03
2.132000000000000000e+03
2.143000000000000000e+03
2.149000000000000000e+03
2.150000000000000000e+03
2.154000000000000000e+03
2.164000000000000000e+03
2.166000000000000000e+03
2.168000000000000000e+03
2.169000000000000000e+03
2.173000000000000000e+03
2.176000000000000000e+03
2.178000000000000000e+03
2.184000000000000000e+03
2.188000000000000000e+03
2.192000000000000000e+03
2.203000000000000000e+03
2.208000000000000000e+03
2.212000000000000000e+03
2.215000000000000000e+03
2.216000000000000000e+03
2.225000000000000000e+03
2.231000000000000000e+03
2.232000000000000000e+03
2.235000000000000000e+03
2.236000000000000000e+03
2.237000000000000000e+03
2.242000000000000000e+03
2.244000000000000000e+03
2.245000000000000000e+03
2.246000000000000000e+03
2.254000000000000000e+03
2.261000000000000000e+03
2.266000000000000000e+03
2.268000000000000000e+03
2.270000000000000000e+03
2.273000000000000000e+03
2.284000000000000000e+03
2.291000000000000000e+03
2.294000000000000000e+03
2.297000000000000000e+03
2.303000000000000000e+03
2.306000000000000000e+03
2.312000000000000000e+03
2.319000000000000000e+03
2.334000000000000000e+03
2.343000000000000000e+03
2.362000000000000000e+03
2.370000000000000000e+03
2.380000000000000000e+03
2.381000000000000000e+03
2.383000000000000000e+03
2.391000000000000000e+03
2.392000000000000000e+03
2.401000000000000000e+03
2.409000000000000000e+03
2.410000000000000000e+03
2.411000000000000000e+03
2.412000000000000000e+03
2.416000000000000000e+03
2.421000000000000000e+03
2.437000000000000000e+03
2.443000000000000000e+03
2.447000000000000000e+03
2.449000000000000000e+03
2.452000000000000000e+03
2.453000000000000000e+03
2.458000000000000000e+03
2.460000000000000000e+03
2.461000000000000000e+03
2.463000000000000000e+03
2.465000000000000000e+03
2.466000000000000000e+03
2.468000000000000000e+03
2.471000000000000000e+03
2.480000000000000000e+03
2.481000000000000000e+03
2.483000000000000000e+03
2.484000000000000000e+03
2.490000000000000000e+03
2.495000000000000000e+03
2.502000000000000000e+03
2.505000000000000000e+03
2.512000000000000000e+03
2.519000000000000000e+03
2.521000000000000000e+03
2.526000000000000000e+03
2.528000000000000000e+03
2.533000000000000000e+03
2.534000000000000000e+03
2.541000000000000000e+03
2.545000000000000000e+03
2.560000000000000000e+03
2.579000000000000000e+03
2.582000000000000000e+03
2.591000000000000000e+03
2.595000000000000000e+03
2.596000000000000000e+03
2.600000000000000000e+03
2.601000000000000000e+03
2.603000000000000000e+03
2.612000000000000000e+03
2.614000000000000000e+03
2.619000000000000000e+03
2.625000000000000000e+03
2.626000000000000000e+03
2.629000000000000000e+03
2.633000000000000000e+03
2.635000000000000000e+03
2.652000000000000000e+03
2.655000000000000000e+03
2.657000000000000000e+03
2.658000000000000000e+03
2.660000000000000000e+03
2.665000000000000000e+03
2.674000000000000000e+03
2.680000000000000000e+03
2.688000000000000000e+03
2.689000000000000000e+03
2.697000000000000000e+03
2.698000000000000000e+03
2.701000000000000000e+03
2.702000000000000000e+03
2.713000000000000000e+03
2.717000000000000000e+03
2.721000000000000000e+03
2.725000000000000000e+03
2.733000000000000000e+03
2.740000000000000000e+03
2.741000000000000000e+03
2.742000000000000000e+03
2.743000000000000000e+03
2.746000000000000000e+03
2.751000000000000000e+03
2.756000000000000000e+03
2.758000000000000000e+03
2.762000000000000000e+03
2.768000000000000000e+03
2.771000000000000000e+03
2.778000000000000000e+03
2.779000000000000000e+03
2.784000000000000000e+03
2.785000000000000000e+03
2.786000000000000000e+03
2.791000000000000000e+03
2.804000000000000000e+03
2.808000000000000000e+03
2.810000000000000000e+03
2.817000000000000000e+03
2.819000000000000000e+03
2.824000000000000000e+03
2.825000000000000000e+03
2.826000000000000000e+03
2.829000000000000000e+03
2.831000000000000000e+03
2.835000000000000000e+03
2.837000000000000000e+03
2.838000000000000000e+03
2.839000000000000000e+03
2.840000000000000000e+03
2.841000000000000000e+03
2.844000000000000000e+03
2.845000000000000000e+03
2.848000000000000000e+03
2.851000000000000000e+03
2.853000000000000000e+03
2.854000000000000000e+03
2.862000000000000000e+03
2.868000000000000000e+03
2.869000000000000000e+03
2.871000000000000000e+03
2.875000000000000000e+03
2.876000000000000000e+03
2.877000000000000000e+03
2.878000000000000000e+03
2.883000000000000000e+03
2.884000000000000000e+03
2.887000000000000000e+03
2.888000000000000000e+03
2.890000000000000000e+03
2.891000000000000000e+03
2.893000000000000000e+03
2.895000000000000000e+03
2.898000000000000000e+03
2.901000000000000000e+03
2.907000000000000000e+03
2.908000000000000000e+03
2.909000000000000000e+03
2.911000000000000000e+03
2.914000000000000000e+03
2.917000000000000000e+03
2.920000000000000000e+03
2.922000000000000000e+03
2.924000000000000000e+03
2.925000000000000000e+03
2.930000000000000000e+03
2.931000000000000000e+03
2.932000000000000000e+03
2.940000000000000000e+03
2.942000000000000000e+03
2.943000000000000000e+03
2.946000000000000000e+03
2.947000000000000000e+03
2.951000000000000000e+03
2.953000000000000000e+03
2.955000000000000000e+03
2.958000000000000000e+03
2.959000000000000000e+03
2.962000000000000000e+03
2.963000000000000000e+03
2.973000000000000000e+03
2.974000000000000000e+03
2.975000000000000000e+03
2.987000000000000000e+03
2.988000000000000000e+03
2.995000000000000000e+03
3.000000000000000000e+03
3.003000000000000000e+03
3.008000000000000000e+03
3.021000000000000000e+03
3.022000000000000000e+03
3.023000000000000000e+03
3.025000000000000000e+03
3.027000000000000000e+03
3.032000000000000000e+03
3.036000000000000000e+03
3.040000000000000000e+03
3.043000000000000000e+03
3.044000000000000000e+03
3.062000000000000000e+03
3.068000000000000000e+03
3.080000000000000000e+03
3.083000000000000000e+03
3.089000000000000000e+03
3.090000000000000000e+03
3.091000000000000000e+03
3.094000000000000000e+03
3.095000000000000000e+03
3.098000000000000000e+03
3.099000000000000000e+03
3.100000000000000000e+03
3.101000000000000000e+03
3.107000000000000000e+03
3.109000000000000000e+03
3.114000000000000000e+03
3.115000000000000000e+03
3.118000000000000000e+03
3.124000000000000000e+03
3.127000000000000000e+03
3.128000000000000000e+03
3.131000000000000000e+03
3.134000000000000000e+03
3.138000000000000000e+03
3.139000000000000000e+03
3.140000000000000000e+03
3.147000000000000000e+03
3.151000000000000000e+03
3.154000000000000000e+03
3.157000000000000000e+03
3.158000000000000000e+03
3.160000000000000000e+03
3.164000000000000000e+03
3.175000000000000000e+03
3.176000000000000000e+03
3.177000000000000000e+03
3.180000000000000000e+03
3.181000000000000000e+03
3.182000000000000000e+03
3.183000000000000000e+03
3.186000000000000000e+03
3.187000000000000000e+03
3.191000000000000000e+03
3.195000000000000000e+03
3.199000000000000000e+03
3.206000000000000000e+03
3.211000000000000000e+03
3.212000000000000000e+03
3.217000000000000000e+03
3.219000000000000000e+03
3.224000000000000000e+03
3.229000000000000000e+03
3.230000000000000000e+03
3.233000000000000000e+03
3.234000000000000000e+03
3.242000000000000000e+03
3.243000000000000000e+03
3.249000000000000000e+03
3.258000000000000000e+03
3.260000000000000000e+03
3.262000000000000000e+03
3.264000000000000000e+03
3.265000000000000000e+03
3.272000000000000000e+03
3.279000000000000000e+03
3.283000000000000000e+03
3.285000000000000000e+03
3.286000000000000000e+03
3.287000000000000000e+03
3.292000000000000000e+03
3.293000000000000000e+03
3.295000000000000000e+03
3.298000000000000000e+03
3.300000000000000000e+03
3.304000000000000000e+03
3.306000000000000000e+03
3.307000000000000000e+03
3.311000000000000000e+03
3.312000000000000000e+03
3.321000000000000000e+03
3.325000000000000000e+03
3.326000000000000000e+03
3.327000000000000000e+03
3.330000000000000000e+03
3.333000000000000000e+03
3.336000000000000000e+03
3.350000000000000000e+03
3.353000000000000000e+03
3.355000000000000000e+03
3.358000000000000000e+03
3.362000000000000000e+03
3.363000000000000000e+03
3.364000000000000000e+03
3.367000000000000000e+03
3.373000000000000000e+03
3.386000000000000000e+03
3.388000000000000000e+03
3.393000000000000000e+03
3.396000000000000000e+03
3.397000000000000000e+03
3.399000000000000000e+03
3.406000000000000000e+03
3.408000000000000000e+03
3.414000000000000000e+03
3.419000000000000000e+03
3.420000000000000000e+03
3.422000000000000000e+03
3.423000000000000000e+03
3.424000000000000000e+03
3.428000000000000000e+03
3.432000000000000000e+03
3.437000000000000000e+03
3.441000000000000000e+03
3.442000000000000000e+03
3.445000000000000000e+03
3.453000000000000000e+03
3.461000000000000000e+03
3.467000000000000000e+03
3.474000000000000000e+03
3.476000000000000000e+03
3.477000000000000000e+03
3.478000000000000000e+03
3.479000000000000000e+03
3.486000000000000000e+03
3.487000000000000000e+03
3.488000000000000000e+03
3.491000000000000000e+03
3.495000000000000000e+03
3.497000000000000000e+03
3.499000000000000000e+03
3.501000000000000000e+03
3.502000000000000000e+03
3.506000000000000000e+03
3.510000000000000000e+03
3.511000000000000000e+03
3.516000000000000000e+03
3.518000000000000000e+03
3.520000000000000000e+03
3.522000000000000000e+03
3.524000000000000000e+03
3.527000000000000000e+03
3.530000000000000000e+03
3.533000000000000000e+03
3.535000000000000000e+03
3.538000000000000000e+03
3.539000000000000000e+03
3.541000000000000000e+03
3.544000000000000000e+03
3.547000000000000000e+03
3.548000000000000000e+03
3.549000000000000000e+03
3.551000000000000000e+03
3.561000000000000000e+03
3.577000000000000000e+03
3.579000000000000000e+03
3.580000000000000000e+03
3.581000000000000000e+03
3.583000000000000000e+03
3.586000000000000000e+03
3.597000000000000000e+03
3.601000000000000000e+03
3.602000000000000000e+03
3.607000000000000000e+03
3.608000000000000000e+03
3.609000000000000000e+03
3.619000000000000000e+03
3.621000000000000000e+03
3.622000000000000000e+03
3.623000000000000000e+03
3.633000000000000000e+03
3.637000000000000000e+03
3.643000000000000000e+03
3.646000000000000000e+03
3.651000000000000000e+03
3.652000000000000000e+03
3.653000000000000000e+03
3.654000000000000000e+03
3.656000000000000000e+03
3.657000000000000000e+03
3.663000000000000000e+03
3.666000000000000000e+03
3.670000000000000000e+03
3.671000000000000000e+03
3.673000000000000000e+03
3.685000000000000000e+03
3.687000000000000000e+03
3.688000000000000000e+03
3.691000000000000000e+03
3.703000000000000000e+03
3.705000000000000000e+03
3.706000000000000000e+03
3.707000000000000000e+03
3.708000000000000000e+03
3.709000000000000000e+03
3.713000000000000000e+03
3.715000000000000000e+03
3.723000000000000000e+03
3.738000000000000000e+03
3.740000000000000000e+03
3.742000000000000000e+03
3.745000000000000000e+03
3.748000000000000000e+03
3.749000000000000000e+03
3.750000000000000000e+03
3.755000000000000000e+03
3.757000000000000000e+03
3.761000000000000000e+03
3.763000000000000000e+03
3.768000000000000000e+03
3.769000000000000000e+03
3.774000000000000000e+03
3.781000000000000000e+03
3.789000000000000000e+03
3.790000000000000000e+03
3.792000000000000000e+03
3.794000000000000000e+03
3.797000000000000000e+03
3.800000000000000000e+03
3.808000000000000000e+03
3.811000000000000000e+03
3.812000000000000000e+03
3.813000000000000000e+03
3.817000000000000000e+03
3.820000000000000000e+03
3.821000000000000000e+03
3.823000000000000000e+03
3.825000000000000000e+03
3.833000000000000000e+03
3.834000000000000000e+03
3.835000000000000000e+03
3.848000000000000000e+03
3.849000000000000000e+03
3.852000000000000000e+03
3.853000000000000000e+03
3.859000000000000000e+03
3.864000000000000000e+03
3.865000000000000000e+03
3.873000000000000000e+03
3.874000000000000000e+03
3.877000000000000000e+03
3.881000000000000000e+03
3.886000000000000000e+03
3.887000000000000000e+03
3.889000000000000000e+03
3.891000000000000000e+03
3.896000000000000000e+03
3.898000000000000000e+03
3.901000000000000000e+03
3.905000000000000000e+03
3.909000000000000000e+03
3.912000000000000000e+03
3.915000000000000000e+03
3.918000000000000000e+03
3.929000000000000000e+03
3.938000000000000000e+03
3.941000000000000000e+03
3.942000000000000000e+03
3.947000000000000000e+03
3.949000000000000000e+03
3.951000000000000000e+03
3.954000000000000000e+03
3.955000000000000000e+03
3.958000000000000000e+03
3.960000000000000000e+03
3.963000000000000000e+03
3.968000000000000000e+03
3.970000000000000000e+03
3.974000000000000000e+03
3.975000000000000000e+03
3.976000000000000000e+03
3.978000000000000000e+03
3.991000000000000000e+03
3.993000000000000000e+03
3.994000000000000000e+03
4.002000000000000000e+03
4.003000000000000000e+03
4.004000000000000000e+03
4.006000000000000000e+03
4.008000000000000000e+03
4.013000000000000000e+03
4.014000000000000000e+03
4.016000000000000000e+03
4.019000000000000000e+03
4.023000000000000000e+03
4.024000000000000000e+03
4.025000000000000000e+03
4.027000000000000000e+03
4.029000000000000000e+03
4.031000000000000000e+03
4.032000000000000000e+03
4.037000000000000000e+03
4.038000000000000000e+03
4.039000000000000000e+03
4.040000000000000000e+03
4.041000000000000000e+03
4.046000000000000000e+03
4.048000000000000000e+03
4.049000000000000000e+03
4.050000000000000000e+03
4.055000000000000000e+03
4.059000000000000000e+03
4.066000000000000000e+03
4.069000000000000000e+03
4.071000000000000000e+03
4.073000000000000000e+03
4.077000000000000000e+03
4.078000000000000000e+03
4.080000000000000000e+03
4.081000000000000000e+03
4.088000000000000000e+03
4.089000000000000000e+03
4.090000000000000000e+03
4.093000000000000000e+03
4.095000000000000000e+03
4.096000000000000000e+03
4.099000000000000000e+03
4.101000000000000000e+03
4.103000000000000000e+03
4.109000000000000000e+03
4.111000000000000000e+03
4.113000000000000000e+03
4.114000000000000000e+03
4.115000000000000000e+03
4.117000000000000000e+03
4.118000000000000000e+03
4.119000000000000000e+03
4.121000000000000000e+03
4.126000000000000000e+03
4.132000000000000000e+03
4.146000000000000000e+03
4.154000000000000000e+03
4.163000000000000000e+03
4.165000000000000000e+03
4.167000000000000000e+03
4.173000000000000000e+03
4.174000000000000000e+03
4.178000000000000000e+03
4.183000000000000000e+03
4.186000000000000000e+03
4.187000000000000000e+03
4.196000000000000000e+03
4.199000000000000000e+03
4.203000000000000000e+03
4.204000000000000000e+03
4.205000000000000000e+03
4.208000000000000000e+03
4.213000000000000000e+03
4.224000000000000000e+03
4.225000000000000000e+03
4.226000000000000000e+03
4.230000000000000000e+03
4.232000000000000000e+03
4.241000000000000000e+03
4.243000000000000000e+03
4.246000000000000000e+03
4.253000000000000000e+03
4.254000000000000000e+03
4.258000000000000000e+03
4.259000000000000000e+03
4.262000000000000000e+03
4.263000000000000000e+03
4.265000000000000000e+03
4.266000000000000000e+03
4.267000000000000000e+03
4.271000000000000000e+03
4.274000000000000000e+03
4.275000000000000000e+03
4.279000000000000000e+03
4.287000000000000000e+03
4.290000000000000000e+03
4.294000000000000000e+03
4.295000000000000000e+03
4.305000000000000000e+03
4.307000000000000000e+03
4.311000000000000000e+03
4.323000000000000000e+03
4.327000000000000000e+03
4.329000000000000000e+03
4.333000000000000000e+03
4.334000000000000000e+03
4.339000000000000000e+03
4.343000000000000000e+03
4.345000000000000000e+03
4.352000000000000000e+03
4.353000000000000000e+03
4.359000000000000000e+03
4.361000000000000000e+03
4.362000000000000000e+03
4.363000000000000000e+03
4.364000000000000000e+03
4.365000000000000000e+03
4.367000000000000000e+03
4.370000000000000000e+03
4.371000000000000000e+03
4.380000000000000000e+03
4.381000000000000000e+03
4.382000000000000000e+03
4.384000000000000000e+03
4.385000000000000000e+03
4.386000000000000000e+03
4.387000000000000000e+03
4.388000000000000000e+03
4.391000000000000000e+03
4.392000000000000000e+03
4.399000000000000000e+03
4.400000000000000000e+03
4.410000000000000000e+03
4.411000000000000000e+03
4.413000000000000000e+03
4.424000000000000000e+03
4.430000000000000000e+03
4.436000000000000000e+03
4.437000000000000000e+03
4.446000000000000000e+03
4.447000000000000000e+03
4.448000000000000000e+03
4.457000000000000000e+03
4.461000000000000000e+03
4.474000000000000000e+03
4.480000000000000000e+03
4.482000000000000000e+03
4.485000000000000000e+03
4.500000000000000000e+03
4.504000000000000000e+03
4.509000000000000000e+03
4.517000000000000000e+03
4.526000000000000000e+03
4.530000000000000000e+03
4.533000000000000000e+03
4.538000000000000000e+03
4.540000000000000000e+03
4.546000000000000000e+03
4.547000000000000000e+03
4.548000000000000000e+03
4.551000000000000000e+03
4.561000000000000000e+03
4.563000000000000000e+03
4.565000000000000000e+03
4.566000000000000000e+03
4.567000000000000000e+03
4.568000000000000000e+03
4.591000000000000000e+03
4.592000000000000000e+03
4.598000000000000000e+03
4.600000000000000000e+03
4.606000000000000000e+03
4.607000000000000000e+03
4.610000000000000000e+03
4.613000000000000000e+03
4.615000000000000000e+03
4.618000000000000000e+03
4.621000000000000000e+03
4.625000000000000000e+03
4.626000000000000000e+03
4.631000000000000000e+03
4.633000000000000000e+03
4.642000000000000000e+03
4.647000000000000000e+03
4.651000000000000000e+03
4.655000000000000000e+03
4.660000000000000000e+03
4.668000000000000000e+03
4.671000000000000000e+03
4.673000000000000000e+03
4.674000000000000000e+03
4.682000000000000000e+03
4.686000000000000000e+03
4.687000000000000000e+03
4.690000000000000000e+03
4.697000000000000000e+03
4.698000000000000000e+03
4.705000000000000000e+03
4.706000000000000000e+03
4.708000000000000000e+03
4.710000000000000000e+03
4.713000000000000000e+03
4.719000000000000000e+03
4.720000000000000000e+03
4.725000000000000000e+03
4.726000000000000000e+03
4.728000000000000000e+03
4.732000000000000000e+03
4.737000000000000000e+03
4.738000000000000000e+03
4.739000000000000000e+03
4.746000000000000000e+03
4.747000000000000000e+03
4.756000000000000000e+03
4.761000000000000000e+03
4.763000000000000000e+03
4.767000000000000000e+03
4.768000000000000000e+03
4.769000000000000000e+03
4.772000000000000000e+03
4.776000000000000000e+03
4.777000000000000000e+03
4.778000000000000000e+03
4.784000000000000000e+03
4.787000000000000000e+03
4.789000000000000000e+03
4.791000000000000000e+03
4.796000000000000000e+03
4.797000000000000000e+03
4.801000000000000000e+03
4.803000000000000000e+03
4.804000000000000000e+03
4.805000000000000000e+03
4.806000000000000000e+03
4.814000000000000000e+03
4.815000000000000000e+03
4.819000000000000000e+03
4.822000000000000000e+03
4.824000000000000000e+03
4.827000000000000000e+03
4.836000000000000000e+03
4.844000000000000000e+03
4.848000000000000000e+03
4.850000000000000000e+03
4.852000000000000000e+03
4.856000000000000000e+03
4.858000000000000000e+03
4.860000000000000000e+03
4.873000000000000000e+03
4.875000000000000000e+03
4.876000000000000000e+03
4.877000000000000000e+03
4.878000000000000000e+03
4.883000000000000000e+03
4.885000000000000000e+03
4.887000000000000000e+03
4.893000000000000000e+03
4.902000000000000000e+03
4.908000000000000000e+03
4.913000000000000000e+03
4.917000000000000000e+03
4.922000000000000000e+03
4.925000000000000000e+03
4.938000000000000000e+03
4.945000000000000000e+03
4.949000000000000000e+03
4.951000000000000000e+03
4.952000000000000000e+03
4.953000000000000000e+03
4.957000000000000000e+03
4.958000000000000000e+03
4.964000000000000000e+03
4.965000000000000000e+03
4.966000000000000000e+03
4.967000000000000000e+03
4.971000000000000000e+03
4.976000000000000000e+03
4.979000000000000000e+03
4.982000000000000000e+03
4.992000000000000000e+03
5.010000000000000000e+03
5.013000000000000000e+03
5.016000000000000000e+03
5.023000000000000000e+03
5.034000000000000000e+03
5.035000000000000000e+03
5.038000000000000000e+03
5.040000000000000000e+03
5.043000000000000000e+03
5.047000000000000000e+03
5.049000000000000000e+03
5.054000000000000000e+03
5.058000000000000000e+03
5.061000000000000000e+03
5.066000000000000000e+03
5.067000000000000000e+03
5.068000000000000000e+03
5.071000000000000000e+03
5.072000000000000000e+03
5.073000000000000000e+03
5.075000000000000000e+03
5.081000000000000000e+03
5.094000000000000000e+03
5.105000000000000000e+03
5.106000000000000000e+03
5.110000000000000000e+03
5.116000000000000000e+03
5.127000000000000000e+03
5.128000000000000000e+03
5.136000000000000000e+03
5.138000000000000000e+03
5.141000000000000000e+03
5.147000000000000000e+03
5.156000000000000000e+03
5.163000000000000000e+03
5.167000000000000000e+03
5.172000000000000000e+03
5.187000000000000000e+03
5.192000000000000000e+03
5.201000000000000000e+03
5.203000000000000000e+03
5.204000000000000000e+03
5.207000000000000000e+03
5.209000000000000000e+03
5.212000000000000000e+03
5.213000000000000000e+03
5.231000000000000000e+03
5.232000000000000000e+03
5.237000000000000000e+03
5.239000000000000000e+03
5.240000000000000000e+03
5.246000000000000000e+03
5.247000000000000000e+03
5.251000000000000000e+03
5.260000000000000000e+03
5.261000000000000000e+03
5.265000000000000000e+03
5.268000000000000000e+03
5.270000000000000000e+03
5.271000000000000000e+03
5.273000000000000000e+03
5.274000000000000000e+03
5.276000000000000000e+03
5.278000000000000000e+03
5.282000000000000000e+03
5.286000000000000000e+03
5.292000000000000000e+03
5.293000000000000000e+03
5.295000000000000000e+03
5.297000000000000000e+03
5.301000000000000000e+03
5.308000000000000000e+03
5.309000000000000000e+03
5.310000000000000000e+03
5.318000000000000000e+03
5.324000000000000000e+03
5.327000000000000000e+03
5.328000000000000000e+03
5.330000000000000000e+03
5.333000000000000000e+03
5.335000000000000000e+03
5.336000000000000000e+03
5.337000000000000000e+03
5.340000000000000000e+03
5.348000000000000000e+03
5.349000000000000000e+03
5.352000000000000000e+03
5.356000000000000000e+03
5.364000000000000000e+03
5.367000000000000000e+03
5.377000000000000000e+03
5.378000000000000000e+03
5.382000000000000000e+03
5.386000000000000000e+03
5.388000000000000000e+03
5.395000000000000000e+03
5.406000000000000000e+03
5.407000000000000000e+03
5.410000000000000000e+03
5.414000000000000000e+03
5.421000000000000000e+03
5.422000000000000000e+03
5.429000000000000000e+03
5.434000000000000000e+03
5.438000000000000000e+03
5.446000000000000000e+03
5.447000000000000000e+03
5.449000000000000000e+03
5.453000000000000000e+03
5.455000000000000000e+03
5.456000000000000000e+03
5.457000000000000000e+03
5.460000000000000000e+03
5.461000000000000000e+03
5.463000000000000000e+03
5.467000000000000000e+03
5.468000000000000000e+03
5.470000000000000000e+03
5.484000000000000000e+03
5.485000000000000000e+03
5.486000000000000000e+03
5.493000000000000000e+03
5.500000000000000000e+03
5.504000000000000000e+03
5.517000000000000000e+03
5.520000000000000000e+03
5.528000000000000000e+03
5.532000000000000000e+03
5.534000000000000000e+03
5.539000000000000000e+03
5.540000000000000000e+03
5.542000000000000000e+03
5.543000000000000000e+03
5.556000000000000000e+03
5.559000000000000000e+03
5.563000000000000000e+03
5.566000000000000000e+03
5.573000000000000000e+03
5.577000000000000000e+03
5.580000000000000000e+03
5.589000000000000000e+03
5.590000000000000000e+03
5.592000000000000000e+03
5.606000000000000000e+03
5.609000000000000000e+03
5.615000000000000000e+03
5.616000000000000000e+03
5.618000000000000000e+03
5.623000000000000000e+03
5.626000000000000000e+03
5.627000000000000000e+03
5.629000000000000000e+03
5.632000000000000000e+03
5.635000000000000000e+03
5.638000000000000000e+03
5.639000000000000000e+03
5.641000000000000000e+03
5.647000000000000000e+03
5.648000000000000000e+03
5.650000000000000000e+03
5.652000000000000000e+03
5.664000000000000000e+03
5.665000000000000000e+03
5.672000000000000000e+03
5.679000000000000000e+03
5.684000000000000000e+03
5.685000000000000000e+03
5.691000000000000000e+03
5.692000000000000000e+03
5.695000000000000000e+03
5.696000000000000000e+03
5.699000000000000000e+03
5.702000000000000000e+03
5.704000000000000000e+03
5.706000000000000000e+03
5.710000000000000000e+03
5.712000000000000000e+03
5.713000000000000000e+03
5.726000000000000000e+03
5.729000000000000000e+03
5.732000000000000000e+03
5.739000000000000000e+03
5.741000000000000000e+03
5.743000000000000000e+03
5.768000000000000000e+03
5.771000000000000000e+03
5.772000000000000000e+03
5.786000000000000000e+03
5.790000000000000000e+03
5.791000000000000000e+03
5.797000000000000000e+03
5.802000000000000000e+03
5.806000000000000000e+03
5.808000000000000000e+03
5.810000000000000000e+03
5.813000000000000000e+03
5.815000000000000000e+03
5.818000000000000000e+03
5.821000000000000000e+03
5.826000000000000000e+03
5.834000000000000000e+03
5.836000000000000000e+03
5.838000000000000000e+03
5.839000000000000000e+03
5.842000000000000000e+03
5.848000000000000000e+03
5.862000000000000000e+03
5.863000000000000000e+03
5.864000000000000000e+03
5.866000000000000000e+03
5.875000000000000000e+03
5.876000000000000000e+03
5.877000000000000000e+03
5.882000000000000000e+03
5.888000000000000000e+03
5.893000000000000000e+03
5.895000000000000000e+03
5.899000000000000000e+03
5.901000000000000000e+03
5.902000000000000000e+03
5.920000000000000000e+03
5.921000000000000000e+03
5.923000000000000000e+03
5.929000000000000000e+03
5.933000000000000000e+03
5.941000000000000000e+03
5.943000000000000000e+03
5.944000000000000000e+03
5.951000000000000000e+03
5.955000000000000000e+03
5.960000000000000000e+03
