1.074000000000000000e+03
2.585000000000000000e+03
6.000000000000000000e+00
1.000000000000000000e+01
1.500000000000000000e+01
2.200000000000000000e+01
2.300000000000000000e+01
3.000000000000000000e+01
4.300000000000000000e+01
4.800000000000000000e+01
5.400000000000000000e+01
5.500000000000000000e+01
5.600000000000000000e+01
5.800000000000000000e+01
6.200000000000000000e+01
6.900000000000000000e+01
7.100000000000000000e+01
7.900000000000000000e+01
9.000000000000000000e+01
9.400000000000000000e+01
9.500000000000000000e+01
9.800000000000000000e+01
1.050000000000000000e+02
1.100000000000000000e+02
1.150000000000000000e+02
1.210000000000000000e+02
1.220000000000000000e+02
1.300000000000000000e+02
1.400000000000000000e+02
1.440000000000000000e+02
1.460000000000000000e+02
1.480000000000000000e+02
1.490000000000000000e+02
1.500000000000000000e+02
1.550000000000000000e+02
1.580000000000000000e+02
1.600000000000000000e+02
1.630000000000000000e+02
1.640000000000000000e+02
1.720000000000000000e+02
1.730000000000000000e+02
1.760000000000000000e+02
1.810000000000000000e+02
1.840000000000000000e+02
1.870000000000000000e+02
1.880000000000000000e+02
1.900000000000000000e+02
1.940000000000000000e+02
2.040000000000000000e+02
2.060000000000000000e+02
2.170000000000000000e+02
2.270000000000000000e+02
2.280000000000000000e+02
2.360000000000000000e+02
2.370000000000000000e+02
2.420000000000000000e+02
2.460000000000000000e+02
2.570000000000000000e+02
2.620000000000000000e+02
2.670000000000000000e+02
2.780000000000000000e+02
2.820000000000000000e+02
3.000000000000000000e+02
3.080000000000000000e+02
3.100000000000000000e+02
3.120000000000000000e+02
3.150000000000000000e+02
3.170000000000000000e+02
3.230000000000000000e+02
3.290000000000000000e+02
3.320000000000000000e+02
3.330000000000000000e+02
3.340000000000000000e+02
3.350000000000000000e+02
3.420000000000000000e+02
3.460000000000000000e+02
3.490000000000000000e+02
3.640000000000000000e+02
3.650000000000000000e+02
3.700000000000000000e+02
3.710000000000000000e+02
3.770000000000000000e+02
3.780000000000000000e+02
3.790000000000000000e+02
3.800000000000000000e+02
3.820000000000000000e+02
3.860000000000000000e+02
3.870000000000000000e+02
3.900000000000000000e+02
4.030000000000000000e+02
4.100000000000000000e+02
4.130000000000000000e+02
4.160000000000000000e+02
4.410000000000000000e+02
4.440000000000000000e+02
4.480000000000000000e+02
4.510000000000000000e+02
4.570000000000000000e+02
4.610000000000000000e+02
4.620000000000000000e+02
4.720000000000000000e+02
4.800000000000000000e+02
4.810000000000000000e+02
4.910000000000000000e+02
4.920000000000000000e+02
4.970000000000000000e+02
4.980000000000000000e+02
5.000000000000000000e+02
5.040000000000000000e+02
5.050000000000000000e+02
5.060000000000000000e+02
5.120000000000000000e+02
5.180000000000000000e+02
5.340000000000000000e+02
5.400000000000000000e+02
5.440000000000000000e+02
5.500000000000000000e+02
5.590000000000000000e+02
5.600000000000000000e+02
5.850000000000000000e+02
5.940000000000000000e+02
6.010000000000000000e+02
6.020000000000000000e+02
6.060000000000000000e+02
6.140000000000000000e+02
6.150000000000000000e+02
6.190000000000000000e+02
6.270000000000000000e+02
6.350000000000000000e+02
6.400000000000000000e+02
6.440000000000000000e+02
6.450000000000000000e+02
6.490000000000000000e+02
6.520000000000000000e+02
6.620000000000000000e+02
6.650000000000000000e+02
6.660000000000000000e+02
6.670000000000000000e+02
6.720000000000000000e+02
6.750000000000000000e+02
6.800000000000000000e+02
6.880000000000000000e+02
6.910000000000000000e+02
6.930000000000000000e+02
6.940000000000000000e+02
7.010000000000000000e+02
7.030000000000000000e+02
7.130000000000000000e+02
7.220000000000000000e+02
7.230000000000000000e+02
7.250000000000000000e+02
7.410000000000000000e+02
7.480000000000000000e+02
7.530000000000000000e+02
7.540000000000000000e+02
7.550000000000000000e+02
7.570000000000000000e+02
7.590000000000000000e+02
7.710000000000000000e+02
7.810000000000000000e+02
7.830000000000000000e+02
7.850000000000000000e+02
7.860000000000000000e+02
7.920000000000000000e+02
7.930000000000000000e+02
7.950000000000000000e+02
7.960000000000000000e+02
8.020000000000000000e+02
8.030000000000000000e+02
8.040000000000000000e+02
8.050000000000000000e+02
8.130000000000000000e+02
8.210000000000000000e+02
8.220000000000000000e+02
8.230000000000000000e+02
8.240000000000000000e+02
8.270000000000000000e+02
8.300000000000000000e+02
8.310000000000000000e+02
8.410000000000000000e+02
8.420000000000000000e+02
8.450000000000000000e+02
8.480000000000000000e+02
8.600000000000000000e+02
8.630000000000000000e+02
8.700000000000000000e+02
8.840000000000000000e+02
9.110000000000000000e+02
9.120000000000000000e+02
9.170000000000000000e+02
9.240000000000000000e+02
9.250000000000000000e+02
9.300000000000000000e+02
9.330000000000000000e+02
9.410000000000000000e+02
9.420000000000000000e+02
9.490000000000000000e+02
9.580000000000000000e+02
9.660000000000000000e+02
9.700000000000000000e+02
9.720000000000000000e+02
9.750000000000000000e+02
9.840000000000000000e+02
9.890000000000000000e+02
9.930000000000000000e+02
9.940000000000000000e+02
9.950000000000000000e+02
1.005000000000000000e+03
1.007000000000000000e+03
1.008000000000000000e+03
1.024000000000000000e+03
1.027000000000000000e+03
1.028000000000000000e+03
1.029000000000000000e+03
1.034000000000000000e+03
1.038000000000000000e+03
1.042000000000000000e+03
1.048000000000000000e+03
1.051000000000000000e+03
1.052000000000000000e+03
1.060000000000000000e+03
1.061000000000000000e+03
1.064000000000000000e+03
1.070000000000000000e+03
1.072000000000000000e+03
1.073000000000000000e+03
1.075000000000000000e+03
1.088000000000000000e+03
1.090000000000000000e+03
1.094000000000000000e+03
1.100000000000000000e+03
1.110000000000000000e+03
1.115000000000000000e+03
1.121000000000000000e+03
1.123000000000000000e+03
1.124000000000000000e+03
1.127000000000000000e+03
1.141000000000000000e+03
1.142000000000000000e+03
1.146000000000000000e+03
1.163000000000000000e+03
1.165000000000000000e+03
1.166000000000000000e+03
1.170000000000000000e+03
1.172000000000000000e+03
1.179000000000000000e+03
1.185000000000000000e+03
1.197000000000000000e+03
1.200000000000000000e+03
1.214000000000000000e+03
1.215000000000000000e+03
1.223000000000000000e+03
1.229000000000000000e+03
1.230000000000000000e+03
1.231000000000000000e+03
1.232000000000000000e+03
1.241000000000000000e+03
1.244000000000000000e+03
1.261000000000000000e+03
1.262000000000000000e+03
1.267000000000000000e+03
1.272000000000000000e+03
1.277000000000000000e+03
1.281000000000000000e+03
1.286000000000000000e+03
1.289000000000000000e+03
1.293000000000000000e+03
1.298000000000000000e+03
1.305000000000000000e+03
1.306000000000000000e+03
1.308000000000000000e+03
1.316000000000000000e+03
1.318000000000000000e+03
1.320000000000000000e+03
1.323000000000000000e+03
1.327000000000000000e+03
1.336000000000000000e+03
1.345000000000000000e+03
1.347000000000000000e+03
1.348000000000000000e+03
1.350000000000000000e+03
1.352000000000000000e+03
1.353000000000000000e+03
1.357000000000000000e+03
1.363000000000000000e+03
1.365000000000000000e+03
1.372000000000000000e+03
1.386000000000000000e+03
1.395000000000000000e+03
1.396000000000000000e+03
1.403000000000000000e+03
1.407000000000000000e+03
1.408000000000000000e+03
1.415000000000000000e+03
1.416000000000000000e+03
1.429000000000000000e+03
1.432000000000000000e+03
1.433000000000000000e+03
1.434000000000000000e+03
1.438000000000000000e+03
1.440000000000000000e+03
1.441000000000000000e+03
1.443000000000000000e+03
1.446000000000000000e+03
1.447000000000000000e+03
1.448000000000000000e+03
1.450000000000000000e+03
1.452000000000000000e+03
1.453000000000000000e+03
1.454000000000000000e+03
1.458000000000000000e+03
1.459000000000000000e+03
1.461000000000000000e+03
1.469000000000000000e+03
1.474000000000000000e+03
1.489000000000000000e+03
1.490000000000000000e+03
1.492000000000000000e+03
1.494000000000000000e+03
1.499000000000000000e+03
1.501000000000000000e+03
1.513000000000000000e+03
1.519000000000000000e+03
1.527000000000000000e+03
1.528000000000000000e+03
1.529000000000000000e+03
1.543000000000000000e+03
1.544000000000000000e+03
1.551000000000000000e+03
1.555000000000000000e+03
1.557000000000000000e+03
1.561000000000000000e+03
1.563000000000000000e+03
1.565000000000000000e+03
1.568000000000000000e+03
1.570000000000000000e+03
1.572000000000000000e+03
1.578000000000000000e+03
1.582000000000000000e+03
1.593000000000000000e+03
1.600000000000000000e+03
1.603000000000000000e+03
1.611000000000000000e+03
1.614000000000000000e+03
1.628000000000000000e+03
1.632000000000000000e+03
1.635000000000000000e+03
1.637000000000000000e+03
1.639000000000000000e+03
1.640000000000000000e+03
1.642000000000000000e+03
1.646000000000000000e+03
1.647000000000000000e+03
1.649000000000000000e+03
1.655000000000000000e+03
1.660000000000000000e+03
1.664000000000000000e+03
1.667000000000000000e+03
1.680000000000000000e+03
1.692000000000000000e+03
1.701000000000000000e+03
1.709000000000000000e+03
1.714000000000000000e+03
1.717000000000000000e+03
1.718000000000000000e+03
1.725000000000000000e+03
1.726000000000000000e+03
1.731000000000000000e+03
1.734000000000000000e+03
1.736000000000000000e+03
1.738000000000000000e+03
1.745000000000000000e+03
1.749000000000000000e+03
1.752000000000000000e+03
1.757000000000000000e+03
1.770000000000000000e+03
1.771000000000000000e+03
1.772000000000000000e+03
1.774000000000000000e+03
1.775000000000000000e+03
1.782000000000000000e+03
1.796000000000000000e+03
1.797000000000000000e+03
1.805000000000000000e+03
1.806000000000000000e+03
1.809000000000000000e+03
1.810000000000000000e+03
1.814000000000000000e+03
1.820000000000000000e+03
1.822000000000000000e+03
1.823000000000000000e+03
1.829000000000000000e+03
1.830000000000000000e+03
1.831000000000000000e+03
1.834000000000000000e+03
1.843000000000000000e+03
1.844000000000000000e+03
1.847000000000000000e+03
1.850000000000000000e+03
1.852000000000000000e+03
1.869000000000000000e+03
1.878000000000000000e+03
1.880000000000000000e+03
1.888000000000000000e+03
1.889000000000000000e+03
1.890000000000000000e+03
1.892000000000000000e+03
1.896000000000000000e+03
1.900000000000000000e+03
1.904000000000000000e+03
1.907000000000000000e+03
1.908000000000000000e+03
1.913000000000000000e+03
1.916000000000000000e+03
1.917000000000000000e+03
1.919000000000000000e+03
1.923000000000000000e+03
1.924000000000000000e+03
1.925000000000000000e+03
1.927000000000000000e+03
1.928000000000000000e+03
1.931000000000000000e+03
1.933000000000000000e+03
1.934000000000000000e+03
1.938000000000000000e+03
1.949000000000000000e+03
1.952000000000000000e+03
1.962000000000000000e+03
1.965000000000000000e+03
1.966000000000000000e+03
1.971000000000000000e+03
1.975000000000000000e+03
1.977000000000000000e+03
1.981000000000000000e+03
1.986000000000000000e+03
1.991000000000000000e+03
2.006000000000000000e+03
2.008000000000000000e+03
2.009000000000000000e+03
2.015000000000000000e+03
2.019000000000000000e+03
2.024000000000000000e+03
2.025000000000000000e+03
2.032000000000000000e+03
2.035000000000000000e+03
2.036000000000000000e+03
2.037000000000000000e+03
2.039000000000000000e+03
2.040000000000000000e+03
2.043000000000000000e+03
2.044000000000000000e+03
2.049000000000000000e+03
2.054000000000000000e+03
2.059000000000000000e+03
2.067000000000000000e+03
2.072000000000000000e+03
2.078000000000000000e+03
2.081000000000000000e+03
2.083000000000000000e+03
2.092000000000000000e+03
2.093000000000000000e+03
2.094000000000000000e+03
2.097000000000000000e+03
2.100000000000000000e+03
2.102000000000000000e+03
2.103000000000000000e+03
2.106000000000000000e+03
2.107000000000000000e+03
2.109000000000000000e+03
2.111000000000000000e+03
2.116000000000000000e+03
2.117000000000000000e+03
2.121000000000000000e+03
2.123000000000000000e+03
2.124000000000000000e+03
2.127000000000000000e+03
2.129000000000000000e+03
2.130000000000000000e+03
2.132000000000000000e+03
2.133000000000000000e+03
2.134000000000000000e+03
2.139000000000000000e+03
2.141000000000000000e+03
2.144000000000000000e+03
2.154000000000000000e+03
2.160000000000000000e+03
2.162000000000000000e+03
2.168000000000000000e+03
2.172000000000000000e+03
2.174000000000000000e+03
2.176000000000000000e+03
2.185000000000000000e+03
2.194000000000000000e+03
2.196000000000000000e+03
2.197000000000000000e+03
2.200000000000000000e+03
2.203000000000000000e+03
2.206000000000000000e+03
2.208000000000000000e+03
2.212000000000000000e+03
2.214000000000000000e+03
2.216000000000000000e+03
2.223000000000000000e+03
2.225000000000000000e+03
2.231000000000000000e+03
2.232000000000000000e+03
2.234000000000000000e+03
2.235000000000000000e+03
2.242000000000000000e+03
2.245000000000000000e+03
2.248000000000000000e+03
2.249000000000000000e+03
2.256000000000000000e+03
2.257000000000000000e+03
2.258000000000000000e+03
2.261000000000000000e+03
2.263000000000000000e+03
2.273000000000000000e+03
2.277000000000000000e+03
2.279000000000000000e+03
2.284000000000000000e+03
2.288000000000000000e+03
2.289000000000000000e+03
2.291000000000000000e+03
2.299000000000000000e+03
2.304000000000000000e+03
2.306000000000000000e+03
2.337000000000000000e+03
2.341000000000000000e+03
2.349000000000000000e+03
2.350000000000000000e+03
2.357000000000000000e+03
2.361000000000000000e+03
2.362000000000000000e+03
2.364000000000000000e+03
2.367000000000000000e+03
2.368000000000000000e+03
2.373000000000000000e+03
2.376000000000000000e+03
2.384000000000000000e+03
2.386000000000000000e+03
2.387000000000000000e+03
2.388000000000000000e+03
2.392000000000000000e+03
2.394000000000000000e+03
2.405000000000000000e+03
2.407000000000000000e+03
2.409000000000000000e+03
2.410000000000000000e+03
2.416000000000000000e+03
2.418000000000000000e+03
2.419000000000000000e+03
2.420000000000000000e+03
2.421000000000000000e+03
2.424000000000000000e+03
2.425000000000000000e+03
2.426000000000000000e+03
2.429000000000000000e+03
2.430000000000000000e+03
2.434000000000000000e+03
2.437000000000000000e+03
2.441000000000000000e+03
2.445000000000000000e+03
2.447000000000000000e+03
2.452000000000000000e+03
2.453000000000000000e+03
2.463000000000000000e+03
2.465000000000000000e+03
2.476000000000000000e+03
2.479000000000000000e+03
2.481000000000000000e+03
2.492000000000000000e+03
2.495000000000000000e+03
2.497000000000000000e+03
2.498000000000000000e+03
2.506000000000000000e+03
2.508000000000000000e+03
2.512000000000000000e+03
2.520000000000000000e+03
2.526000000000000000e+03
2.533000000000000000e+03
2.534000000000000000e+03
2.536000000000000000e+03
2.541000000000000000e+03
2.544000000000000000e+03
2.552000000000000000e+03
2.555000000000000000e+03
2.560000000000000000e+03
2.563000000000000000e+03
2.567000000000000000e+03
2.574000000000000000e+03
2.575000000000000000e+03
2.577000000000000000e+03
2.584000000000000000e+03
2.587000000000000000e+03
2.589000000000000000e+03
2.591000000000000000e+03
2.594000000000000000e+03
2.595000000000000000e+03
2.601000000000000000e+03
2.603000000000000000e+03
2.607000000000000000e+03
2.614000000000000000e+03
2.620000000000000000e+03
2.623000000000000000e+03
2.625000000000000000e+03
2.631000000000000000e+03
2.632000000000000000e+03
2.633000000000000000e+03
2.634000000000000000e+03
2.637000000000000000e+03
2.651000000000000000e+03
2.652000000000000000e+03
2.654000000000000000e+03
2.655000000000000000e+03
2.663000000000000000e+03
2.669000000000000000e+03
2.674000000000000000e+03
2.678000000000000000e+03
2.680000000000000000e+03
2.684000000000000000e+03
2.690000000000000000e+03
2.691000000000000000e+03
2.692000000000000000e+03
2.694000000000000000e+03
2.699000000000000000e+03
2.701000000000000000e+03
2.704000000000000000e+03
2.707000000000000000e+03
2.709000000000000000e+03
2.719000000000000000e+03
2.725000000000000000e+03
2.729000000000000000e+03
2.730000000000000000e+03
2.734000000000000000e+03
2.736000000000000000e+03
2.740000000000000000e+03
2.742000000000000000e+03
2.750000000000000000e+03
2.753000000000000000e+03
2.756000000000000000e+03
2.767000000000000000e+03
2.770000000000000000e+03
2.771000000000000000e+03
2.774000000000000000e+03
2.776000000000000000e+03
2.777000000000000000e+03
2.787000000000000000e+03
2.791000000000000000e+03
2.798000000000000000e+03
2.799000000000000000e+03
2.813000000000000000e+03
2.814000000000000000e+03
2.815000000000000000e+03
2.817000000000000000e+03
2.818000000000000000e+03
2.819000000000000000e+03
2.824000000000000000e+03
2.830000000000000000e+03
2.831000000000000000e+03
2.840000000000000000e+03
2.845000000000000000e+03
2.849000000000000000e+03
2.853000000000000000e+03
2.854000000000000000e+03
2.855000000000000000e+03
2.860000000000000000e+03
2.864000000000000000e+03
2.867000000000000000e+03
2.875000000000000000e+03
2.876000000000000000e+03
2.878000000000000000e+03
2.879000000000000000e+03
2.881000000000000000e+03
2.885000000000000000e+03
2.887000000000000000e+03
2.890000000000000000e+03
2.893000000000000000e+03
2.895000000000000000e+03
2.898000000000000000e+03
2.899000000000000000e+03
2.902000000000000000e+03
2.903000000000000000e+03
2.905000000000000000e+03
2.909000000000000000e+03
2.914000000000000000e+03
2.920000000000000000e+03
2.925000000000000000e+03
2.927000000000000000e+03
2.929000000000000000e+03
2.930000000000000000e+03
2.931000000000000000e+03
2.933000000000000000e+03
2.934000000000000000e+03
2.936000000000000000e+03
2.942000000000000000e+03
2.948000000000000000e+03
2.954000000000000000e+03
2.958000000000000000e+03
2.959000000000000000e+03
2.970000000000000000e+03
2.971000000000000000e+03
2.973000000000000000e+03
2.975000000000000000e+03
2.976000000000000000e+03
2.981000000000000000e+03
2.983000000000000000e+03
2.984000000000000000e+03
2.998000000000000000e+03
2.999000000000000000e+03
3.004000000000000000e+03
3.005000000000000000e+03
3.007000000000000000e+03
3.008000000000000000e+03
3.009000000000000000e+03
3.010000000000000000e+03
3.011000000000000000e+03
3.015000000000000000e+03
3.016000000000000000e+03
3.020000000000000000e+03
3.028000000000000000e+03
3.032000000000000000e+03
3.035000000000000000e+03
3.046000000000000000e+03
3.049000000000000000e+03
3.062000000000000000e+03
3.067000000000000000e+03
3.071000000000000000e+03
3.075000000000000000e+03
3.079000000000000000e+03
3.081000000000000000e+03
3.082000000000000000e+03
3.086000000000000000e+03
3.094000000000000000e+03
3.098000000000000000e+03
3.100000000000000000e+03
3.109000000000000000e+03
3.112000000000000000e+03
3.114000000000000000e+03
3.115000000000000000e+03
3.124000000000000000e+03
3.135000000000000000e+03
3.139000000000000000e+03
3.145000000000000000e+03
3.156000000000000000e+03
3.157000000000000000e+03
3.158000000000000000e+03
3.164000000000000000e+03
3.169000000000000000e+03
3.172000000000000000e+03
3.173000000000000000e+03
3.177000000000000000e+03
3.178000000000000000e+03
3.180000000000000000e+03
3.181000000000000000e+03
3.183000000000000000e+03
3.189000000000000000e+03
3.214000000000000000e+03
3.217000000000000000e+03
3.223000000000000000e+03
3.233000000000000000e+03
3.239000000000000000e+03
3.242000000000000000e+03
3.243000000000000000e+03
3.246000000000000000e+03
3.247000000000000000e+03
3.251000000000000000e+03
3.258000000000000000e+03
3.260000000000000000e+03
3.261000000000000000e+03
3.272000000000000000e+03
3.277000000000000000e+03
3.284000000000000000e+03
3.287000000000000000e+03
3.295000000000000000e+03
3.296000000000000000e+03
3.298000000000000000e+03
3.301000000000000000e+03
3.304000000000000000e+03
3.307000000000000000e+03
3.319000000000000000e+03
3.320000000000000000e+03
3.321000000000000000e+03
3.330000000000000000e+03
3.342000000000000000e+03
3.346000000000000000e+03
3.355000000000000000e+03
3.361000000000000000e+03
3.362000000000000000e+03
3.368000000000000000e+03
3.374000000000000000e+03
3.376000000000000000e+03
3.385000000000000000e+03
3.387000000000000000e+03
3.388000000000000000e+03
3.392000000000000000e+03
3.394000000000000000e+03
3.396000000000000000e+03
3.401000000000000000e+03
3.403000000000000000e+03
3.408000000000000000e+03
3.409000000000000000e+03
3.420000000000000000e+03
3.424000000000000000e+03
3.440000000000000000e+03
3.443000000000000000e+03
3.444000000000000000e+03
3.445000000000000000e+03
3.446000000000000000e+03
3.449000000000000000e+03
3.453000000000000000e+03
3.456000000000000000e+03
3.463000000000000000e+03
3.466000000000000000e+03
3.468000000000000000e+03
3.469000000000000000e+03
3.479000000000000000e+03
3.480000000000000000e+03
3.483000000000000000e+03
3.485000000000000000e+03
3.486000000000000000e+03
3.487000000000000000e+03
3.488000000000000000e+03
3.498000000000000000e+03
3.499000000000000000e+03
3.503000000000000000e+03
3.504000000000000000e+03
3.506000000000000000e+03
3.509000000000000000e+03
3.513000000000000000e+03
3.519000000000000000e+03
3.524000000000000000e+03
3.533000000000000000e+03
3.544000000000000000e+03
3.552000000000000000e+03
3.555000000000000000e+03
3.561000000000000000e+03
3.565000000000000000e+03
3.567000000000000000e+03
3.570000000000000000e+03
3.577000000000000000e+03
3.579000000000000000e+03
3.586000000000000000e+03
3.587000000000000000e+03
3.591000000000000000e+03
3.592000000000000000e+03
3.600000000000000000e+03
3.602000000000000000e+03
3.603000000000000000e+03
3.605000000000000000e+03
3.615000000000000000e+03
3.619000000000000000e+03
3.635000000000000000e+03
3.637000000000000000e+03
3.640000000000000000e+03
3.641000000000000000e+03
3.642000000000000000e+03
3.646000000000000000e+03
3.647000000000000000e+03
3.652000000000000000e+03
3.653000000000000000e+03
3.654000000000000000e+03
3.656000000000000000e+03
3.657000000000000000e+03
3.658000000000000000e+03
3.659000000000000000e+03
3.664000000000000000e+03
3.670000000000000000e+03
3.671000000000000000e+03
3.677000000000000000e+03
3.678000000000000000e+03
3.680000000000000000e+03
3.688000000000000000e+03
3.689000000000000000e+03
3.694000000000000000e+03
3.699000000000000000e+03
3.715000000000000000e+03
3.720000000000000000e+03
3.723000000000000000e+03
3.725000000000000000e+03
3.728000000000000000e+03
3.731000000000000000e+03
3.745000000000000000e+03
3.750000000000000000e+03
3.755000000000000000e+03
3.756000000000000000e+03
3.757000000000000000e+03
3.761000000000000000e+03
3.766000000000000000e+03
3.769000000000000000e+03
3.770000000000000000e+03
3.772000000000000000e+03
3.783000000000000000e+03
3.785000000000000000e+03
3.811000000000000000e+03
3.813000000000000000e+03
3.814000000000000000e+03
3.820000000000000000e+03
3.823000000000000000e+03
3.824000000000000000e+03
3.825000000000000000e+03
3.833000000000000000e+03
3.843000000000000000e+03
3.847000000000000000e+03
3.849000000000000000e+03
3.856000000000000000e+03
3.858000000000000000e+03
3.860000000000000000e+03
3.863000000000000000e+03
3.874000000000000000e+03
3.878000000000000000e+03
3.883000000000000000e+03
3.884000000000000000e+03
3.885000000000000000e+03
3.888000000000000000e+03
3.889000000000000000e+03
3.896000000000000000e+03
3.897000000000000000e+03
3.900000000000000000e+03
3.901000000000000000e+03
3.906000000000000000e+03
3.908000000000000000e+03
3.915000000000000000e+03
3.916000000000000000e+03
3.918000000000000000e+03
3.923000000000000000e+03
3.929000000000000000e+03
3.932000000000000000e+03
3.935000000000000000e+03
3.946000000000000000e+03
3.947000000000000000e+03
3.951000000000000000e+03
3.954000000000000000e+03
3.955000000000000000e+03
3.957000000000000000e+03
3.958000000000000000e+03
3.962000000000000000e+03
3.963000000000000000e+03
3.968000000000000000e+03
3.974000000000000000e+03
3.976000000000000000e+03
3.977000000000000000e+03
3.978000000000000000e+03
3.982000000000000000e+03
3.983000000000000000e+03
3.985000000000000000e+03
3.988000000000000000e+03
3.989000000000000000e+03
4.011000000000000000e+03
4.014000000000000000e+03
4.015000000000000000e+03
4.017000000000000000e+03
4.020000000000000000e+03
4.021000000000000000e+03
4.023000000000000000e+03
4.037000000000000000e+03
4.038000000000000000e+03
4.045000000000000000e+03
4.046000000000000000e+03
4.049000000000000000e+03
4.050000000000000000e+03
4.058000000000000000e+03
4.059000000000000000e+03
4.072000000000000000e+03
4.073000000000000000e+03
4.075000000000000000e+03
4.077000000000000000e+03
4.078000000000000000e+03
4.080000000000000000e+03
4.081000000000000000e+03
4.090000000000000000e+03
4.091000000000000000e+03
4.093000000000000000e+03
4.095000000000000000e+03
4.096000000000000000e+03
4.097000000000000000e+03
4.102000000000000000e+03
4.104000000000000000e+03
4.105000000000000000e+03
4.116000000000000000e+03
4.126000000000000000e+03
4.139000000000000000e+03
4.146000000000000000e+03
4.147000000000000000e+03
4.149000000000000000e+03
4.157000000000000000e+03
4.163000000000000000e+03
4.170000000000000000e+03
4.173000000000000000e+03
4.176000000000000000e+03
4.177000000000000000e+03
4.180000000000000000e+03
4.188000000000000000e+03
4.193000000000000000e+03
4.194000000000000000e+03
4.196000000000000000e+03
4.206000000000000000e+03
4.214000000000000000e+03
4.217000000000000000e+03
4.221000000000000000e+03
4.224000000000000000e+03
4.232000000000000000e+03
4.235000000000000000e+03
4.240000000000000000e+03
4.246000000000000000e+03
4.247000000000000000e+03
4.252000000000000000e+03
4.253000000000000000e+03
4.254000000000000000e+03
4.259000000000000000e+03
4.263000000000000000e+03
4.265000000000000000e+03
4.267000000000000000e+03
4.271000000000000000e+03
4.274000000000000000e+03
4.275000000000000000e+03
4.279000000000000000e+03
4.280000000000000000e+03
4.281000000000000000e+03
4.287000000000000000e+03
4.288000000000000000e+03
4.289000000000000000e+03
4.293000000000000000e+03
4.311000000000000000e+03
4.312000000000000000e+03
4.313000000000000000e+03
4.315000000000000000e+03
4.319000000000000000e+03
4.321000000000000000e+03
4.325000000000000000e+03
4.332000000000000000e+03
4.346000000000000000e+03
4.347000000000000000e+03
4.349000000000000000e+03
4.353000000000000000e+03
4.358000000000000000e+03
4.359000000000000000e+03
4.361000000000000000e+03
4.363000000000000000e+03
4.364000000000000000e+03
4.365000000000000000e+03
4.367000000000000000e+03
4.370000000000000000e+03
4.371000000000000000e+03
4.378000000000000000e+03
4.380000000000000000e+03
4.381000000000000000e+03
4.382000000000000000e+03
4.391000000000000000e+03
4.398000000000000000e+03
4.406000000000000000e+03
4.407000000000000000e+03
4.410000000000000000e+03
4.413000000000000000e+03
4.418000000000000000e+03
4.422000000000000000e+03
4.423000000000000000e+03
4.424000000000000000e+03
4.427000000000000000e+03
4.428000000000000000e+03
4.430000000000000000e+03
4.431000000000000000e+03
4.435000000000000000e+03
4.437000000000000000e+03
4.445000000000000000e+03
4.446000000000000000e+03
4.447000000000000000e+03
4.448000000000000000e+03
4.452000000000000000e+03
4.464000000000000000e+03
4.465000000000000000e+03
4.470000000000000000e+03
4.480000000000000000e+03
4.482000000000000000e+03
4.483000000000000000e+03
4.485000000000000000e+03
4.490000000000000000e+03
4.493000000000000000e+03
4.496000000000000000e+03
4.500000000000000000e+03
4.501000000000000000e+03
4.505000000000000000e+03
4.506000000000000000e+03
4.514000000000000000e+03
4.515000000000000000e+03
4.520000000000000000e+03
4.527000000000000000e+03
4.540000000000000000e+03
4.543000000000000000e+03
4.547000000000000000e+03
4.548000000000000000e+03
4.549000000000000000e+03
4.552000000000000000e+03
4.553000000000000000e+03
4.559000000000000000e+03
4.561000000000000000e+03
4.568000000000000000e+03
4.571000000000000000e+03
4.581000000000000000e+03
4.585000000000000000e+03
4.594000000000000000e+03
4.596000000000000000e+03
4.597000000000000000e+03
4.598000000000000000e+03
4.600000000000000000e+03
4.607000000000000000e+03
4.623000000000000000e+03
4.625000000000000000e+03
4.632000000000000000e+03
4.633000000000000000e+03
4.638000000000000000e+03
4.641000000000000000e+03
4.643000000000000000e+03
4.650000000000000000e+03
4.653000000000000000e+03
4.655000000000000000e+03
4.668000000000000000e+03
4.671000000000000000e+03
4.673000000000000000e+03
4.674000000000000000e+03
4.687000000000000000e+03
4.689000000000000000e+03
4.690000000000000000e+03
4.691000000000000000e+03
4.698000000000000000e+03
4.705000000000000000e+03
4.706000000000000000e+03
4.713000000000000000e+03
4.719000000000000000e+03
4.720000000000000000e+03
4.725000000000000000e+03
4.726000000000000000e+03
4.727000000000000000e+03
4.728000000000000000e+03
4.732000000000000000e+03
4.737000000000000000e+03
4.738000000000000000e+03
4.739000000000000000e+03
4.741000000000000000e+03
4.742000000000000000e+03
4.743000000000000000e+03
4.755000000000000000e+03
4.768000000000000000e+03
4.773000000000000000e+03
4.776000000000000000e+03
4.781000000000000000e+03
4.783000000000000000e+03
4.784000000000000000e+03
4.785000000000000000e+03
4.786000000000000000e+03
4.787000000000000000e+03
4.790000000000000000e+03
4.799000000000000000e+03
4.806000000000000000e+03
4.810000000000000000e+03
4.812000000000000000e+03
4.815000000000000000e+03
4.818000000000000000e+03
4.819000000000000000e+03
4.822000000000000000e+03
4.824000000000000000e+03
4.833000000000000000e+03
4.836000000000000000e+03
4.839000000000000000e+03
4.844000000000000000e+03
4.850000000000000000e+03
4.852000000000000000e+03
4.854000000000000000e+03
4.855000000000000000e+03
4.860000000000000000e+03
4.866000000000000000e+03
4.871000000000000000e+03
4.874000000000000000e+03
4.876000000000000000e+03
4.877000000000000000e+03
4.878000000000000000e+03
4.883000000000000000e+03
4.884000000000000000e+03
4.885000000000000000e+03
4.888000000000000000e+03
4.890000000000000000e+03
4.894000000000000000e+03
4.902000000000000000e+03
4.908000000000000000e+03
4.915000000000000000e+03
4.917000000000000000e+03
4.918000000000000000e+03
4.925000000000000000e+03
4.931000000000000000e+03
4.932000000000000000e+03
4.935000000000000000e+03
4.937000000000000000e+03
4.938000000000000000e+03
4.945000000000000000e+03
4.949000000000000000e+03
4.951000000000000000e+03
4.952000000000000000e+03
4.957000000000000000e+03
4.961000000000000000e+03
4.970000000000000000e+03
4.971000000000000000e+03
4.973000000000000000e+03
4.981000000000000000e+03
4.984000000000000000e+03
4.990000000000000000e+03
4.994000000000000000e+03
4.995000000000000000e+03
4.999000000000000000e+03
5.003000000000000000e+03
5.005000000000000000e+03
5.011000000000000000e+03
5.013000000000000000e+03
5.014000000000000000e+03
5.025000000000000000e+03
5.028000000000000000e+03
5.032000000000000000e+03
5.034000000000000000e+03
5.035000000000000000e+03
5.043000000000000000e+03
5.054000000000000000e+03
5.056000000000000000e+03
5.057000000000000000e+03
5.061000000000000000e+03
5.068000000000000000e+03
5.081000000000000000e+03
5.084000000000000000e+03
5.089000000000000000e+03
5.093000000000000000e+03
5.094000000000000000e+03
5.096000000000000000e+03
5.098000000000000000e+03
5.099000000000000000e+03
5.101000000000000000e+03
5.103000000000000000e+03
5.106000000000000000e+03
5.110000000000000000e+03
5.112000000000000000e+03
5.116000000000000000e+03
5.125000000000000000e+03
5.131000000000000000e+03
5.137000000000000000e+03
5.141000000000000000e+03
5.144000000000000000e+03
5.146000000000000000e+03
5.147000000000000000e+03
5.148000000000000000e+03
5.149000000000000000e+03
5.156000000000000000e+03
5.158000000000000000e+03
5.159000000000000000e+03
5.161000000000000000e+03
5.162000000000000000e+03
5.163000000000000000e+03
5.164000000000000000e+03
5.166000000000000000e+03
5.176000000000000000e+03
5.178000000000000000e+03
5.191000000000000000e+03
5.196000000000000000e+03
5.199000000000000000e+03
5.201000000000000000e+03
5.203000000000000000e+03
5.207000000000000000e+03
5.209000000000000000e+03
5.211000000000000000e+03
5.213000000000000000e+03
5.223000000000000000e+03
5.239000000000000000e+03
5.258000000000000000e+03
5.261000000000000000e+03
5.266000000000000000e+03
5.267000000000000000e+03
5.270000000000000000e+03
5.276000000000000000e+03
5.280000000000000000e+03
5.282000000000000000e+03
5.289000000000000000e+03
5.291000000000000000e+03
5.293000000000000000e+03
5.294000000000000000e+03
5.297000000000000000e+03
5.305000000000000000e+03
5.309000000000000000e+03
5.314000000000000000e+03
5.316000000000000000e+03
5.323000000000000000e+03
5.324000000000000000e+03
5.332000000000000000e+03
5.335000000000000000e+03
5.337000000000000000e+03
5.338000000000000000e+03
5.340000000000000000e+03
5.352000000000000000e+03
5.358000000000000000e+03
5.371000000000000000e+03
5.374000000000000000e+03
5.377000000000000000e+03
5.382000000000000000e+03
5.383000000000000000e+03
5.388000000000000000e+03
5.390000000000000000e+03
5.394000000000000000e+03
5.396000000000000000e+03
5.397000000000000000e+03
5.403000000000000000e+03
5.407000000000000000e+03
5.408000000000000000e+03
5.414000000000000000e+03
5.416000000000000000e+03
5.431000000000000000e+03
5.432000000000000000e+03
5.446000000000000000e+03
5.453000000000000000e+03
5.455000000000000000e+03
5.458000000000000000e+03
5.468000000000000000e+03
5.476000000000000000e+03
5.499000000000000000e+03
5.504000000000000000e+03
5.512000000000000000e+03
5.518000000000000000e+03
5.526000000000000000e+03
5.528000000000000000e+03
5.532000000000000000e+03
5.536000000000000000e+03
5.539000000000000000e+03
5.545000000000000000e+03
5.547000000000000000e+03
5.549000000000000000e+03
5.552000000000000000e+03
5.553000000000000000e+03
5.559000000000000000e+03
5.560000000000000000e+03
5.561000000000000000e+03
5.576000000000000000e+03
5.583000000000000000e+03
5.586000000000000000e+03
5.587000000000000000e+03
5.589000000000000000e+03
5.600000000000000000e+03
5.603000000000000000e+03
5.604000000000000000e+03
5.606000000000000000e+03
5.609000000000000000e+03
5.610000000000000000e+03
5.612000000000000000e+03
5.613000000000000000e+03
5.618000000000000000e+03
5.619000000000000000e+03
5.626000000000000000e+03
5.627000000000000000e+03
5.628000000000000000e+03
5.631000000000000000e+03
5.632000000000000000e+03
5.641000000000000000e+03
5.647000000000000000e+03
5.648000000000000000e+03
5.649000000000000000e+03
5.651000000000000000e+03
5.654000000000000000e+03
5.665000000000000000e+03
5.675000000000000000e+03
5.679000000000000000e+03
5.684000000000000000e+03
5.692000000000000000e+03
5.694000000000000000e+03
5.702000000000000000e+03
5.703000000000000000e+03
5.706000000000000000e+03
5.712000000000000000e+03
5.716000000000000000e+03
5.730000000000000000e+03
5.739000000000000000e+03
5.740000000000000000e+03
5.741000000000000000e+03
5.743000000000000000e+03
5.747000000000000000e+03
5.749000000000000000e+03
5.750000000000000000e+03
5.768000000000000000e+03
5.771000000000000000e+03
5.772000000000000000e+03
5.773000000000000000e+03
5.781000000000000000e+03
5.786000000000000000e+03
5.789000000000000000e+03
5.790000000000000000e+03
5.791000000000000000e+03
5.795000000000000000e+03
5.804000000000000000e+03
5.805000000000000000e+03
5.806000000000000000e+03
5.808000000000000000e+03
5.810000000000000000e+03
5.813000000000000000e+03
5.815000000000000000e+03
5.818000000000000000e+03
5.821000000000000000e+03
5.824000000000000000e+03
5.825000000000000000e+03
5.827000000000000000e+03
5.829000000000000000e+03
5.835000000000000000e+03
5.842000000000000000e+03
5.844000000000000000e+03
5.853000000000000000e+03
5.856000000000000000e+03
5.864000000000000000e+03
5.868000000000000000e+03
5.879000000000000000e+03
5.882000000000000000e+03
5.883000000000000000e+03
5.886000000000000000e+03
5.887000000000000000e+03
5.890000000000000000e+03
5.893000000000000000e+03
5.894000000000000000e+03
5.895000000000000000e+03
5.898000000000000000e+03
5.900000000000000000e+03
5.906000000000000000e+03
5.910000000000000000e+03
5.913000000000000000e+03
5.914000000000000000e+03
5.921000000000000000e+03
5.931000000000000000e+03
5.938000000000000000e+03
5.950000000000000000e+03
5.951000000000000000e+03
5.960000000000000000e+03
