[2, 28, 36, 39, 52, 71, 83, 84, 99, 106, 115, 134, 135, 149, 152, 173, 181, 183, 184, 186, 189, 194, 203, 204, 214, 215, 228, 232, 237, 244, 245, 256, 276, 297, 299, 300, 309, 310, 335, 336, 359, 360, 361, 375, 394, 395, 416, 417, 421, 429, 431, 432, 433, 436, 437, 452, 453, 455, 515, 522, 551, 553, 554, 581, 596, 598, 604, 608, 611, ]
[23, 48, 82, 101, 111, 140, 154, 183, 185, 198, 215, 254, 259, 293, 304, 314, 331, 333, 343, 360, 362, 384, 393, 395, 396, 422, 424, 425, 427, 429, 432, 452, 454, 455, 456, 457, 458, 470, 471, 477, 479, 486, 488, 512, 519, 520, 544, 545, 554, 555, 564, 603, ]
[21, 131, 139, 185, 285, 330, 332, 377, 387, 389, 425, 448, 481, 495, 513, 525, 531, 539, 545, 555, 560, 576, 581, 583, ]
[49, 123, 168, 217, 244, 261, 305, 331, 352, 360, 363, 367, 393, 394, 396, 425, 428, 432, 435, 446, 461, 462, 470, 471, 479, 499, 501, 523, 526, 533, 548, 565, 572, 579, 602, 615, ]
[5, 15, 108, 112, 124, 143, 150, 171, 189, 215, 216, 228, 240, 241, 253, 260, 267, 268, 271, 273, 274, 287, 294, 303, 316, 328, 333, 337, 358, 360, 393, 395, 396, 415, 424, 425, 432, 434, 447, 462, 463, 466, 467, 468, 469, 471, 479, 492, 512, 526, 561, 581, 583, 608, ]
[16, 77, 110, 140, 142, 162, 166, 170, 172, 173, 187, 199, 202, 206, 242, 336, 367, 372, 378, 408, 411, 412, 414, 415, 424, 441, 445, 447, 452, 473, 488, 559, 562, 589, 602, 603, 607, 608, 610, 612, 614, ]
[37, 38, 115, 166, 177, 239, 248, 286, 313, 332, 333, 357, 361, 362, 363, 394, 395, 413, 425, 426, 433, 435, 447, 473, 475, 494, 495, 496, 512, 513, 522, 524, 527, 534, 559, 560, 562, 566, 568, 582, ]
[73, 108, 118, 168, 172, 180, 192, 196, 201, 224, 252, 277, 301, 344, 382, 383, 384, 385, 394, 402, 410, 417, 418, 423, 439, 440, 445, 446, 449, 450, 451, 452, 471, 473, 490, 522, 581, 582, 584, 588, 589, 600, 601, 602, 604, 606, 609, 614, ]
[8, 9, 10, 22, 36, 41, 43, 47, 61, 67, 68, 75, 108, 155, 179, 180, 202, 213, 215, 233, 234, 259, 266, 333, 337, 347, 355, 373, 429, 432, 434, 437, 443, 500, 581, 587, 596, ]
[3, 19, 39, 49, 66, 79, 101, 114, 135, 146, 147, 180, 192, 210, 213, 214, 217, 237, 259, 292, 306, 331, 334, 335, 340, 362, 375, 394, 395, 399, 416, 426, 427, 434, 436, 457, 461, 480, 481, 488, 494, 495, 500, 501, 512, 513, 517, 526, 527, 530, 531, 537, 553, 559, 561, 583, 601, 606, ]
[21, 49, 50, 72, 82, 115, 116, 138, 147, 148, 182, 199, 204, 214, 215, 253, 308, 334, 339, 364, 393, 394, 395, 396, 416, 424, 425, 426, 429, 447, 458, 460, 461, 474, 488, 492, 495, 500, 502, 525, 532, 554, 577, 583, 596, 603, ]
[14, 15, 45, 46, 56, 72, 102, 104, 114, 130, 133, 134, 135, 144, 165, 166, 167, 173, 177, 181, 210, 211, 214, 215, 217, 248, 258, 330, 336, 366, 393, 407, 408, 414, 429, 433, 552, 553, 582, 589, 590, 594, 607, ]
[24, 37, 48, 71, 77, 128, 161, 162, 164, 166, 171, 214, 236, 275, 294, 298, 299, 308, 310, 328, 333, 345, 370, 371, 372, 373, 394, 407, 415, 435, 436, 471, 492, 524, 553, 561, 588, 591, 592, 607, ]
[51, 69, 79, 80, 82, 89, 157, 160, 161, 162, 165, 175, 181, 189, 190, 205, 207, 208, 213, 245, 248, 281, 295, 302, 303, 309, 333, 339, 346, 361, 371, 372, 373, 394, 405, 417, 423, 426, 431, 432, 434, 435, 436, 462, 473, 479, 522, 554, 556, 583, 591, 592, 593, 605, ]
[2, 9, 25, 41, 47, 49, 68, 99, 100, 131, 134, 163, 164, 166, 172, 180, 184, 198, 211, 217, 227, 232, 233, 234, 261, 265, 302, 305, 311, 336, 364, 372, 375, 398, 407, 408, 409, 411, 422, 431, 433, 461, 496, 517, 549, 582, 588, ]
[37, 79, 81, 101, 106, 133, 153, 154, 165, 166, 185, 189, 214, 237, 241, 253, 257, 272, 279, 281, 302, 304, 327, 328, 330, 343, 394, 397, 426, 427, 429, 446, 448, 460, 470, 471, 474, 480, 481, 488, 489, 490, 491, 492, 493, 508, 523, 524, 530, 532, 538, 542, 546, 549, 550, 561, 563, 577, 581, 583, 601, ]
[16, 32, 51, 77, 80, 98, 99, 122, 134, 150, 163, 182, 184, 185, 200, 202, 214, 215, 217, 219, 262, 264, 286, 332, 339, 361, 392, 393, 394, 407, 408, 411, 423, 434, 444, 447, 477, 488, 499, 511, 513, 519, 520, 526, 527, 529, 531, 532, 537, 539, 558, 576, 577, 581, 582, 583, 590, 602, ]
[2, 7, 8, 49, 78, 87, 95, 98, 138, 171, 172, 173, 183, 205, 215, 233, 264, 308, 330, 334, 337, 375, 418, 422, 425, 432, 435, 437, 471, 555, 561, 564, 581, 592, 607, ]
[27, 79, 119, 131, 166, 172, 211, 259, 334, 340, 377, 408, 410, 412, 413, 414, 415, 434, 442, 447, 496, 597, 601, 605, ]
[59, 60, 81, 133, 165, 216, 257, 272, 330, 331, 345, 354, 361, 394, 399, 424, 425, 426, 428, 432, 437, 469, 471, 474, 480, 483, 486, 487, 492, 493, 494, 495, 496, 502, 505, 513, 527, 533, 534, 561, 565, 569, 576, 581, 612, ]
[8, 9, 15, 72, 83, 99, 130, 162, 182, 183, 199, 200, 214, 216, 218, 228, 249, 262, 286, 331, 332, 336, 358, 371, 375, 391, 407, 408, 409, 410, 428, 441, 456, 461, 471, 477, 479, 480, 512, 546, 576, 591, ]
[37, 51, 90, 109, 113, 169, 173, 182, 186, 198, 209, 216, 233, 250, 294, 360, 361, 362, 418, 420, 425, 435, 455, 459, 461, 471, 474, 479, 480, 481, 551, 552, 553, 554, 567, 571, 576, 581, 590, 601, ]
[3, 10, 18, 49, 53, 66, 67, 135, 165, 201, 202, 203, 214, 218, 227, 259, 260, 291, 323, 324, 325, 326, 334, 356, 357, 367, 394, 400, 408, 409, 411, 414, 431, 432, 433, 434, 435, 475, 485, 496, 499, 500, 501, 509, 545, 582, 584, 585, 586, 590, 608, ]
[48, 162, 165, 170, 207, 208, 210, 213, 217, 234, 248, 303, 307, 336, 349, 361, 376, 407, 410, 418, 439, 440, 441, 447, 448, 461, 473, 479, 497, 520, 582, 584, 585, 598, 600, 602, 611, ]
[3, 19, 20, 22, 31, 38, 72, 99, 103, 112, 140, 162, 178, 212, 214, 227, 240, 245, 249, 255, 258, 277, 279, 282, 335, 364, 369, 395, 396, 397, 416, 427, 432, 461, 473, 474, 475, 477, 479, 498, 512, 545, 562, 576, 582, ]
[17, 215, 224, 306, 322, 333, 346, 391, 416, 421, 422, 426, 427, 428, 433, 471, 479, 485, 489, 495, 516, 523, 526, 529, 531, 541, 547, 549, 556, 559, 560, 570, 571, 573, 577, 578, 580, ]