[132, 140, 141, 162, 177, 197, 199, 296, 310, 324, 358, 360, 395, 425, 427, 436, 455, 469, 489, 492, 496, 502, 517, 519, 521, 526, 530, 532, 533, 538, 551, 563, 573, 600, 614, 619, 647, 662, 671, 680, 694, 741, 744, 756, 759, 775, 779, 789, 804, 809, 827, 839, 840, 846, 871, 903, 937, 991, 1013, 1020, ]
[1, 2, 3, 41, 42, 54, 64, 70, 100, 103, 108, 112, 136, 146, 156, 157, 169, 171, 196, 199, 200, 216, 223, 246, 268, 269, 281, 286, 296, 297, 303, 305, 307, 315, 331, 333, 335, 342, 358, 371, 373, 392, 402, 421, 426, 435, 455, 461, 466, 468, 475, 476, 477, 492, 496, 500, 504, 519, 520, 535, 550, 555, 570, 575, 579, 584, 596, 612, 620, 627, 640, 647, 661, 665, 675, 679, 683, 687, 710, 711, 713, 718, 719, 743, 757, 772, 776, 777, 780, 799, 806, 808, 826, 840, 863, 869, 893, 899, 912, 933, 960, 1003, 1007, 1012, 1019, ]
[0, 11, 18, 20, 62, 87, 101, 116, 117, 127, 133, 137, 138, 148, 157, 169, 186, 192, 198, 201, 229, 265, 274, 330, 331, 339, 345, 362, 375, 376, 378, 390, 394, 405, 425, 429, 435, 445, 456, 457, 465, 475, 487, 493, 499, 500, 516, 532, 536, 537, 557, 570, 575, 597, 658, 677, 678, 688, 704, 710, 760, 775, 780, 790, 808, 815, 834, 836, 841, 859, 892, 901, 920, 963, ]
[9, 27, 61, 63, 76, 100, 123, 127, 137, 165, 167, 169, 209, 214, 224, 232, 265, 311, 325, 331, 347, 355, 373, 389, 395, 402, 403, 406, 423, 437, 440, 441, 456, 468, 469, 475, 486, 498, 501, 522, 531, 533, 538, 544, 553, 561, 563, 565, 582, 596, 601, 608, 634, 658, 662, 669, 677, 683, 740, 743, 772, 775, 776, 788, 809, 837, 839, 863, 867, 873, 903, 904, 958, 967, 983, 988, 989, 993, 1002, ]
[21, 22, 23, 25, 31, 65, 95, 115, 132, 147, 169, 178, 186, 190, 197, 200, 208, 226, 238, 244, 250, 260, 261, 262, 264, 296, 312, 333, 341, 345, 372, 379, 406, 408, 411, 419, 422, 444, 457, 464, 475, 506, 510, 532, 538, 539, 540, 563, 568, 583, 590, 592, 598, 602, 631, 633, 655, 659, 678, 680, 741, 776, 807, 808, 840, 853, 924, 928, 934, 993, 1022, ]
[8, 13, 25, 26, 28, 29, 30, 63, 73, 95, 103, 161, 164, 169, 190, 200, 232, 233, 236, 239, 243, 247, 255, 286, 291, 296, 298, 313, 327, 343, 358, 359, 390, 392, 404, 408, 412, 424, 433, 436, 442, 452, 463, 503, 507, 508, 525, 526, 536, 540, 541, 552, 559, 562, 582, 590, 600, 604, 636, 637, 646, 679, 707, 709, 714, 745, 776, 808, 839, 840, 841, 895, 925, 932, 958, 987, ]
[0, 1, 63, 74, 75, 93, 102, 133, 138, 156, 231, 233, 237, 284, 319, 325, 331, 340, 345, 356, 374, 386, 392, 404, 408, 411, 424, 460, 500, 508, 520, 529, 531, 536, 556, 569, 586, 587, 599, 602, 607, 621, 626, 627, 644, 649, 681, 731, 746, 751, 753, 754, 767, 805, 860, 866, 872, 895, 902, 930, 934, 935, 941, 949, 958, 968, 973, 980, 989, 992, 1004, 1005, 1006, 1018, ]
[31, 37, 57, 85, 138, 144, 165, 167, 178, 218, 229, 238, 245, 249, 252, 259, 273, 282, 283, 312, 313, 314, 315, 316, 326, 332, 336, 339, 349, 357, 387, 393, 396, 398, 400, 401, 403, 404, 427, 434, 435, 440, 456, 461, 491, 492, 493, 495, 497, 519, 564, 569, 600, 623, 638, 651, 727, 771, 776, 807, 864, 866, 898, 902, 903, 960, 963, ]
[20, 29, 31, 70, 78, 94, 118, 124, 143, 162, 168, 169, 180, 195, 203, 207, 234, 249, 256, 279, 286, 292, 293, 296, 299, 308, 319, 329, 346, 369, 373, 411, 420, 431, 445, 456, 466, 470, 486, 497, 499, 519, 581, 592, 600, 601, 622, 647, 651, 676, 694, 708, 728, 744, 762, 769, 778, 803, 841, 847, 853, 869, 873, 888, 895, 904, 923, 937, 958, 964, 966, 967, 1014, 1020, ]
[17, 37, 45, 57, 64, 106, 127, 132, 136, 137, 164, 174, 176, 196, 197, 209, 231, 232, 234, 291, 296, 304, 345, 391, 396, 397, 403, 405, 410, 424, 447, 462, 464, 467, 471, 498, 502, 504, 509, 519, 527, 529, 583, 710, 720, 745, 791, 808, 814, 838, 868, 872, 959, 987, 1011, ]
[1, 5, 10, 14, 23, 36, 74, 105, 131, 133, 152, 164, 169, 172, 177, 184, 201, 213, 223, 234, 274, 277, 287, 297, 298, 305, 334, 335, 367, 373, 376, 383, 398, 413, 425, 434, 437, 438, 439, 447, 453, 454, 456, 464, 466, 469, 485, 487, 488, 489, 505, 509, 519, 521, 533, 543, 547, 550, 555, 558, 563, 564, 575, 584, 594, 595, 597, 598, 604, 614, 625, 631, 644, 653, 654, 664, 681, 683, 714, 729, 734, 737, 739, 744, 745, 750, 757, 774, 776, 799, 824, 844, 846, 848, 858, 868, 873, 883, 924, 954, 963, 979, 991, 1018, 1022, ]
[9, 16, 23, 30, 31, 33, 57, 73, 100, 110, 128, 135, 149, 160, 163, 164, 169, 196, 238, 251, 260, 262, 266, 286, 310, 346, 358, 371, 377, 391, 396, 400, 424, 433, 434, 460, 467, 488, 491, 528, 559, 560, 580, 595, 617, 624, 631, 652, 703, 743, 747, 765, 772, 778, 803, 823, 834, 835, 836, 867, 868, 871, 894, 908, 931, 932, 968, 1017, ]
[8, 27, 29, 31, 70, 105, 111, 127, 191, 196, 198, 200, 207, 218, 232, 244, 262, 291, 293, 300, 315, 330, 341, 365, 368, 373, 386, 393, 401, 408, 425, 429, 434, 442, 444, 465, 468, 471, 496, 506, 508, 528, 539, 549, 590, 593, 625, 630, 632, 663, 677, 693, 704, 710, 720, 735, 741, 754, 760, 772, 776, 778, 824, 870, 893, 931, 934, 937, 958, 969, 993, 1001, 1016, 1019, ]
[0, 13, 20, 31, 89, 93, 94, 103, 105, 115, 127, 130, 133, 136, 188, 191, 195, 197, 200, 216, 217, 228, 230, 265, 286, 302, 324, 350, 358, 360, 376, 392, 405, 406, 423, 425, 428, 436, 457, 463, 473, 478, 489, 515, 522, 526, 532, 563, 567, 581, 592, 595, 597, 598, 610, 611, 632, 660, 663, 709, 711, 712, 745, 750, 785, 791, 799, 802, 823, 838, 853, 863, 869, 872, 873, 875, 876, 895, 900, 925, 940, 941, 973, 997, 1017, 1023, ]
[2, 17, 24, 33, 44, 91, 92, 125, 131, 159, 165, 168, 169, 171, 172, 187, 193, 196, 197, 200, 206, 218, 240, 276, 278, 280, 283, 293, 295, 296, 313, 326, 329, 337, 339, 356, 357, 363, 364, 373, 375, 376, 389, 407, 410, 425, 427, 437, 438, 456, 462, 463, 477, 479, 486, 487, 492, 508, 515, 518, 521, 526, 530, 534, 559, 560, 563, 569, 583, 585, 587, 588, 589, 599, 613, 626, 649, 652, 678, 683, 684, 689, 695, 712, 713, 719, 731, 737, 741, 753, 767, 798, 805, 830, 842, 851, 871, 888, 901, 905, 930, 958, 972, 988, 990, 993, 998, 1014, 1019, 1020, ]
[5, 24, 37, 41, 87, 127, 132, 134, 135, 137, 149, 201, 202, 216, 223, 228, 252, 265, 275, 295, 311, 325, 368, 373, 375, 377, 382, 401, 409, 426, 456, 501, 551, 600, 603, 612, 628, 681, 728, 743, 749, 762, 797, 817, 820, 821, 841, 843, 852, 868, 903, 928, 989, 995, 1002, 1017, ]
[7, 25, 63, 68, 100, 136, 177, 197, 198, 213, 221, 223, 233, 245, 249, 264, 277, 287, 294, 303, 318, 324, 326, 328, 341, 342, 357, 371, 372, 378, 390, 400, 407, 412, 441, 445, 476, 478, 495, 501, 504, 521, 549, 564, 599, 625, 636, 639, 646, 651, 653, 680, 682, 687, 709, 726, 767, 770, 800, 802, 813, 868, 905, 914, 937, 969, 1010, 1023, ]
[3, 16, 31, 32, 39, 60, 70, 94, 138, 150, 158, 161, 163, 168, 220, 261, 272, 277, 283, 294, 296, 306, 319, 326, 332, 361, 363, 370, 377, 391, 412, 414, 437, 447, 464, 479, 492, 498, 536, 543, 585, 595, 612, 623, 625, 644, 645, 661, 680, 695, 730, 774, 792, 807, 830, 833, 847, 875, 892, 902, 915, 926, 933, 962, 993, 1017, 1023, ]
[11, 12, 25, 28, 30, 57, 69, 93, 95, 100, 103, 106, 131, 133, 135, 138, 139, 152, 165, 170, 191, 200, 203, 221, 233, 263, 283, 287, 293, 296, 299, 313, 328, 337, 344, 357, 365, 388, 392, 393, 396, 401, 402, 406, 407, 420, 428, 429, 455, 457, 458, 462, 463, 464, 475, 483, 495, 514, 519, 523, 524, 526, 528, 531, 532, 534, 538, 550, 552, 555, 586, 588, 592, 593, 598, 601, 616, 619, 627, 632, 647, 649, 667, 680, 691, 697, 709, 710, 711, 712, 745, 748, 750, 759, 776, 785, 807, 809, 831, 863, 868, 872, 895, 906, 929, 942, 959, 987, 990, 994, 999, 1009, 1016, 1018, 1023, ]
[31, 45, 64, 90, 95, 101, 112, 139, 141, 147, 165, 197, 229, 247, 261, 280, 290, 293, 318, 325, 341, 344, 347, 356, 357, 400, 401, 406, 426, 428, 434, 435, 447, 453, 455, 460, 465, 466, 476, 488, 493, 496, 498, 500, 524, 558, 559, 561, 585, 613, 616, 631, 693, 696, 709, 712, 713, 775, 776, 798, 817, 832, 862, 872, 907, 932, 953, 1004, 1020, ]
[5, 11, 17, 23, 28, 37, 68, 80, 93, 97, 98, 111, 123, 125, 130, 132, 133, 140, 146, 168, 180, 198, 200, 202, 223, 228, 246, 247, 254, 258, 259, 264, 266, 281, 293, 318, 333, 343, 345, 349, 351, 353, 358, 400, 401, 405, 408, 412, 416, 424, 430, 434, 440, 441, 442, 446, 448, 453, 475, 480, 497, 499, 520, 525, 528, 532, 536, 573, 594, 602, 612, 624, 625, 688, 695, 696, 718, 735, 745, 748, 749, 750, 760, 763, 773, 782, 804, 806, 808, 815, 830, 840, 873, 891, 901, 927, 931, 933, 934, 936, 947, 960, 961, 962, 966, 967, 969, 990, 1001, 1017, ]
[3, 11, 26, 32, 58, 63, 77, 81, 87, 98, 103, 104, 106, 108, 131, 132, 133, 134, 148, 171, 173, 186, 188, 191, 201, 202, 209, 216, 229, 231, 235, 240, 245, 246, 255, 259, 264, 266, 286, 289, 294, 304, 313, 316, 324, 332, 340, 344, 359, 363, 364, 389, 400, 401, 403, 411, 426, 427, 432, 435, 440, 446, 447, 456, 457, 459, 466, 473, 488, 489, 491, 517, 519, 522, 528, 550, 552, 553, 562, 572, 580, 583, 585, 590, 614, 618, 620, 622, 624, 627, 632, 636, 652, 655, 659, 685, 717, 731, 743, 750, 765, 776, 790, 800, 803, 806, 818, 831, 833, 853, 864, 865, 877, 879, 888, 897, 901, 904, 915, 924, 931, 937, 943, 953, 965, 966, 968, 978, 986, 988, 989, 992, 1002, 1005, 1021, ]
[29, 89, 95, 105, 108, 109, 117, 134, 148, 162, 163, 169, 191, 201, 202, 215, 216, 228, 229, 240, 245, 260, 265, 266, 280, 292, 313, 324, 337, 342, 363, 374, 375, 388, 422, 435, 478, 492, 497, 498, 505, 518, 533, 535, 536, 563, 564, 587, 591, 597, 607, 616, 646, 663, 677, 679, 696, 698, 739, 741, 744, 783, 784, 789, 827, 838, 839, 840, 872, 873, 933, 958, 969, 983, 986, 1016, ]
[23, 28, 32, 60, 63, 73, 92, 93, 94, 95, 100, 127, 227, 229, 259, 273, 277, 290, 297, 319, 321, 332, 341, 343, 356, 364, 371, 374, 375, 392, 394, 399, 450, 459, 466, 468, 492, 508, 511, 516, 520, 525, 527, 529, 530, 532, 549, 562, 563, 565, 568, 588, 598, 599, 600, 624, 625, 627, 634, 644, 649, 653, 663, 671, 685, 703, 710, 712, 715, 734, 735, 748, 773, 775, 784, 866, 873, 925, 936, 962, ]
[23, 31, 63, 71, 90, 92, 101, 130, 136, 150, 162, 165, 190, 201, 214, 221, 230, 234, 264, 272, 276, 294, 296, 303, 305, 311, 312, 327, 330, 341, 342, 344, 370, 375, 397, 399, 415, 425, 428, 431, 432, 433, 434, 437, 440, 441, 443, 447, 460, 465, 466, 467, 471, 472, 487, 499, 502, 518, 530, 533, 535, 538, 569, 570, 573, 587, 624, 646, 658, 661, 662, 663, 697, 707, 708, 710, 728, 757, 773, 776, 791, 808, 840, 870, 885, 895, 900, 905, 969, 991, 999, 1012, 1023, ]
[19, 23, 29, 39, 42, 46, 103, 123, 126, 127, 135, 137, 159, 163, 201, 217, 227, 238, 243, 252, 261, 291, 295, 313, 340, 346, 355, 361, 405, 406, 407, 412, 426, 432, 435, 436, 444, 455, 464, 472, 489, 496, 509, 520, 527, 531, 532, 534, 561, 564, 571, 583, 587, 594, 634, 655, 662, 680, 732, 739, 760, 804, 840, 858, 895, 911, 936, 960, 990, 992, 997, 1006, 1021, ]
[2, 6, 24, 26, 30, 31, 35, 37, 60, 62, 64, 75, 138, 150, 159, 170, 172, 187, 197, 201, 203, 232, 240, 255, 269, 272, 277, 282, 297, 304, 328, 339, 341, 356, 357, 361, 369, 378, 386, 393, 404, 423, 427, 431, 432, 447, 456, 463, 470, 489, 491, 500, 501, 504, 505, 516, 526, 528, 532, 571, 589, 594, 622, 625, 627, 630, 632, 647, 669, 672, 693, 730, 737, 741, 743, 744, 749, 753, 775, 777, 825, 831, 841, 852, 875, 880, 889, 894, 895, 901, 924, 925, 927, 928, 955, 959, 965, 985, 1006, 1014, 1015, ]
[23, 26, 41, 63, 85, 87, 124, 137, 157, 161, 167, 188, 189, 191, 201, 203, 211, 228, 259, 260, 264, 281, 291, 296, 329, 358, 374, 399, 402, 452, 455, 468, 472, 476, 496, 499, 502, 503, 507, 533, 541, 543, 591, 613, 646, 656, 674, 709, 745, 746, 748, 751, 767, 776, 778, 816, 827, 829, 831, 842, 861, 868, 871, 873, 880, 894, 901, 917, 956, 968, 995, ]
[2, 27, 29, 33, 61, 64, 67, 91, 100, 101, 111, 144, 159, 180, 200, 210, 220, 227, 235, 247, 269, 300, 313, 321, 325, 336, 340, 342, 353, 360, 375, 378, 384, 388, 390, 398, 400, 402, 407, 412, 432, 433, 435, 438, 441, 465, 478, 493, 496, 520, 523, 529, 558, 561, 586, 623, 625, 652, 693, 718, 726, 767, 799, 840, 852, 871, 901, 959, 960, 969, 977, 992, 1019, ]
[1, 8, 17, 31, 60, 69, 102, 126, 134, 140, 156, 162, 163, 175, 180, 197, 201, 233, 241, 252, 255, 275, 278, 279, 288, 292, 294, 299, 339, 344, 354, 370, 377, 379, 390, 394, 400, 403, 404, 410, 423, 430, 453, 454, 455, 458, 466, 476, 495, 500, 516, 518, 521, 528, 541, 554, 562, 565, 583, 658, 664, 665, 669, 687, 694, 702, 707, 714, 740, 749, 757, 767, 774, 806, 822, 831, 838, 839, 840, 841, 870, 888, 897, 902, 909, 925, 932, 935, 966, 967, 973, 990, 994, 1022, ]
[2, 6, 28, 29, 39, 101, 106, 124, 136, 169, 178, 193, 196, 200, 208, 212, 213, 232, 236, 240, 244, 245, 248, 259, 268, 270, 287, 304, 311, 325, 344, 345, 367, 376, 380, 392, 394, 395, 406, 414, 433, 442, 445, 456, 459, 473, 489, 493, 496, 499, 500, 503, 533, 539, 551, 592, 616, 620, 646, 647, 655, 660, 664, 682, 710, 712, 729, 743, 780, 816, 848, 851, 856, 866, 873, 901, 910, 938, 958, 961, 969, 992, 1009, 1023, ]
[0, 7, 14, 30, 39, 40, 41, 42, 55, 69, 70, 101, 136, 168, 169, 190, 196, 212, 223, 230, 234, 238, 249, 262, 265, 270, 293, 298, 329, 356, 358, 386, 391, 400, 404, 438, 481, 493, 505, 533, 540, 551, 570, 573, 598, 611, 639, 657, 697, 712, 742, 751, 754, 786, 788, 811, 822, 842, 846, 858, 866, 868, 869, 901, 902, 903, 912, 923, 934, 958, 993, ]
[47, 129, 160, 191, 192, 224, 225, 256, 257, 288, 289, 292, 301, 319, 321, 335, 341, 346, 353, 354, 360, 367, 376, 417, 448, 480, 495, 556, 559, 600, 734, 773, 789, 814, 834, 944, 969, 1018, ]
[9, 26, 33, 47, 52, 69, 126, 137, 140, 145, 162, 165, 166, 169, 171, 180, 200, 209, 216, 223, 227, 231, 247, 254, 264, 271, 272, 282, 304, 319, 326, 330, 336, 337, 340, 366, 367, 383, 385, 394, 399, 412, 414, 428, 451, 456, 463, 485, 488, 489, 493, 497, 507, 518, 527, 530, 531, 537, 552, 557, 563, 574, 582, 588, 593, 594, 605, 613, 616, 654, 655, 679, 686, 695, 708, 712, 720, 739, 742, 746, 752, 758, 760, 769, 781, 783, 786, 896, 906, 910, 913, 924, 956, 966, 995, 1006, 1022, ]
[1, 25, 27, 64, 116, 126, 133, 143, 201, 228, 266, 281, 291, 297, 307, 319, 326, 331, 351, 368, 373, 398, 402, 408, 426, 430, 436, 439, 455, 458, 490, 492, 495, 515, 519, 524, 536, 560, 570, 650, 653, 663, 665, 711, 744, 746, 772, 808, 831, 852, 896, 905, 915, 929, 954, 966, 994, 1019, 1021, 1023, ]
[6, 26, 27, 28, 29, 52, 107, 135, 156, 158, 202, 212, 229, 250, 259, 299, 314, 339, 344, 360, 367, 369, 376, 377, 406, 407, 425, 435, 442, 443, 445, 457, 462, 465, 466, 483, 487, 494, 495, 496, 505, 530, 535, 536, 554, 561, 571, 603, 626, 632, 655, 663, 665, 671, 676, 678, 688, 743, 772, 775, 794, 862, 864, 868, 869, 896, 902, 928, 929, 945, 958, 961, 968, 986, 1000, 1008, 1011, ]
[4, 5, 17, 19, 24, 41, 55, 63, 118, 119, 122, 150, 157, 159, 165, 170, 181, 187, 195, 199, 201, 215, 227, 237, 238, 246, 248, 265, 267, 279, 280, 287, 292, 311, 312, 313, 315, 323, 337, 345, 347, 348, 349, 359, 395, 404, 412, 420, 423, 424, 435, 453, 466, 473, 487, 494, 497, 499, 502, 520, 529, 532, 567, 622, 632, 656, 710, 713, 740, 766, 774, 791, 793, 798, 829, 839, 856, 858, 867, 888, 894, 901, 913, 960, 979, 988, 991, 996, 997, 1003, 1010, 1015, ]
[0, 3, 4, 18, 42, 50, 61, 136, 139, 166, 175, 192, 196, 200, 206, 210, 228, 229, 232, 234, 245, 252, 260, 280, 296, 298, 303, 307, 324, 331, 341, 344, 358, 369, 403, 409, 412, 414, 420, 434, 467, 493, 496, 497, 500, 508, 520, 528, 536, 552, 560, 566, 572, 587, 595, 598, 612, 615, 636, 676, 708, 709, 718, 743, 747, 757, 795, 807, 808, 811, 816, 824, 834, 869, 871, 890, 925, 936, 949, 967, 969, 991, ]
[12, 15, 28, 57, 78, 105, 114, 129, 139, 154, 166, 169, 202, 213, 223, 229, 235, 265, 269, 273, 277, 284, 306, 311, 327, 358, 375, 376, 378, 381, 389, 393, 409, 434, 446, 459, 462, 463, 464, 492, 499, 500, 516, 518, 527, 534, 536, 537, 547, 554, 557, 561, 565, 581, 594, 631, 638, 668, 671, 681, 743, 769, 804, 808, 809, 823, 825, 832, 835, 837, 843, 864, 865, 896, 897, 900, 910, 916, 926, 929, 930, 938, 953, 969, 995, ]
[25, 28, 60, 69, 74, 81, 105, 108, 116, 117, 140, 181, 191, 196, 202, 231, 241, 252, 254, 261, 281, 295, 298, 309, 312, 346, 357, 363, 372, 380, 381, 397, 401, 410, 420, 434, 438, 439, 442, 446, 488, 495, 497, 532, 534, 541, 561, 565, 568, 578, 588, 623, 631, 670, 677, 679, 736, 740, 769, 808, 835, 837, 873, 899, 903, 911, 956, 966, 990, 1009, ]