[2, 8, 28, 39, 52, 71, 83, 84, 99, 106, 135, 149, 152, 174, 177, 181, 183, 184, 186, 189, 203, 214, 215, 228, 232, 237, 244, 245, 256, 297, 299, 300, 309, 335, 336, 360, 361, 375, 383, 394, 395, 417, 421, 429, 431, 432, 433, 436, 437, 452, 454, 515, 522, 551, 553, 554, 581, 595, 608, 611, ]
[1, 19, 70, 81, 111, 134, 152, 154, 185, 215, 245, 254, 263, 293, 299, 304, 314, 331, 334, 343, 360, 362, 384, 393, 395, 396, 420, 424, 425, 427, 429, 432, 452, 453, 456, 457, 458, 470, 471, 477, 479, 486, 489, 510, 512, 519, 520, 544, 545, 554, 555, 564, 565, 598, 603, ]
[21, 131, 139, 185, 285, 330, 377, 387, 389, 425, 448, 481, 495, 513, 525, 531, 539, 545, 555, 560, 570, 576, 581, 583, ]
[7, 49, 123, 168, 217, 244, 305, 331, 337, 352, 360, 367, 393, 394, 396, 428, 435, 437, 446, 461, 462, 470, 471, 474, 479, 500, 501, 523, 525, 533, 559, 572, 579, 602, 605, 615, ]
[15, 71, 108, 112, 124, 143, 171, 189, 212, 215, 218, 228, 239, 240, 241, 242, 253, 260, 265, 268, 271, 273, 274, 285, 287, 294, 303, 315, 316, 328, 338, 359, 360, 393, 395, 396, 415, 424, 425, 432, 434, 437, 447, 462, 463, 466, 467, 468, 469, 471, 479, 492, 512, 561, 578, 581, 583, 603, ]
[6, 16, 57, 77, 85, 110, 131, 140, 166, 169, 172, 173, 184, 192, 206, 242, 336, 341, 372, 378, 406, 408, 411, 414, 415, 423, 441, 445, 473, 495, 520, 602, 604, 607, 608, 610, 614, ]
[38, 69, 81, 166, 174, 183, 239, 248, 286, 333, 357, 361, 362, 363, 394, 395, 424, 425, 426, 433, 435, 447, 474, 494, 495, 496, 512, 513, 522, 524, 527, 559, 560, 562, 566, 568, 582, 601, ]
[75, 108, 118, 134, 145, 168, 192, 201, 210, 252, 277, 301, 344, 382, 383, 384, 385, 394, 410, 417, 418, 423, 439, 440, 445, 446, 449, 450, 451, 452, 471, 473, 490, 522, 581, 582, 584, 588, 589, 600, 601, 602, 604, 606, 609, ]
[8, 9, 10, 22, 36, 41, 43, 62, 68, 75, 76, 82, 99, 108, 121, 178, 179, 180, 204, 213, 214, 215, 233, 234, 259, 265, 266, 333, 338, 355, 373, 429, 432, 437, 443, 448, 485, 500, 581, 582, 596, ]
[3, 19, 49, 66, 79, 94, 101, 114, 132, 135, 146, 147, 180, 192, 200, 210, 213, 214, 237, 259, 282, 292, 307, 331, 334, 339, 362, 395, 416, 426, 427, 434, 436, 457, 461, 480, 481, 488, 494, 495, 500, 501, 512, 513, 516, 517, 526, 527, 530, 531, 537, 553, 559, 561, 576, 583, ]
[20, 49, 50, 72, 82, 83, 115, 127, 138, 147, 148, 182, 199, 205, 214, 215, 253, 260, 333, 341, 364, 393, 394, 395, 424, 425, 429, 447, 460, 461, 474, 488, 495, 500, 502, 524, 525, 539, 543, 554, 577, 581, 583, 599, 609, ]
[14, 15, 45, 46, 56, 72, 102, 104, 130, 133, 134, 135, 142, 143, 145, 165, 166, 167, 172, 177, 181, 196, 210, 211, 214, 215, 217, 239, 250, 258, 305, 330, 333, 374, 407, 408, 416, 423, 429, 433, 478, 545, 552, 553, 582, 589, 590, 594, 601, ]
[18, 24, 37, 71, 77, 78, 128, 129, 145, 161, 162, 164, 165, 171, 214, 237, 275, 294, 296, 298, 299, 308, 310, 311, 328, 333, 345, 370, 371, 372, 373, 394, 415, 431, 435, 436, 471, 473, 492, 522, 524, 553, 561, 588, 590, 591, 592, 607, ]
[51, 69, 79, 80, 82, 89, 158, 160, 161, 162, 165, 175, 181, 189, 190, 205, 208, 213, 245, 248, 281, 295, 302, 303, 309, 333, 346, 361, 371, 372, 373, 394, 417, 423, 426, 431, 432, 434, 435, 436, 473, 479, 522, 556, 583, 591, 592, 593, ]
[8, 9, 49, 53, 68, 99, 100, 131, 134, 163, 164, 166, 175, 180, 198, 203, 217, 227, 232, 233, 234, 258, 261, 265, 305, 307, 311, 335, 349, 360, 372, 398, 407, 408, 409, 411, 414, 427, 431, 433, 461, 475, 477, 496, 517, 549, 582, 588, ]
[13, 37, 79, 81, 103, 133, 137, 153, 154, 165, 166, 185, 189, 214, 241, 253, 257, 279, 281, 302, 304, 327, 328, 330, 343, 391, 394, 395, 397, 417, 426, 427, 429, 446, 448, 460, 470, 471, 474, 480, 481, 488, 489, 490, 491, 492, 493, 508, 524, 530, 532, 538, 542, 550, 561, 563, 577, 581, ]
[16, 51, 78, 98, 99, 108, 122, 134, 150, 163, 182, 183, 184, 185, 200, 215, 217, 219, 235, 255, 262, 264, 282, 332, 361, 392, 393, 394, 407, 408, 411, 423, 433, 436, 444, 447, 477, 481, 488, 499, 511, 519, 520, 526, 527, 529, 531, 532, 537, 539, 558, 576, 577, 581, 582, 583, 590, 591, 600, ]
[2, 7, 8, 36, 48, 87, 95, 98, 106, 171, 172, 173, 183, 205, 215, 232, 264, 309, 336, 359, 375, 411, 425, 435, 437, 443, 447, 471, 555, 561, 564, 581, 592, 606, ]
[79, 119, 130, 166, 172, 179, 221, 259, 333, 340, 374, 377, 408, 410, 412, 413, 414, 415, 434, 442, 447, 496, 597, 601, 605, ]
[59, 60, 81, 133, 216, 257, 272, 330, 331, 345, 354, 361, 424, 425, 426, 428, 432, 437, 469, 471, 474, 480, 483, 486, 487, 488, 492, 493, 494, 495, 502, 505, 513, 527, 533, 534, 561, 565, 569, 576, 581, 605, 612, ]
[8, 9, 12, 15, 30, 72, 83, 99, 130, 162, 163, 167, 182, 183, 199, 200, 214, 216, 217, 218, 228, 249, 260, 262, 286, 326, 331, 332, 333, 336, 358, 371, 375, 391, 407, 408, 409, 411, 428, 456, 458, 461, 471, 477, 479, 480, 512, 536, 545, 555, 576, 577, 590, 595, ]
[5, 51, 102, 109, 154, 169, 173, 182, 186, 198, 209, 216, 233, 250, 281, 294, 360, 361, 362, 390, 418, 425, 435, 455, 459, 461, 471, 474, 479, 480, 481, 551, 552, 553, 567, 571, 576, 581, 590, 601, ]
[3, 10, 49, 53, 66, 67, 101, 118, 135, 172, 198, 202, 203, 214, 218, 227, 254, 258, 259, 291, 314, 323, 324, 325, 326, 333, 356, 357, 367, 368, 394, 401, 408, 410, 411, 414, 431, 432, 433, 434, 435, 485, 499, 500, 501, 509, 525, 545, 582, 584, 585, 586, 590, 608, ]
[48, 162, 165, 170, 192, 207, 208, 209, 210, 213, 217, 234, 248, 303, 307, 336, 349, 361, 376, 407, 410, 418, 431, 439, 440, 441, 447, 448, 461, 473, 479, 497, 520, 582, 584, 585, 598, 600, 602, 611, ]
[3, 19, 20, 21, 23, 31, 72, 99, 103, 112, 135, 140, 162, 178, 213, 217, 227, 240, 246, 249, 255, 258, 277, 282, 335, 364, 369, 395, 396, 397, 416, 427, 428, 432, 461, 474, 475, 479, 498, 512, 545, 562, 576, 596, ]
[17, 156, 224, 306, 322, 346, 392, 416, 421, 422, 427, 428, 433, 437, 471, 479, 485, 489, 495, 496, 516, 523, 526, 529, 531, 541, 547, 549, 556, 559, 560, 564, 570, 571, 573, 576, 577, 578, 580, 600, ]