[7, 61, 82, 125, 132, 178, 196, 210, 215, 291, 294, 359, 417, 480, 528, 529, 530, 532, 543, 551, 561, 575, 581, 613, 614, 647, 667, 694, 707, 710, 739, 753, 773, 800, 807, 822, 828, 869, 890, 901, 913, 949, 952, 992, 996, ]
[3, 13, 62, 127, 196, 202, 255, 262, 285, 343, 386, 405, 420, 436, 449, 476, 479, 484, 488, 501, 524, 526, 534, 535, 579, 598, 600, 612, 650, 661, 674, 681, 709, 711, 726, 735, 743, 774, 782, 790, 808, 818, 838, 900, 905, 922, 967, 991, 997, 1023, ]
[7, 9, 33, 51, 68, 109, 125, 147, 242, 264, 281, 313, 355, 357, 409, 495, 504, 519, 528, 533, 534, 544, 549, 562, 601, 621, 631, 646, 662, 724, 742, 776, 793, 824, 833, 834, 864, 891, 896, 922, 925, 926, 928, 960, 1002, ]
[34, 67, 114, 126, 131, 135, 158, 160, 161, 162, 163, 192, 193, 194, 219, 228, 278, 326, 338, 439, 454, 459, 464, 471, 480, 487, 500, 505, 512, 519, 526, 527, 548, 551, 559, 566, 572, 588, 603, 616, 628, 633, 634, 635, 638, 642, 646, 678, 687, 710, 723, 750, 776, 801, 804, 807, 811, 832, 876, 901, 929, 930, 931, 959, 964, 965, 992, 1003, 1013, 1021, ]
[2, 40, 61, 68, 186, 269, 287, 355, 361, 383, 426, 438, 489, 493, 496, 501, 522, 525, 532, 557, 558, 579, 585, 593, 597, 602, 604, 616, 623, 627, 631, 639, 644, 661, 679, 705, 741, 742, 776, 784, 798, 817, 824, 829, 837, 960, 963, 967, 992, 993, 1001, 1014, 1015, ]
[8, 11, 14, 24, 33, 42, 44, 62, 124, 196, 199, 255, 273, 296, 326, 335, 390, 457, 466, 471, 499, 504, 520, 524, 531, 551, 567, 573, 578, 590, 594, 595, 659, 710, 739, 771, 773, 779, 843, 852, 926, 943, 969, 981, 1002, ]
[11, 30, 63, 64, 93, 105, 112, 143, 149, 182, 216, 247, 260, 309, 311, 312, 317, 328, 340, 376, 410, 442, 455, 475, 487, 558, 579, 605, 607, 615, 631, 633, 637, 670, 690, 698, 699, 724, 726, 730, 741, 756, 760, 761, 762, 792, 798, 855, 859, 885, 886, 947, 963, 979, 1019, ]
[0, 16, 32, 33, 36, 41, 42, 76, 93, 103, 164, 183, 289, 297, 341, 396, 430, 456, 480, 486, 490, 518, 523, 529, 536, 537, 543, 551, 559, 578, 614, 634, 660, 684, 695, 707, 739, 741, 803, 812, 901, 923, 950, 965, 987, 995, 1001, 1005, ]
[8, 50, 62, 74, 96, 161, 176, 220, 263, 264, 301, 308, 319, 328, 342, 345, 351, 405, 468, 488, 519, 531, 535, 538, 546, 555, 556, 563, 582, 591, 597, 627, 630, 639, 657, 661, 676, 687, 698, 702, 800, 801, 805, 849, 850, 895, 949, 966, ]
[4, 33, 45, 54, 93, 94, 102, 126, 149, 157, 169, 200, 227, 234, 238, 299, 323, 337, 355, 358, 360, 384, 422, 434, 439, 469, 478, 493, 504, 530, 587, 591, 598, 605, 615, 621, 626, 638, 647, 665, 666, 698, 726, 736, 769, 776, 794, 802, 804, 806, 819, 846, 871, 873, 927, 934, 948, 949, 960, 962, 966, 998, 999, 1019, ]
[24, 218, 249, 373, 377, 464, 465, 480, 481, 482, 498, 507, 511, 513, 514, 544, 546, 570, 576, 577, 578, 608, 609, 632, 642, 672, 679, 686, 698, 770, 810, 832, 934, 1003, 1010, ]
[0, 1, 31, 42, 48, 68, 73, 76, 93, 104, 105, 127, 128, 133, 144, 153, 190, 191, 196, 285, 323, 361, 379, 403, 405, 419, 463, 469, 471, 472, 481, 488, 492, 521, 533, 540, 543, 553, 563, 565, 607, 616, 623, 640, 650, 671, 674, 678, 703, 712, 749, 771, 818, 820, 872, 926, 928, 1018, 1019, ]
[0, 15, 30, 67, 102, 125, 224, 242, 244, 267, 299, 300, 308, 313, 332, 346, 363, 366, 384, 389, 455, 499, 531, 549, 562, 563, 567, 568, 584, 594, 595, 602, 625, 626, 627, 644, 725, 733, 736, 737, 760, 778, 807, 816, 818, 835, 846, 864, 867, 896, 928, 929, 933, 999, 1003, 1013, 1021, 1023, ]
[13, 33, 37, 63, 64, 66, 68, 69, 94, 95, 104, 136, 153, 205, 225, 230, 294, 318, 322, 327, 343, 352, 354, 385, 392, 423, 427, 437, 453, 456, 476, 488, 500, 519, 526, 528, 530, 563, 564, 581, 583, 586, 588, 623, 624, 632, 637, 644, 645, 646, 671, 676, 709, 735, 739, 740, 745, 746, 752, 756, 768, 771, 779, 803, 805, 867, 901, 934, 940, 961, 969, 990, 991, 1010, ]
[8, 56, 71, 102, 118, 127, 155, 158, 159, 187, 229, 234, 287, 308, 326, 327, 355, 357, 380, 410, 416, 471, 499, 517, 529, 538, 549, 561, 616, 676, 679, 692, 697, 709, 712, 733, 771, 778, 781, 808, 850, 868, 882, 895, 925, 986, 992, ]