[16, 25, 29, 50, 52, 53, 65, 73, 83, 86, ]
[7, 12, 20, 27, 29, 30, 31, 34, 45, 48, 51, 52, 63, 67, 71, 78, 80, 81, 83, 85, 87, ]
[3, 7, 10, 25, 27, 29, 31, 35, 38, 51, 53, 55, 66, 73, 77, 84, 87, ]
[14, 23, 33, 35, 45, 52, 59, 83, ]
[9, 13, 16, 19, 25, 47, 50, 64, 75, 89, ]
[23, 27, 32, 40, 48, 55, 59, 61, 84, ]
[12, 16, 19, 21, 31, 38, 43, 53, 63, 71, 76, 79, 81, 86, 88, 89, ]
[0, 3, 15, 19, 21, 23, 24, 25, 27, 29, 31, 40, 49, 68, 78, 83, 87, 88, ]
[8, 13, 25, 26, 27, 28, 41, 42, 51, 56, 65, 67, 75, 80, 83, 87, ]
[8, 9, 13, 22, 29, 35, 37, 43, 46, 48, 50, 53, 67, 69, 78, 79, 85, 86, 88, 89, ]
[2, 9, 15, 27, 31, 32, 43, 46, 51, 61, 65, 69, 83, 88, 89, ]
[6, 8, 11, 25, 27, 32, 46, 51, 53, 60, 62, 77, 82, 86, 88, ]
[2, 3, 13, 23, 37, 40, 43, 49, 67, 68, 71, 73, 74, 85, 89, ]
[1, 2, 3, 4, 13, 23, 24, 25, 27, 41, 47, 50, 59, 63, 64, 65, 82, ]
[8, 11, 12, 14, 15, 22, 25, 34, 39, 49, 50, 51, 53, 55, 59, 61, 64, 65, 71, 75, ]