[5, 14, 25, 26, 27, 29, 39, 50, 52, 61, 62, 73, 83, 86, ]
[7, 12, 20, 27, 29, 31, 34, 48, 51, 52, 63, 67, 78, 79, 81, 82, 85, 87, ]
[3, 7, 9, 10, 25, 27, 29, 31, 33, 38, 47, 51, 53, 55, 66, 77, 79, 88, 89, ]
[14, 23, 33, 35, 45, 52, 59, 83, ]
[0, 1, 7, 9, 11, 13, 16, 17, 19, 22, 24, 25, 35, 36, 47, 50, 56, 62, 64, 75, 80, 81, 87, 89, ]
[0, 19, 38, 48, 55, 59, 61, 84, ]
[12, 14, 19, 21, 23, 26, 31, 43, 46, 57, 71, 76, 79, 81, 84, 88, 89, ]
[0, 3, 15, 19, 21, 23, 24, 25, 27, 29, 30, 31, 46, 51, 78, 83, 87, ]
[6, 25, 26, 28, 31, 42, 51, 56, 69, 75, 85, 88, ]
[8, 9, 13, 29, 33, 36, 37, 43, 46, 50, 52, 53, 67, 69, 78, 85, 86, 88, 89, ]
[2, 9, 15, 16, 27, 31, 38, 43, 47, 58, 61, 65, 67, 83, 88, 89, ]
[0, 3, 6, 8, 25, 27, 30, 32, 35, 46, 51, 53, 55, 60, 62, 77, 82, 84, 86, 88, ]
[2, 3, 13, 23, 37, 40, 49, 55, 67, 68, 71, 73, 74, 85, 89, ]
[1, 2, 4, 5, 8, 9, 13, 23, 24, 25, 26, 27, 41, 47, 48, 51, 53, 59, 63, 64, 82, 83, ]
[10, 11, 12, 14, 22, 25, 34, 39, 49, 50, 51, 55, 59, 61, 64, 65, 71, 75, ]