[7, 50, 82, 125, 131, 178, 196, 210, 215, 255, 294, 323, 356, 358, 359, 417, 436, 480, 529, 530, 531, 539, 561, 575, 581, 607, 613, 614, 647, 667, 707, 710, 739, 753, 773, 776, 800, 807, 822, 828, 838, 869, 890, 901, 949, 952, 960, 996, 1011, ]
[3, 13, 23, 62, 127, 190, 196, 202, 254, 261, 285, 326, 343, 386, 405, 415, 420, 436, 447, 449, 476, 484, 488, 501, 524, 525, 526, 533, 534, 579, 612, 631, 650, 663, 674, 709, 711, 726, 735, 743, 744, 758, 774, 782, 790, 808, 818, 832, 891, 900, 905, 967, 983, 991, 995, 997, 1023, ]
[7, 9, 33, 50, 68, 125, 147, 242, 264, 313, 355, 357, 461, 499, 504, 519, 528, 532, 533, 534, 544, 549, 562, 601, 631, 646, 662, 664, 691, 742, 776, 793, 824, 833, 834, 864, 890, 896, 922, 924, 925, 926, 928, 960, 1002, 1012, ]
[34, 67, 84, 126, 131, 135, 158, 160, 161, 162, 163, 180, 192, 193, 194, 219, 228, 278, 326, 439, 459, 464, 471, 480, 486, 500, 505, 512, 519, 524, 527, 551, 559, 566, 572, 588, 603, 616, 628, 633, 634, 635, 638, 642, 678, 710, 717, 723, 801, 807, 832, 871, 901, 907, 928, 930, 931, 959, 964, 965, 992, 1008, 1013, ]
[0, 2, 33, 34, 38, 61, 68, 132, 187, 256, 269, 355, 361, 383, 438, 459, 461, 464, 493, 501, 520, 522, 525, 526, 532, 557, 558, 560, 565, 579, 585, 593, 602, 604, 616, 623, 627, 631, 639, 644, 656, 661, 679, 741, 742, 767, 776, 784, 798, 810, 817, 824, 868, 960, 963, 967, 993, 1001, 1014, 1015, ]
[8, 11, 16, 24, 33, 42, 44, 62, 124, 199, 287, 304, 326, 335, 384, 392, 471, 487, 499, 524, 531, 551, 567, 573, 578, 590, 594, 595, 709, 739, 742, 747, 843, 852, 925, 943, 959, 969, 981, 1012, ]
[11, 30, 63, 64, 93, 105, 112, 142, 149, 216, 247, 256, 309, 310, 311, 312, 317, 328, 340, 376, 399, 410, 442, 475, 487, 558, 579, 605, 607, 615, 631, 633, 637, 690, 698, 699, 703, 724, 726, 730, 741, 756, 760, 761, 762, 792, 798, 855, 859, 885, 917, 947, 966, 979, 1019, ]
[0, 16, 26, 33, 34, 36, 41, 42, 64, 70, 76, 93, 103, 106, 164, 235, 289, 297, 341, 396, 430, 455, 463, 486, 518, 520, 529, 534, 536, 537, 543, 559, 578, 614, 616, 660, 665, 694, 707, 739, 748, 760, 803, 812, 923, 950, 962, 965, 985, 992, 1001, 1005, ]
[8, 50, 63, 74, 101, 161, 220, 235, 262, 263, 264, 301, 319, 328, 342, 351, 405, 410, 433, 456, 485, 488, 521, 531, 535, 538, 546, 555, 563, 582, 591, 597, 627, 630, 661, 676, 702, 720, 800, 801, 805, 849, 868, 949, 994, ]
[4, 33, 46, 93, 94, 126, 149, 157, 169, 187, 200, 234, 271, 306, 323, 355, 358, 360, 418, 422, 434, 439, 462, 469, 493, 504, 510, 587, 591, 598, 605, 615, 621, 626, 634, 638, 647, 666, 698, 726, 736, 742, 746, 769, 776, 794, 802, 806, 819, 871, 927, 932, 934, 948, 949, 962, 966, 998, 999, ]
[33, 184, 249, 377, 389, 405, 464, 465, 480, 481, 482, 498, 504, 511, 513, 514, 520, 544, 546, 570, 576, 577, 578, 608, 609, 632, 642, 672, 679, 682, 686, 698, 770, 810, 832, 1003, 1010, ]
[0, 2, 31, 42, 48, 68, 73, 76, 93, 101, 104, 105, 127, 128, 144, 153, 191, 196, 266, 323, 376, 403, 405, 419, 449, 469, 471, 488, 492, 494, 521, 533, 540, 543, 553, 563, 607, 616, 623, 650, 664, 671, 674, 678, 703, 712, 749, 771, 818, 820, 872, 895, 896, 1017, 1018, 1023, ]
[0, 15, 68, 102, 127, 210, 224, 244, 255, 267, 299, 300, 313, 332, 346, 363, 433, 455, 499, 531, 544, 549, 562, 563, 567, 568, 585, 594, 595, 602, 625, 626, 627, 644, 733, 736, 760, 778, 786, 787, 801, 807, 816, 835, 850, 865, 928, 929, 1003, 1013, 1023, ]
[33, 37, 63, 64, 66, 68, 69, 94, 95, 104, 117, 136, 205, 225, 230, 294, 322, 327, 343, 351, 352, 354, 385, 392, 427, 437, 453, 456, 476, 488, 500, 519, 526, 528, 530, 564, 581, 583, 586, 588, 623, 624, 632, 645, 646, 647, 676, 707, 709, 735, 739, 740, 745, 746, 756, 768, 771, 779, 803, 805, 867, 901, 934, 940, 961, 969, 989, 990, 991, 1009, 1010, ]
[13, 60, 71, 102, 126, 127, 157, 186, 187, 229, 234, 287, 292, 308, 326, 327, 355, 380, 416, 439, 471, 499, 517, 538, 549, 561, 616, 692, 697, 712, 778, 850, 868, 882, 895, 925, 992, ]