[117, 133, 140, 141, 162, 196, 199, 278, 296, 324, 329, 342, 358, 360, 394, 401, 427, 436, 452, 455, 466, 469, 489, 496, 519, 521, 526, 531, 532, 533, 534, 538, 551, 568, 594, 605, 647, 662, 671, 680, 694, 741, 744, 756, 759, 775, 779, 789, 804, 809, 839, 840, 846, 857, 871, 903, 937, 1020, ]
[0, 1, 3, 41, 42, 54, 64, 70, 76, 92, 99, 100, 103, 112, 134, 136, 146, 156, 157, 169, 171, 196, 199, 200, 216, 223, 233, 240, 243, 261, 268, 269, 281, 287, 296, 297, 305, 315, 319, 331, 335, 342, 366, 371, 373, 392, 421, 426, 435, 455, 461, 466, 468, 475, 476, 484, 487, 492, 496, 500, 509, 520, 530, 535, 550, 555, 584, 595, 596, 600, 602, 611, 612, 620, 627, 640, 647, 657, 661, 665, 675, 679, 685, 687, 702, 711, 713, 715, 718, 719, 740, 743, 757, 776, 777, 799, 806, 840, 863, 869, 876, 893, 899, 933, 960, 968, 973, 992, 1007, 1012, 1019, ]
[0, 11, 18, 20, 62, 87, 101, 116, 117, 127, 133, 137, 138, 148, 157, 169, 186, 192, 198, 201, 229, 265, 311, 330, 331, 339, 345, 362, 376, 378, 390, 394, 405, 429, 435, 445, 456, 457, 475, 487, 493, 499, 500, 516, 520, 532, 536, 537, 557, 570, 575, 597, 658, 672, 677, 678, 688, 704, 710, 760, 775, 780, 783, 790, 808, 834, 836, 841, 859, 893, 901, 904, 920, 955, 963, ]
[9, 27, 61, 63, 76, 100, 127, 137, 165, 167, 169, 183, 201, 209, 224, 232, 265, 325, 331, 347, 355, 356, 358, 373, 389, 402, 403, 406, 423, 437, 440, 441, 464, 466, 468, 469, 473, 480, 501, 522, 531, 533, 538, 552, 561, 563, 565, 582, 596, 601, 608, 634, 654, 658, 662, 677, 683, 728, 739, 743, 757, 772, 775, 776, 825, 837, 873, 895, 903, 904, 959, 967, 983, 988, 993, 1002, 1021, ]
[21, 22, 23, 25, 31, 34, 95, 96, 115, 132, 147, 169, 178, 190, 197, 200, 208, 214, 226, 238, 250, 260, 261, 264, 294, 296, 305, 312, 333, 343, 345, 372, 379, 406, 408, 411, 419, 422, 444, 457, 464, 506, 510, 532, 538, 539, 540, 568, 571, 583, 590, 598, 602, 619, 624, 631, 633, 655, 659, 678, 680, 700, 741, 757, 776, 807, 808, 853, 946, 954, 993, 1022, ]
[8, 13, 23, 24, 25, 26, 28, 29, 31, 63, 73, 95, 103, 138, 161, 164, 168, 169, 190, 200, 232, 233, 236, 239, 243, 247, 255, 286, 291, 296, 298, 313, 323, 327, 358, 359, 372, 390, 392, 404, 412, 424, 433, 436, 440, 442, 452, 463, 471, 476, 504, 507, 508, 525, 526, 540, 541, 552, 559, 562, 573, 582, 590, 600, 604, 636, 637, 646, 668, 679, 707, 714, 741, 776, 778, 808, 839, 840, 841, 895, 925, 932, 958, 959, 987, 993, ]
[0, 1, 62, 74, 75, 90, 102, 133, 138, 157, 196, 209, 233, 235, 237, 284, 319, 340, 345, 354, 368, 374, 392, 404, 408, 411, 460, 500, 507, 529, 536, 556, 557, 569, 573, 586, 587, 592, 599, 602, 607, 621, 627, 644, 649, 680, 731, 746, 751, 753, 754, 767, 777, 860, 866, 872, 895, 902, 930, 934, 935, 941, 949, 958, 968, 973, 980, 989, 992, 1004, 1005, 1006, 1018, ]
[31, 57, 85, 138, 144, 165, 213, 218, 229, 238, 242, 249, 252, 259, 282, 283, 312, 313, 314, 315, 316, 324, 326, 332, 339, 357, 387, 393, 396, 398, 400, 401, 403, 404, 425, 427, 434, 435, 440, 461, 491, 492, 493, 495, 497, 519, 564, 569, 574, 600, 623, 638, 651, 746, 776, 807, 835, 866, 898, 902, 903, 960, 963, ]
[20, 29, 31, 70, 78, 94, 118, 124, 143, 162, 168, 169, 180, 195, 201, 203, 207, 234, 249, 256, 279, 286, 292, 293, 296, 299, 308, 319, 329, 346, 373, 399, 411, 420, 435, 456, 466, 470, 486, 497, 499, 519, 537, 581, 592, 598, 600, 622, 647, 651, 676, 708, 728, 744, 762, 769, 778, 803, 841, 847, 853, 863, 869, 873, 888, 904, 923, 937, 958, 964, 966, 967, 1014, 1020, ]
[17, 37, 42, 57, 64, 106, 127, 132, 136, 137, 164, 174, 176, 196, 197, 209, 231, 232, 234, 291, 296, 304, 345, 375, 396, 397, 403, 405, 410, 423, 424, 447, 462, 464, 467, 490, 498, 504, 509, 527, 529, 583, 630, 710, 720, 744, 745, 808, 814, 824, 838, 872, 936, 957, 987, 1011, ]
[5, 10, 14, 23, 36, 74, 105, 124, 131, 133, 152, 157, 164, 169, 177, 184, 201, 204, 213, 223, 234, 274, 277, 297, 305, 319, 334, 335, 345, 367, 373, 376, 383, 398, 413, 425, 434, 437, 438, 439, 453, 454, 456, 464, 466, 469, 485, 487, 488, 489, 509, 511, 519, 521, 547, 550, 555, 558, 562, 564, 575, 584, 595, 597, 598, 604, 614, 625, 631, 644, 653, 654, 664, 682, 683, 714, 734, 737, 744, 745, 750, 757, 774, 824, 831, 844, 846, 848, 858, 864, 868, 883, 924, 954, 967, 979, 991, 1018, 1022, ]
[9, 16, 23, 30, 31, 33, 57, 100, 110, 128, 135, 149, 163, 164, 169, 196, 238, 251, 260, 262, 319, 342, 346, 358, 363, 371, 377, 391, 396, 400, 424, 433, 434, 456, 460, 467, 488, 491, 507, 528, 559, 560, 573, 580, 595, 617, 624, 631, 652, 742, 747, 765, 768, 772, 778, 803, 823, 835, 836, 867, 868, 871, 894, 908, 931, 932, 968, 1017, ]
[8, 29, 31, 54, 70, 95, 105, 111, 169, 196, 198, 207, 218, 232, 241, 262, 276, 291, 293, 300, 315, 330, 365, 373, 386, 393, 399, 401, 408, 425, 429, 432, 434, 442, 465, 468, 471, 496, 508, 539, 549, 561, 591, 625, 630, 632, 663, 677, 678, 693, 704, 735, 741, 754, 760, 772, 776, 778, 824, 839, 870, 893, 931, 934, 937, 958, 969, 993, 1001, 1016, 1019, ]
[0, 20, 31, 46, 89, 94, 103, 105, 115, 127, 130, 133, 136, 188, 191, 195, 197, 200, 216, 217, 228, 230, 263, 265, 286, 292, 302, 350, 358, 360, 373, 376, 392, 405, 406, 423, 428, 436, 463, 489, 515, 522, 526, 530, 532, 563, 581, 584, 592, 595, 597, 598, 611, 625, 632, 642, 663, 671, 709, 712, 745, 750, 785, 791, 799, 802, 823, 838, 853, 863, 869, 873, 875, 876, 895, 900, 925, 940, 941, 973, 997, 1017, 1023, ]
[2, 17, 24, 33, 44, 91, 92, 125, 131, 159, 165, 168, 169, 171, 172, 187, 193, 196, 197, 200, 206, 218, 240, 276, 278, 280, 283, 293, 295, 296, 313, 329, 337, 339, 356, 357, 358, 363, 364, 373, 375, 376, 389, 407, 425, 427, 437, 438, 441, 456, 462, 463, 474, 477, 479, 486, 487, 492, 508, 515, 518, 521, 526, 530, 534, 559, 560, 563, 569, 583, 585, 587, 588, 589, 599, 613, 626, 629, 649, 652, 678, 683, 684, 689, 695, 712, 713, 719, 731, 737, 741, 753, 767, 798, 805, 830, 842, 851, 869, 871, 888, 901, 905, 930, 958, 972, 989, 993, 998, 1014, 1018, 1019, 1020, ]
[4, 34, 41, 58, 104, 106, 127, 132, 134, 135, 137, 189, 201, 202, 216, 223, 228, 245, 265, 295, 311, 325, 368, 373, 374, 375, 377, 382, 401, 409, 426, 501, 551, 600, 603, 612, 616, 628, 681, 685, 728, 749, 762, 797, 817, 820, 821, 841, 843, 852, 868, 873, 903, 904, 995, 1017, ]
[7, 25, 63, 68, 94, 100, 136, 177, 197, 223, 233, 235, 245, 249, 264, 277, 284, 287, 294, 318, 324, 326, 328, 341, 342, 357, 371, 372, 375, 378, 390, 400, 401, 412, 413, 441, 472, 476, 478, 501, 521, 526, 549, 564, 599, 639, 646, 651, 653, 657, 680, 682, 687, 709, 726, 770, 775, 800, 802, 813, 868, 905, 914, 937, 965, 969, 1010, 1023, ]
[3, 16, 25, 30, 32, 39, 70, 94, 138, 150, 158, 161, 168, 207, 220, 261, 277, 283, 294, 296, 304, 306, 319, 326, 332, 351, 361, 363, 370, 377, 391, 412, 414, 434, 437, 447, 464, 479, 492, 498, 529, 536, 543, 585, 595, 612, 623, 643, 644, 645, 649, 661, 680, 695, 730, 774, 800, 807, 828, 830, 833, 847, 853, 875, 892, 902, 921, 933, 962, 974, 988, 992, 993, 1023, ]
[11, 12, 25, 28, 30, 57, 93, 95, 100, 103, 106, 131, 133, 135, 138, 139, 152, 165, 170, 191, 200, 203, 221, 228, 233, 283, 287, 293, 296, 299, 313, 328, 337, 357, 365, 376, 388, 392, 393, 396, 401, 402, 406, 420, 429, 455, 457, 458, 462, 463, 475, 483, 490, 495, 514, 523, 524, 526, 528, 531, 532, 534, 538, 550, 552, 555, 588, 592, 593, 595, 598, 601, 616, 619, 632, 647, 667, 680, 682, 683, 691, 697, 709, 710, 711, 712, 745, 750, 759, 785, 807, 809, 831, 868, 872, 895, 906, 929, 942, 959, 960, 987, 991, 999, 1009, 1016, 1018, 1021, ]
[6, 31, 45, 90, 96, 101, 112, 116, 139, 141, 147, 165, 197, 201, 229, 247, 261, 281, 290, 293, 325, 341, 347, 349, 356, 357, 376, 400, 401, 426, 434, 435, 453, 455, 460, 465, 466, 476, 486, 488, 493, 498, 500, 558, 559, 560, 585, 613, 616, 628, 631, 693, 696, 709, 712, 713, 775, 776, 798, 817, 831, 832, 872, 907, 932, 953, 1004, 1020, ]
[5, 11, 17, 23, 28, 40, 68, 93, 97, 98, 99, 111, 112, 125, 130, 132, 133, 140, 146, 168, 180, 198, 202, 223, 228, 246, 247, 254, 259, 264, 266, 280, 333, 345, 349, 351, 353, 358, 400, 401, 405, 408, 412, 416, 424, 430, 434, 440, 442, 448, 453, 475, 480, 497, 499, 517, 520, 525, 528, 532, 536, 573, 586, 588, 594, 602, 616, 624, 625, 688, 695, 696, 707, 710, 718, 735, 745, 748, 749, 750, 760, 763, 774, 782, 804, 805, 808, 815, 830, 840, 843, 873, 884, 891, 901, 927, 931, 933, 934, 936, 950, 957, 960, 962, 966, 967, 969, 990, 1001, 1017, ]
[3, 11, 28, 32, 58, 77, 81, 87, 103, 104, 106, 108, 129, 131, 132, 133, 134, 148, 171, 173, 186, 188, 201, 202, 209, 216, 229, 231, 235, 240, 245, 246, 264, 266, 286, 287, 289, 294, 304, 313, 316, 324, 332, 340, 344, 359, 363, 389, 401, 403, 411, 426, 427, 432, 435, 440, 446, 447, 456, 457, 459, 466, 473, 488, 489, 491, 517, 519, 522, 528, 550, 552, 553, 562, 572, 580, 583, 585, 590, 614, 618, 620, 622, 624, 627, 632, 636, 652, 655, 659, 685, 717, 731, 743, 750, 765, 776, 790, 800, 803, 806, 818, 831, 832, 833, 853, 865, 877, 879, 888, 894, 897, 901, 904, 915, 924, 931, 943, 953, 965, 966, 968, 978, 986, 988, 989, 992, 1002, 1005, 1021, ]
[29, 88, 95, 105, 108, 109, 117, 134, 162, 163, 169, 191, 201, 202, 211, 215, 216, 228, 229, 240, 260, 265, 276, 280, 292, 324, 339, 342, 363, 374, 375, 388, 422, 435, 478, 492, 497, 498, 505, 518, 533, 563, 564, 587, 591, 597, 616, 631, 639, 664, 677, 678, 679, 698, 739, 741, 744, 774, 783, 784, 827, 839, 872, 873, 933, 958, 986, 1015, 1016, ]
[23, 28, 32, 60, 63, 72, 92, 93, 94, 95, 127, 226, 227, 229, 259, 273, 277, 290, 297, 319, 321, 332, 341, 343, 356, 360, 364, 368, 371, 374, 375, 392, 394, 401, 450, 459, 462, 472, 508, 516, 520, 525, 527, 529, 530, 549, 562, 563, 564, 565, 568, 588, 596, 598, 599, 606, 614, 624, 625, 634, 644, 653, 663, 671, 681, 685, 703, 710, 712, 715, 734, 735, 748, 773, 775, 784, 873, 925, 936, 962, ]
[23, 31, 56, 63, 71, 92, 101, 130, 136, 150, 162, 165, 190, 201, 221, 230, 234, 245, 249, 264, 272, 294, 296, 305, 312, 327, 330, 341, 342, 343, 344, 370, 397, 399, 415, 428, 431, 432, 433, 434, 437, 440, 441, 444, 447, 460, 465, 466, 467, 471, 472, 486, 499, 502, 516, 530, 532, 533, 535, 538, 569, 587, 624, 658, 662, 663, 678, 697, 711, 728, 739, 740, 757, 773, 776, 791, 808, 840, 870, 885, 895, 900, 905, 969, 991, 999, 1012, 1023, ]
[19, 25, 30, 39, 42, 46, 93, 103, 123, 125, 127, 135, 137, 159, 161, 163, 186, 195, 201, 238, 243, 252, 261, 291, 295, 313, 315, 355, 361, 390, 405, 406, 407, 412, 426, 432, 435, 436, 444, 455, 464, 489, 496, 509, 510, 519, 522, 527, 531, 533, 534, 561, 564, 571, 583, 587, 601, 655, 662, 677, 678, 680, 694, 719, 732, 739, 760, 804, 840, 895, 899, 936, 990, 992, 996, 997, 1006, 1020, ]
[6, 20, 24, 26, 30, 31, 37, 49, 60, 62, 64, 75, 138, 150, 159, 169, 172, 187, 201, 203, 240, 255, 261, 269, 272, 277, 282, 297, 304, 327, 328, 339, 341, 356, 357, 361, 369, 378, 386, 393, 404, 423, 426, 431, 432, 454, 456, 463, 467, 470, 479, 489, 491, 500, 501, 504, 505, 516, 520, 526, 528, 532, 584, 589, 594, 622, 625, 628, 630, 634, 669, 672, 680, 693, 717, 730, 737, 743, 744, 753, 775, 777, 805, 825, 831, 840, 841, 853, 875, 880, 889, 894, 895, 924, 925, 927, 928, 955, 959, 965, 985, 1006, 1014, 1015, ]
[23, 26, 41, 63, 85, 87, 124, 137, 157, 161, 167, 188, 191, 201, 203, 211, 222, 228, 251, 259, 260, 264, 281, 291, 296, 374, 399, 402, 423, 455, 458, 468, 476, 496, 499, 502, 503, 504, 507, 533, 541, 543, 591, 595, 613, 646, 656, 674, 713, 745, 746, 748, 751, 767, 773, 776, 778, 816, 827, 831, 842, 861, 863, 868, 871, 873, 880, 882, 894, 901, 917, 956, 968, 995, ]
[2, 27, 29, 33, 61, 64, 67, 91, 100, 101, 111, 117, 135, 137, 144, 159, 200, 210, 235, 246, 248, 259, 269, 286, 297, 300, 313, 325, 336, 340, 353, 360, 374, 378, 384, 390, 398, 400, 402, 412, 433, 435, 455, 465, 478, 493, 496, 520, 523, 558, 561, 580, 586, 599, 623, 625, 652, 666, 693, 726, 744, 750, 767, 799, 804, 840, 852, 871, 901, 959, 960, 969, 977, 991, 992, ]
[0, 8, 17, 27, 31, 32, 69, 102, 124, 127, 134, 140, 162, 163, 175, 180, 197, 201, 222, 233, 241, 275, 278, 279, 288, 292, 294, 299, 339, 344, 354, 368, 370, 377, 379, 390, 394, 400, 403, 404, 410, 423, 430, 434, 454, 455, 458, 465, 476, 484, 495, 500, 518, 521, 528, 541, 554, 565, 583, 594, 633, 658, 664, 669, 687, 694, 702, 707, 740, 749, 757, 767, 774, 806, 822, 831, 838, 839, 840, 841, 870, 888, 895, 897, 902, 909, 923, 928, 935, 966, 967, 973, 990, 994, 1022, ]
[2, 6, 28, 29, 39, 62, 101, 106, 136, 169, 178, 193, 195, 196, 200, 208, 212, 213, 232, 236, 240, 244, 245, 248, 268, 287, 300, 304, 306, 325, 343, 344, 345, 367, 369, 376, 380, 394, 395, 401, 406, 414, 425, 433, 442, 445, 457, 459, 464, 473, 489, 499, 500, 503, 533, 539, 551, 600, 616, 620, 646, 647, 655, 660, 664, 680, 729, 743, 744, 780, 816, 848, 851, 856, 873, 899, 901, 910, 938, 958, 961, 969, 992, 1005, 1020, ]
[0, 7, 14, 30, 39, 40, 41, 42, 55, 69, 70, 101, 136, 168, 169, 190, 196, 212, 223, 230, 234, 238, 249, 263, 265, 270, 293, 298, 323, 329, 358, 400, 404, 423, 438, 481, 493, 505, 533, 540, 551, 570, 573, 598, 611, 639, 657, 665, 712, 742, 744, 751, 754, 786, 788, 811, 822, 842, 846, 858, 866, 868, 869, 901, 902, 903, 912, 923, 934, 958, 993, ]
[47, 129, 160, 191, 192, 224, 225, 243, 256, 257, 288, 289, 292, 301, 319, 321, 335, 341, 343, 346, 353, 354, 360, 367, 376, 417, 448, 480, 495, 556, 559, 600, 734, 773, 789, 814, 834, 944, 969, 1018, ]
[26, 33, 47, 52, 69, 126, 137, 140, 145, 162, 165, 166, 169, 171, 180, 200, 209, 216, 223, 227, 231, 247, 254, 264, 271, 272, 281, 304, 319, 326, 330, 336, 337, 340, 366, 383, 385, 394, 399, 412, 414, 428, 451, 456, 463, 485, 488, 489, 493, 497, 507, 518, 527, 530, 531, 537, 552, 557, 563, 574, 582, 588, 593, 594, 605, 613, 616, 624, 654, 655, 679, 686, 695, 708, 712, 720, 739, 742, 746, 752, 758, 760, 769, 781, 783, 786, 840, 896, 906, 910, 913, 924, 956, 966, 996, 1006, 1022, ]
[1, 25, 27, 64, 116, 126, 133, 201, 266, 267, 291, 297, 300, 307, 313, 326, 368, 393, 398, 402, 408, 426, 430, 436, 439, 455, 458, 490, 495, 515, 519, 524, 536, 560, 570, 653, 663, 665, 683, 711, 744, 746, 772, 805, 831, 852, 896, 905, 929, 966, 987, 994, 1019, 1021, 1023, ]
[5, 18, 26, 27, 28, 29, 101, 107, 135, 156, 202, 229, 243, 250, 259, 299, 314, 344, 360, 367, 369, 371, 376, 377, 388, 399, 406, 425, 435, 442, 445, 457, 462, 466, 487, 494, 495, 496, 505, 514, 526, 530, 533, 555, 561, 571, 599, 600, 603, 626, 663, 665, 676, 678, 688, 743, 772, 775, 794, 862, 864, 869, 872, 896, 902, 928, 929, 945, 959, 961, 968, 986, 1000, 1008, 1011, ]
[4, 17, 19, 23, 41, 63, 118, 119, 122, 150, 157, 159, 165, 181, 187, 195, 199, 201, 215, 227, 237, 238, 246, 248, 265, 267, 279, 280, 287, 292, 311, 312, 313, 315, 323, 337, 345, 347, 348, 349, 359, 404, 412, 420, 423, 425, 435, 453, 466, 473, 487, 494, 497, 499, 502, 520, 529, 532, 566, 567, 589, 632, 656, 710, 713, 740, 760, 766, 774, 791, 793, 798, 829, 839, 856, 858, 867, 888, 894, 901, 913, 960, 979, 989, 996, 1003, 1010, 1015, ]
[0, 3, 4, 18, 20, 35, 42, 50, 59, 61, 136, 139, 166, 175, 192, 196, 200, 206, 210, 228, 229, 232, 245, 252, 260, 264, 266, 296, 298, 299, 303, 324, 341, 344, 369, 371, 391, 403, 409, 412, 414, 420, 434, 435, 452, 467, 470, 493, 496, 500, 508, 520, 528, 536, 552, 560, 561, 566, 572, 587, 598, 612, 615, 627, 634, 636, 660, 676, 708, 709, 718, 742, 743, 747, 794, 799, 807, 811, 816, 824, 834, 836, 837, 871, 890, 925, 949, 967, 969, 991, 992, ]
[12, 15, 18, 26, 28, 57, 78, 105, 129, 154, 166, 169, 179, 202, 213, 223, 229, 235, 265, 269, 273, 277, 280, 284, 306, 311, 327, 340, 349, 358, 375, 376, 378, 393, 403, 434, 441, 445, 446, 459, 462, 463, 464, 492, 499, 516, 517, 527, 534, 536, 537, 547, 554, 557, 561, 565, 581, 594, 631, 638, 652, 668, 671, 712, 743, 769, 802, 804, 808, 809, 823, 825, 832, 835, 837, 843, 864, 865, 896, 897, 900, 910, 916, 926, 928, 929, 930, 938, 953, 969, 995, 1022, ]
[25, 28, 60, 69, 74, 81, 105, 108, 117, 140, 179, 182, 191, 196, 202, 209, 231, 241, 248, 252, 254, 261, 295, 296, 300, 312, 346, 357, 372, 381, 401, 420, 434, 442, 446, 490, 495, 497, 532, 533, 534, 561, 568, 573, 578, 588, 623, 631, 659, 670, 677, 679, 768, 769, 808, 835, 911, 956, 959, 967, 990, 1009, ]