[2, 24, 39, 52, 71, 83, 84, 99, 106, 115, 135, 149, 152, 174, 181, 183, 184, 186, 203, 214, 215, 228, 232, 237, 244, 245, 256, 297, 299, 300, 309, 336, 360, 361, 375, 383, 394, 395, 417, 421, 429, 431, 432, 433, 436, 437, 452, 454, 515, 521, 522, 553, 554, 581, 595, 598, 608, ]
[23, 48, 81, 101, 107, 111, 154, 183, 185, 215, 245, 254, 259, 263, 293, 299, 304, 314, 331, 335, 343, 360, 362, 366, 384, 395, 396, 422, 424, 425, 427, 429, 432, 452, 454, 455, 456, 457, 458, 471, 477, 479, 486, 487, 489, 512, 519, 544, 545, 554, 555, 564, 565, 583, 598, 603, ]
[53, 131, 139, 153, 330, 377, 387, 389, 425, 436, 448, 481, 495, 513, 525, 531, 539, 545, 555, 559, 570, 576, 581, 583, ]
[49, 168, 217, 244, 305, 331, 337, 360, 363, 367, 379, 393, 394, 396, 427, 428, 430, 432, 435, 437, 458, 461, 462, 470, 471, 479, 499, 501, 523, 526, 533, 572, 579, 602, ]
[5, 15, 71, 108, 112, 124, 150, 171, 189, 215, 217, 228, 240, 241, 253, 260, 267, 268, 271, 273, 274, 285, 287, 303, 316, 328, 337, 360, 393, 395, 415, 421, 424, 425, 432, 434, 462, 463, 466, 467, 468, 469, 471, 480, 512, 578, 581, 583, 603, 608, ]
[16, 77, 110, 131, 135, 140, 142, 166, 169, 172, 173, 181, 187, 202, 206, 242, 248, 336, 341, 372, 378, 406, 411, 414, 415, 423, 445, 447, 452, 473, 498, 520, 590, 602, 606, 607, 608, 610, 612, 614, ]
[37, 38, 81, 166, 185, 239, 248, 286, 332, 333, 361, 362, 363, 394, 395, 413, 420, 425, 426, 433, 436, 447, 473, 474, 494, 495, 496, 501, 512, 513, 522, 524, 527, 534, 559, 560, 562, 566, 568, 582, 605, ]
[73, 108, 118, 134, 168, 172, 192, 201, 210, 224, 277, 301, 344, 382, 383, 384, 385, 394, 410, 417, 418, 423, 439, 440, 443, 445, 446, 449, 450, 451, 471, 473, 490, 522, 581, 582, 584, 587, 588, 600, 601, 602, 603, 604, 606, 608, 609, ]
[2, 8, 9, 10, 22, 36, 41, 43, 47, 62, 67, 68, 75, 108, 155, 179, 180, 205, 213, 215, 233, 234, 266, 333, 337, 347, 355, 373, 409, 429, 432, 434, 437, 443, 485, 500, 581, 596, 610, ]
[3, 20, 39, 49, 66, 79, 101, 114, 132, 135, 146, 147, 180, 192, 200, 210, 213, 214, 237, 259, 292, 306, 331, 334, 335, 340, 362, 375, 395, 399, 416, 426, 427, 434, 436, 457, 480, 481, 482, 488, 494, 495, 500, 501, 512, 513, 517, 526, 527, 530, 531, 537, 553, 559, 561, 583, 601, ]
[20, 44, 49, 50, 82, 83, 115, 116, 138, 147, 148, 171, 182, 199, 205, 214, 215, 253, 308, 334, 341, 364, 393, 394, 395, 396, 416, 424, 425, 426, 429, 447, 458, 460, 461, 474, 475, 488, 495, 498, 500, 502, 524, 525, 554, 577, 581, 583, 596, 599, 609, ]
[2, 14, 15, 45, 46, 56, 72, 102, 104, 114, 133, 134, 135, 142, 145, 165, 166, 167, 177, 181, 196, 210, 211, 214, 215, 217, 239, 305, 332, 336, 367, 393, 407, 408, 416, 429, 433, 475, 552, 553, 582, 589, 590, 594, 606, ]
[18, 22, 25, 37, 69, 71, 77, 78, 128, 129, 161, 162, 164, 166, 171, 204, 213, 214, 236, 275, 296, 298, 299, 310, 328, 333, 370, 371, 372, 373, 394, 415, 431, 435, 436, 471, 473, 492, 522, 524, 553, 561, 588, 590, 591, 592, ]
[51, 69, 80, 82, 160, 161, 162, 165, 175, 181, 189, 190, 205, 208, 213, 224, 243, 248, 281, 295, 302, 303, 309, 333, 346, 361, 367, 371, 372, 373, 394, 417, 423, 426, 431, 434, 435, 436, 479, 522, 556, 591, 592, 593, 605, ]
[2, 9, 25, 41, 47, 49, 68, 99, 100, 131, 134, 163, 164, 166, 172, 177, 198, 212, 217, 227, 232, 233, 234, 241, 261, 265, 307, 311, 335, 360, 372, 375, 398, 407, 408, 409, 411, 431, 433, 461, 475, 477, 496, 517, 549, 588, 590, 596, ]
[71, 79, 81, 101, 107, 133, 153, 154, 165, 166, 185, 189, 214, 237, 241, 253, 257, 272, 279, 281, 302, 304, 327, 328, 330, 343, 394, 395, 397, 426, 427, 429, 446, 448, 460, 470, 471, 474, 480, 481, 488, 489, 490, 491, 492, 493, 510, 524, 530, 532, 538, 542, 546, 550, 561, 563, 577, 581, 601, ]
[51, 80, 98, 99, 101, 122, 150, 163, 182, 184, 185, 197, 200, 202, 215, 216, 217, 219, 262, 264, 287, 332, 339, 361, 392, 393, 394, 407, 408, 411, 423, 433, 444, 447, 477, 488, 499, 511, 513, 519, 520, 526, 527, 528, 531, 532, 537, 539, 557, 558, 577, 581, 582, 583, 590, 600, ]
[2, 7, 8, 49, 78, 87, 95, 98, 138, 171, 172, 173, 183, 205, 215, 232, 264, 298, 309, 334, 337, 363, 375, 418, 422, 425, 432, 435, 471, 555, 561, 565, 581, 592, 603, 607, ]
[79, 121, 130, 166, 172, 179, 259, 334, 340, 377, 408, 410, 412, 413, 414, 434, 442, 447, 491, 580, 597, 601, 605, ]
[59, 60, 102, 144, 216, 225, 272, 330, 331, 345, 361, 386, 399, 424, 425, 426, 428, 432, 437, 469, 471, 474, 480, 486, 487, 491, 492, 493, 494, 496, 502, 505, 513, 527, 533, 534, 543, 562, 565, 569, 576, 581, 605, 612, ]
[7, 8, 12, 13, 15, 30, 72, 83, 99, 130, 162, 163, 167, 182, 183, 195, 199, 200, 214, 215, 216, 217, 218, 228, 249, 260, 262, 286, 326, 331, 332, 333, 336, 358, 371, 375, 391, 407, 408, 409, 411, 428, 441, 456, 458, 461, 471, 477, 478, 479, 480, 497, 512, 536, 545, 555, 576, 590, ]
[7, 37, 51, 90, 109, 113, 165, 169, 173, 182, 186, 190, 202, 209, 217, 233, 249, 250, 284, 294, 337, 360, 361, 362, 388, 418, 425, 455, 459, 461, 471, 474, 479, 480, 481, 532, 551, 552, 554, 567, 571, 576, 581, 590, 601, ]
[3, 18, 35, 49, 66, 67, 135, 198, 202, 203, 215, 219, 227, 251, 259, 291, 323, 324, 325, 326, 333, 356, 367, 368, 394, 408, 411, 414, 431, 432, 433, 434, 435, 459, 485, 496, 499, 500, 501, 545, 572, 582, 584, 586, 590, 608, ]
[48, 162, 165, 170, 207, 208, 209, 210, 213, 217, 234, 248, 303, 307, 336, 349, 361, 376, 407, 410, 418, 439, 441, 447, 448, 461, 473, 479, 521, 560, 582, 584, 585, 598, 600, 602, 603, 611, ]
[3, 19, 20, 21, 22, 31, 38, 72, 103, 112, 130, 134, 140, 178, 212, 213, 215, 227, 240, 245, 249, 255, 258, 259, 276, 277, 279, 282, 336, 364, 369, 395, 396, 397, 416, 427, 428, 432, 461, 474, 475, 477, 479, 498, 502, 512, 545, 562, 576, 582, 596, ]
[17, 219, 224, 306, 322, 333, 346, 390, 416, 422, 427, 428, 433, 471, 479, 485, 489, 495, 516, 523, 529, 531, 541, 547, 549, 554, 556, 559, 560, 570, 571, 573, 576, 577, 578, 580, 602, ]