[28, 36, 39, 52, 71, 83, 84, 99, 106, 115, 135, 152, 154, 177, 181, 183, 184, 186, 203, 204, 214, 215, 228, 232, 244, 245, 256, 297, 299, 300, 309, 335, 336, 360, 361, 375, 383, 394, 395, 417, 421, 429, 431, 432, 433, 436, 437, 452, 454, 515, 522, 537, 551, 553, 554, 581, 595, 608, ]
[1, 23, 81, 82, 101, 111, 183, 185, 198, 217, 245, 254, 259, 278, 293, 299, 304, 314, 317, 331, 335, 343, 360, 362, 364, 366, 393, 395, 396, 422, 424, 425, 427, 429, 432, 445, 452, 454, 455, 456, 457, 458, 470, 471, 479, 486, 488, 489, 512, 519, 544, 545, 554, 555, 564, 598, 603, ]
[21, 131, 137, 146, 185, 330, 331, 377, 387, 389, 425, 448, 481, 495, 513, 525, 531, 539, 545, 555, 559, 570, 576, 581, 583, ]
[7, 49, 123, 168, 217, 244, 305, 331, 335, 339, 352, 360, 363, 367, 393, 394, 396, 425, 428, 430, 435, 446, 461, 462, 470, 471, 479, 499, 501, 523, 533, 548, 559, 565, 572, 579, 602, 615, ]
[5, 15, 50, 108, 112, 124, 150, 165, 171, 189, 216, 217, 228, 240, 241, 243, 253, 260, 267, 268, 271, 274, 287, 316, 328, 333, 338, 360, 393, 395, 415, 421, 424, 425, 432, 434, 462, 463, 466, 467, 468, 469, 471, 479, 492, 512, 561, 581, 583, 603, ]
[16, 77, 110, 131, 135, 140, 166, 170, 172, 173, 184, 202, 206, 242, 336, 341, 372, 378, 406, 411, 414, 415, 423, 441, 445, 447, 473, 520, 556, 562, 589, 602, 603, 607, 608, 610, 612, 614, ]
[37, 38, 166, 177, 184, 239, 248, 286, 333, 357, 361, 362, 363, 394, 395, 413, 424, 425, 426, 433, 435, 447, 473, 474, 494, 495, 496, 512, 513, 522, 524, 527, 559, 560, 562, 566, 568, 582, 605, ]
[108, 118, 168, 172, 192, 197, 201, 210, 277, 301, 344, 382, 383, 384, 385, 394, 410, 417, 418, 423, 439, 440, 443, 445, 446, 449, 450, 451, 455, 471, 473, 490, 522, 581, 582, 584, 588, 589, 600, 601, 602, 604, 606, 609, ]
[8, 9, 10, 22, 36, 41, 43, 47, 62, 68, 75, 82, 99, 108, 121, 179, 180, 192, 205, 213, 215, 233, 234, 259, 266, 333, 338, 346, 355, 373, 409, 429, 432, 437, 443, 448, 485, 500, 581, 596, ]
[3, 19, 39, 49, 66, 79, 101, 114, 132, 135, 146, 147, 180, 192, 212, 213, 214, 237, 259, 282, 292, 306, 331, 334, 335, 340, 362, 375, 394, 395, 399, 416, 426, 427, 434, 436, 457, 461, 480, 481, 488, 494, 495, 500, 503, 512, 513, 516, 517, 526, 527, 530, 531, 537, 553, 559, 561, 579, 583, 610, ]
[20, 49, 50, 67, 72, 82, 83, 115, 127, 138, 147, 148, 182, 192, 199, 205, 214, 215, 252, 260, 308, 333, 339, 364, 393, 394, 395, 396, 424, 425, 427, 447, 457, 460, 461, 474, 475, 488, 495, 498, 501, 502, 524, 525, 554, 577, 583, 586, 599, 609, ]
[14, 15, 45, 46, 56, 72, 102, 104, 114, 130, 133, 134, 135, 142, 145, 165, 166, 167, 172, 178, 181, 183, 196, 210, 211, 214, 215, 217, 239, 248, 258, 330, 336, 365, 367, 407, 408, 414, 423, 429, 433, 545, 552, 553, 582, 589, 590, 594, 607, ]
[16, 24, 37, 71, 78, 128, 145, 161, 162, 164, 166, 204, 214, 236, 275, 294, 298, 299, 308, 310, 328, 333, 370, 371, 372, 394, 415, 431, 435, 436, 471, 492, 522, 561, 588, 591, 592, 607, ]
[51, 69, 79, 80, 82, 89, 159, 160, 161, 162, 165, 175, 181, 189, 190, 207, 208, 213, 243, 248, 281, 295, 302, 303, 309, 333, 342, 361, 367, 371, 372, 373, 393, 394, 405, 417, 423, 426, 431, 432, 435, 436, 479, 522, 556, 591, 592, 593, ]
[9, 41, 68, 99, 100, 113, 131, 134, 163, 164, 166, 171, 175, 184, 198, 211, 217, 227, 229, 232, 233, 234, 258, 261, 265, 273, 301, 307, 311, 336, 364, 372, 375, 398, 407, 408, 409, 411, 422, 427, 431, 433, 461, 496, 517, 549, 556, 582, 588, ]
[69, 79, 81, 106, 126, 133, 143, 151, 153, 154, 165, 166, 189, 214, 224, 237, 241, 253, 257, 272, 279, 281, 302, 304, 327, 328, 330, 343, 394, 395, 426, 429, 446, 448, 457, 470, 471, 480, 481, 488, 489, 490, 491, 492, 493, 508, 510, 524, 530, 532, 538, 542, 546, 550, 561, 563, 577, 581, 601, ]
[16, 51, 80, 99, 101, 122, 131, 150, 163, 182, 184, 185, 197, 200, 215, 217, 219, 235, 255, 262, 264, 332, 339, 359, 361, 392, 393, 394, 407, 408, 409, 411, 423, 433, 447, 471, 477, 481, 488, 499, 511, 513, 520, 526, 527, 529, 531, 532, 537, 557, 558, 577, 581, 582, 583, 590, 591, ]
[2, 7, 8, 36, 49, 78, 87, 95, 98, 106, 171, 172, 173, 183, 205, 215, 232, 264, 309, 337, 359, 363, 375, 418, 425, 433, 435, 437, 471, 555, 561, 564, 581, 592, 607, ]
[27, 79, 119, 130, 166, 172, 179, 221, 259, 333, 340, 377, 408, 410, 412, 413, 414, 415, 434, 442, 447, 496, 597, 601, 605, ]
[59, 81, 88, 165, 216, 225, 272, 330, 331, 334, 345, 354, 361, 399, 424, 425, 426, 428, 469, 471, 474, 480, 486, 487, 488, 492, 493, 494, 496, 502, 505, 514, 527, 533, 534, 561, 565, 569, 576, 581, 605, 612, ]
[8, 12, 15, 72, 99, 107, 130, 162, 167, 182, 184, 199, 214, 216, 218, 228, 249, 262, 286, 331, 332, 333, 336, 358, 371, 375, 391, 407, 408, 409, 410, 428, 430, 437, 452, 456, 477, 479, 480, 512, 555, 576, ]
[5, 37, 51, 90, 109, 113, 133, 154, 169, 173, 182, 186, 198, 209, 217, 233, 249, 250, 256, 284, 294, 337, 360, 361, 362, 388, 418, 425, 426, 435, 454, 459, 461, 471, 474, 479, 480, 481, 532, 544, 551, 552, 553, 554, 567, 571, 576, 581, 590, 601, ]
[3, 18, 53, 66, 67, 101, 118, 135, 172, 198, 201, 202, 214, 218, 227, 254, 259, 265, 291, 314, 323, 324, 325, 326, 333, 356, 357, 367, 369, 393, 394, 399, 408, 411, 414, 431, 432, 433, 434, 435, 475, 499, 500, 501, 509, 525, 545, 582, 584, 585, 586, 590, 608, ]
[3, 48, 113, 162, 166, 170, 207, 208, 209, 210, 213, 217, 234, 248, 303, 336, 349, 361, 364, 376, 407, 410, 418, 436, 439, 440, 447, 448, 461, 473, 479, 552, 560, 582, 584, 585, 598, 600, 602, 611, ]
[3, 18, 19, 20, 21, 23, 31, 38, 71, 72, 103, 112, 130, 134, 140, 178, 212, 213, 215, 227, 240, 245, 249, 255, 258, 259, 276, 278, 282, 335, 364, 369, 395, 396, 397, 416, 427, 428, 432, 461, 474, 475, 477, 479, 498, 512, 544, 545, 562, 576, 577, 596, ]
[17, 156, 224, 322, 333, 346, 416, 421, 422, 426, 427, 428, 436, 471, 479, 485, 489, 495, 496, 516, 523, 529, 531, 541, 547, 549, 554, 556, 559, 560, 570, 571, 573, 577, 578, 580, 600, 608, ]