[28, 36, 39, 52, 71, 83, 84, 85, 99, 106, 115, 135, 149, 152, 154, 177, 181, 183, 184, 186, 194, 203, 204, 214, 215, 228, 232, 237, 244, 245, 256, 297, 299, 300, 309, 335, 336, 359, 360, 361, 375, 394, 395, 404, 414, 417, 421, 429, 431, 432, 433, 436, 448, 452, 453, 454, 512, 515, 522, 553, 554, 581, 595, 598, 604, 608, ]
[1, 19, 38, 81, 101, 111, 154, 173, 183, 185, 217, 254, 278, 293, 299, 304, 314, 331, 335, 343, 360, 362, 384, 393, 395, 396, 422, 424, 425, 427, 429, 432, 452, 454, 455, 456, 457, 458, 470, 471, 477, 479, 486, 487, 489, 512, 519, 544, 545, 554, 555, 564, 565, 602, ]
[21, 131, 139, 185, 285, 330, 332, 377, 387, 389, 425, 448, 481, 495, 513, 525, 531, 539, 545, 555, 560, 576, 581, 583, ]
[49, 123, 133, 168, 217, 244, 305, 331, 335, 352, 360, 363, 367, 393, 394, 396, 425, 428, 432, 435, 446, 461, 462, 470, 471, 479, 499, 501, 523, 533, 548, 565, 572, 579, 602, 615, ]
[15, 50, 71, 108, 112, 124, 150, 171, 189, 200, 215, 228, 239, 240, 241, 248, 253, 260, 267, 268, 271, 273, 274, 283, 287, 294, 303, 316, 319, 328, 337, 341, 359, 360, 393, 395, 415, 424, 425, 432, 434, 447, 462, 463, 466, 467, 468, 469, 471, 480, 492, 512, 561, 578, 581, 583, 608, ]
[6, 16, 77, 110, 131, 140, 142, 166, 169, 172, 173, 190, 192, 202, 206, 218, 242, 248, 333, 336, 341, 372, 378, 406, 408, 411, 414, 415, 417, 423, 441, 445, 447, 473, 495, 520, 602, 604, 607, 608, 610, 612, 614, ]
[37, 38, 81, 166, 174, 185, 239, 248, 286, 333, 361, 362, 363, 394, 395, 420, 424, 425, 426, 433, 436, 443, 447, 473, 474, 494, 495, 496, 512, 513, 522, 524, 527, 534, 559, 560, 562, 566, 568, 582, 606, ]
[9, 108, 118, 168, 175, 192, 201, 210, 224, 252, 261, 277, 301, 344, 382, 383, 384, 385, 394, 410, 417, 418, 440, 443, 445, 449, 451, 471, 473, 490, 522, 581, 582, 584, 587, 589, 600, 601, 602, 604, 606, 609, ]
[8, 9, 22, 41, 47, 61, 67, 68, 75, 108, 179, 205, 213, 215, 234, 258, 266, 333, 337, 347, 355, 373, 429, 432, 434, 437, 443, 500, 522, 581, 587, 596, ]
[3, 20, 39, 49, 66, 79, 101, 114, 135, 146, 147, 180, 192, 213, 214, 237, 259, 292, 306, 331, 335, 339, 362, 375, 394, 395, 416, 426, 427, 434, 436, 457, 480, 481, 488, 494, 495, 500, 512, 513, 517, 526, 527, 531, 537, 553, 559, 561, 583, 612, ]
[21, 49, 50, 72, 82, 83, 115, 127, 138, 147, 148, 171, 182, 202, 214, 215, 252, 308, 334, 339, 364, 393, 394, 395, 396, 416, 424, 425, 426, 429, 447, 458, 460, 461, 474, 475, 488, 495, 498, 500, 502, 524, 525, 554, 577, 581, 583, 596, 599, 609, ]
[15, 45, 46, 56, 72, 102, 104, 133, 134, 142, 143, 145, 149, 165, 166, 167, 172, 178, 196, 210, 211, 214, 215, 217, 239, 258, 286, 336, 366, 374, 393, 407, 416, 429, 433, 475, 498, 552, 553, 582, 589, 590, 594, 601, ]
[18, 22, 37, 71, 77, 78, 128, 161, 162, 164, 166, 171, 193, 213, 214, 237, 274, 296, 297, 298, 299, 310, 328, 333, 370, 371, 372, 373, 394, 415, 431, 432, 435, 436, 471, 492, 522, 524, 553, 561, 588, 590, 591, 592, 607, ]
[0, 51, 69, 79, 80, 82, 89, 157, 160, 161, 162, 165, 175, 181, 189, 190, 207, 208, 213, 243, 245, 248, 281, 295, 302, 303, 309, 333, 346, 361, 371, 372, 373, 394, 417, 423, 426, 431, 432, 434, 435, 436, 473, 479, 522, 556, 583, 591, 592, 593, 605, ]
[2, 9, 25, 47, 68, 81, 99, 100, 131, 132, 134, 163, 166, 172, 177, 184, 198, 211, 217, 232, 233, 234, 261, 265, 307, 311, 335, 372, 375, 398, 407, 408, 409, 411, 422, 431, 433, 461, 475, 477, 496, 517, 549, 588, ]
[13, 22, 37, 79, 81, 103, 133, 137, 146, 153, 154, 165, 166, 185, 189, 214, 237, 241, 253, 257, 272, 279, 281, 302, 304, 327, 328, 330, 343, 394, 395, 397, 418, 426, 427, 429, 446, 448, 470, 471, 474, 480, 481, 488, 489, 490, 491, 492, 493, 508, 510, 523, 524, 530, 532, 538, 542, 550, 561, 563, 577, 581, 601, ]
[5, 51, 72, 78, 98, 99, 108, 122, 131, 150, 163, 182, 184, 185, 197, 200, 202, 214, 215, 217, 219, 264, 282, 286, 313, 332, 339, 359, 361, 392, 393, 394, 407, 408, 409, 411, 423, 434, 447, 477, 481, 488, 495, 499, 510, 513, 519, 520, 526, 527, 529, 531, 532, 536, 537, 558, 576, 577, 581, 582, 583, 590, 591, 600, ]
[2, 7, 8, 36, 49, 78, 87, 95, 98, 138, 171, 172, 173, 183, 205, 215, 233, 264, 308, 334, 363, 375, 418, 422, 425, 434, 436, 471, 555, 561, 565, 581, 592, 606, ]
[79, 119, 130, 166, 172, 179, 259, 334, 341, 377, 408, 410, 412, 413, 414, 415, 434, 442, 447, 496, 597, 601, 605, ]
[59, 60, 144, 165, 216, 225, 272, 330, 331, 345, 354, 361, 394, 399, 424, 425, 426, 428, 432, 469, 471, 474, 480, 486, 487, 488, 492, 493, 494, 495, 496, 502, 505, 511, 514, 527, 533, 534, 561, 565, 569, 576, 581, 612, ]
[7, 8, 12, 15, 31, 83, 99, 130, 162, 167, 182, 183, 195, 199, 200, 206, 214, 216, 217, 218, 228, 249, 262, 286, 319, 326, 331, 332, 333, 336, 358, 371, 375, 391, 407, 408, 409, 411, 428, 452, 456, 458, 461, 471, 477, 479, 480, 512, 546, 555, 576, 577, 590, ]
[37, 51, 109, 169, 173, 182, 186, 198, 211, 218, 233, 250, 294, 360, 361, 362, 371, 418, 425, 455, 459, 461, 471, 474, 479, 480, 481, 532, 551, 552, 553, 559, 571, 576, 581, 590, 607, ]
[3, 18, 53, 66, 67, 135, 202, 203, 214, 218, 227, 259, 291, 314, 323, 324, 325, 326, 333, 356, 357, 367, 368, 393, 394, 399, 408, 411, 414, 431, 432, 433, 434, 435, 475, 496, 499, 500, 501, 522, 545, 572, 582, 584, 585, 586, 590, 608, ]
[48, 162, 165, 170, 207, 208, 209, 210, 213, 217, 234, 303, 307, 336, 349, 361, 376, 407, 410, 418, 431, 439, 440, 448, 461, 473, 479, 520, 529, 582, 584, 585, 598, 600, 602, 611, ]
[3, 19, 20, 21, 23, 31, 71, 72, 99, 103, 112, 134, 140, 162, 178, 212, 213, 215, 227, 240, 245, 249, 255, 258, 259, 277, 282, 335, 364, 369, 395, 396, 397, 416, 427, 428, 432, 461, 474, 475, 477, 479, 498, 512, 544, 545, 562, 576, 596, ]
[17, 156, 224, 306, 322, 333, 346, 392, 416, 421, 422, 426, 427, 428, 433, 471, 479, 485, 489, 493, 495, 496, 516, 523, 529, 541, 547, 549, 554, 556, 559, 560, 564, 570, 571, 573, 576, 577, 578, 580, 600, ]