[7, 50, 82, 125, 178, 196, 210, 215, 294, 323, 359, 389, 480, 516, 529, 530, 532, 539, 551, 561, 575, 581, 613, 667, 707, 710, 739, 753, 773, 774, 800, 807, 822, 828, 922, 948, 996, 1011, ]
[3, 13, 62, 127, 191, 196, 202, 229, 253, 262, 343, 386, 405, 415, 420, 436, 449, 476, 479, 484, 501, 524, 525, 526, 533, 534, 535, 553, 579, 590, 612, 631, 650, 662, 674, 709, 711, 726, 735, 736, 743, 744, 774, 782, 790, 808, 818, 838, 900, 905, 922, 967, 991, 995, 997, 1023, ]
[7, 9, 33, 50, 68, 109, 122, 147, 242, 264, 281, 313, 355, 496, 499, 504, 519, 534, 544, 549, 562, 564, 601, 631, 646, 662, 664, 776, 793, 824, 833, 834, 864, 890, 896, 922, 924, 925, 926, 928, 960, 999, ]
[34, 67, 114, 126, 131, 135, 158, 160, 161, 162, 163, 192, 193, 194, 219, 228, 278, 326, 338, 457, 464, 471, 480, 487, 500, 505, 512, 518, 519, 526, 527, 551, 559, 566, 572, 579, 588, 603, 616, 628, 633, 634, 635, 638, 646, 710, 718, 723, 801, 807, 832, 871, 901, 907, 929, 930, 931, 959, 964, 965, 992, 1008, 1021, ]
[0, 2, 38, 61, 68, 85, 256, 269, 287, 355, 361, 438, 461, 489, 493, 496, 501, 522, 525, 532, 557, 558, 560, 565, 579, 585, 602, 604, 616, 623, 627, 631, 639, 644, 661, 679, 705, 741, 742, 744, 776, 784, 798, 817, 824, 960, 963, 967, 992, 993, 1001, 1014, 1015, ]
[8, 14, 16, 24, 33, 42, 43, 44, 62, 99, 124, 196, 199, 287, 296, 304, 335, 390, 466, 467, 471, 499, 503, 520, 524, 531, 551, 567, 573, 578, 590, 594, 595, 659, 679, 709, 710, 739, 747, 771, 779, 839, 843, 852, 867, 926, 943, 969, 981, 1012, 1021, ]
[11, 30, 63, 64, 93, 105, 112, 142, 149, 182, 216, 247, 309, 310, 311, 312, 314, 317, 328, 355, 376, 410, 442, 455, 460, 475, 548, 558, 599, 605, 607, 615, 627, 633, 637, 674, 690, 698, 699, 703, 724, 726, 730, 741, 756, 760, 761, 762, 792, 798, 855, 859, 885, 886, 947, 963, 979, 1019, ]
[0, 16, 17, 33, 36, 41, 42, 64, 76, 93, 103, 106, 124, 164, 219, 235, 297, 341, 426, 463, 480, 486, 490, 518, 520, 529, 534, 536, 537, 543, 559, 560, 578, 585, 595, 614, 616, 634, 652, 660, 694, 707, 739, 741, 756, 760, 780, 803, 894, 897, 923, 950, 965, 987, 992, 997, 1001, 1005, ]
[31, 40, 50, 93, 161, 168, 220, 263, 264, 301, 308, 319, 326, 328, 342, 349, 405, 442, 465, 488, 519, 531, 535, 538, 546, 555, 563, 581, 597, 605, 627, 630, 655, 661, 676, 702, 720, 800, 805, 849, 850, 904, 949, 959, 966, ]
[0, 33, 46, 54, 93, 94, 126, 149, 153, 157, 169, 200, 234, 306, 323, 355, 360, 384, 390, 422, 434, 462, 469, 493, 504, 510, 587, 591, 598, 605, 615, 621, 626, 634, 638, 647, 665, 666, 698, 726, 737, 742, 769, 776, 794, 802, 806, 810, 819, 871, 927, 934, 949, 961, 962, 966, 998, 999, 1019, ]
[249, 273, 377, 426, 464, 465, 469, 480, 481, 482, 498, 504, 507, 511, 513, 514, 544, 546, 570, 576, 577, 578, 608, 609, 632, 642, 658, 672, 679, 686, 698, 770, 810, 832, 934, 1003, 1010, ]
[0, 2, 31, 42, 48, 68, 73, 76, 93, 104, 105, 127, 128, 153, 191, 196, 296, 323, 361, 404, 415, 449, 469, 471, 472, 488, 492, 494, 521, 533, 540, 543, 550, 553, 563, 607, 616, 623, 640, 650, 664, 671, 674, 678, 703, 712, 725, 749, 771, 818, 820, 872, 893, 928, 1018, 1019, ]
[0, 15, 67, 102, 125, 224, 242, 243, 255, 267, 299, 300, 308, 332, 346, 363, 384, 407, 499, 531, 541, 549, 562, 563, 567, 568, 594, 595, 602, 625, 626, 627, 644, 652, 692, 733, 736, 739, 760, 778, 807, 816, 818, 835, 846, 864, 865, 867, 896, 928, 929, 999, 1003, 1013, 1023, ]
[33, 37, 45, 64, 66, 69, 95, 104, 127, 153, 195, 199, 205, 225, 230, 294, 318, 327, 352, 385, 386, 390, 423, 427, 433, 434, 437, 442, 453, 476, 488, 500, 519, 526, 528, 530, 564, 566, 581, 583, 623, 624, 632, 637, 645, 646, 647, 676, 707, 735, 739, 745, 756, 768, 771, 772, 773, 867, 901, 934, 940, 947, 961, 969, 990, 991, ]
[60, 71, 83, 126, 127, 135, 159, 187, 188, 202, 211, 229, 287, 295, 326, 328, 355, 380, 410, 416, 439, 471, 499, 517, 529, 538, 549, 561, 598, 613, 616, 692, 696, 706, 712, 742, 752, 764, 801, 850, 868, 882, 895, 986, 992, 1003, ]