[133, 140, 141, 162, 177, 196, 199, 296, 310, 324, 328, 358, 360, 395, 427, 440, 455, 468, 469, 489, 492, 496, 502, 507, 509, 517, 519, 521, 526, 530, 533, 538, 551, 563, 596, 614, 619, 647, 662, 671, 680, 694, 741, 744, 756, 759, 775, 779, 789, 804, 809, 827, 839, 840, 846, 871, 903, 937, 1013, 1020, ]
[0, 1, 41, 42, 54, 64, 70, 95, 100, 103, 108, 112, 134, 136, 146, 156, 157, 169, 171, 196, 199, 200, 216, 223, 240, 243, 268, 269, 281, 286, 296, 297, 305, 315, 331, 333, 335, 342, 371, 373, 392, 421, 435, 457, 461, 466, 468, 475, 477, 484, 487, 492, 496, 500, 519, 520, 535, 536, 550, 555, 570, 596, 611, 612, 620, 627, 640, 647, 657, 661, 665, 679, 687, 702, 707, 711, 713, 715, 718, 719, 740, 743, 757, 776, 777, 780, 799, 806, 840, 863, 869, 893, 899, 912, 930, 933, 992, 1003, 1007, 1012, 1019, ]
[0, 11, 18, 20, 62, 87, 101, 116, 117, 127, 133, 137, 138, 148, 157, 169, 186, 192, 198, 201, 229, 265, 311, 330, 331, 337, 339, 345, 362, 374, 376, 378, 390, 394, 402, 429, 437, 445, 456, 457, 475, 487, 494, 499, 500, 516, 520, 532, 536, 537, 557, 570, 575, 592, 597, 628, 658, 677, 678, 688, 704, 710, 760, 775, 780, 783, 808, 834, 836, 841, 901, 919, 920, 955, 963, ]
[9, 27, 60, 63, 76, 100, 127, 137, 167, 169, 183, 197, 201, 224, 232, 233, 299, 305, 325, 347, 355, 382, 389, 391, 402, 403, 405, 406, 432, 441, 466, 468, 469, 480, 501, 507, 531, 533, 538, 551, 557, 561, 563, 565, 601, 608, 634, 654, 658, 662, 677, 680, 728, 743, 757, 772, 775, 776, 778, 825, 837, 867, 873, 895, 903, 904, 926, 958, 967, 983, 988, 993, 1002, 1021, ]
[21, 22, 23, 25, 29, 31, 34, 95, 96, 105, 115, 132, 147, 169, 178, 186, 197, 200, 208, 214, 223, 226, 238, 250, 260, 261, 262, 264, 296, 305, 312, 333, 341, 345, 379, 404, 406, 408, 411, 419, 422, 457, 464, 475, 476, 506, 510, 532, 538, 539, 540, 563, 568, 570, 583, 590, 591, 598, 602, 622, 631, 633, 659, 678, 680, 700, 741, 807, 808, 841, 853, 892, 946, 993, 1022, ]
[8, 13, 21, 23, 25, 26, 28, 29, 31, 63, 73, 94, 95, 103, 121, 161, 169, 190, 200, 228, 232, 233, 236, 239, 243, 247, 248, 255, 286, 291, 296, 298, 313, 327, 345, 358, 359, 372, 375, 390, 392, 404, 408, 412, 424, 433, 436, 442, 452, 463, 476, 490, 503, 507, 508, 525, 526, 540, 541, 552, 559, 573, 582, 590, 600, 604, 636, 637, 646, 668, 679, 707, 714, 741, 745, 776, 802, 808, 839, 840, 841, 895, 925, 932, 958, 959, 987, 993, ]
[0, 1, 26, 63, 74, 75, 93, 102, 133, 138, 156, 231, 233, 237, 319, 325, 331, 345, 356, 368, 374, 386, 392, 404, 408, 411, 424, 434, 445, 460, 500, 507, 529, 531, 536, 538, 556, 557, 569, 586, 587, 592, 599, 607, 621, 626, 627, 644, 649, 678, 681, 714, 731, 753, 754, 767, 784, 805, 860, 866, 872, 895, 902, 930, 934, 935, 941, 949, 958, 968, 973, 980, 989, 992, 1004, 1005, 1006, 1018, ]
[31, 57, 85, 138, 144, 165, 167, 178, 196, 218, 245, 249, 252, 259, 273, 282, 283, 312, 313, 314, 315, 316, 324, 326, 332, 336, 339, 387, 393, 396, 398, 400, 401, 403, 404, 422, 427, 434, 435, 440, 456, 461, 491, 492, 493, 495, 497, 519, 564, 569, 600, 623, 629, 638, 644, 651, 727, 771, 807, 864, 866, 898, 903, 960, 963, 1013, 1019, ]
[20, 29, 31, 70, 78, 91, 94, 118, 143, 162, 168, 169, 180, 195, 201, 203, 207, 234, 249, 256, 279, 286, 292, 293, 296, 299, 308, 319, 329, 343, 346, 373, 399, 411, 420, 435, 456, 466, 470, 486, 497, 499, 519, 537, 570, 592, 598, 600, 622, 647, 651, 676, 708, 728, 744, 762, 769, 778, 803, 841, 847, 853, 869, 873, 888, 895, 904, 923, 937, 958, 964, 966, 967, 1014, 1020, ]
[42, 57, 64, 106, 127, 131, 132, 136, 137, 174, 176, 196, 197, 209, 231, 234, 304, 345, 375, 388, 396, 403, 405, 408, 410, 423, 424, 447, 462, 464, 467, 490, 498, 509, 527, 583, 630, 710, 744, 778, 808, 814, 822, 838, 872, 927, 965, 987, 997, 1011, ]
[1, 5, 10, 14, 23, 65, 105, 124, 131, 133, 152, 156, 157, 164, 169, 177, 180, 184, 204, 213, 223, 232, 234, 274, 297, 303, 334, 335, 367, 373, 376, 383, 398, 413, 425, 432, 434, 437, 438, 439, 447, 453, 454, 456, 466, 469, 485, 487, 488, 489, 509, 519, 521, 543, 547, 550, 555, 558, 562, 563, 564, 575, 584, 595, 597, 598, 604, 614, 625, 631, 644, 654, 655, 664, 682, 683, 714, 729, 734, 737, 744, 745, 750, 757, 774, 799, 824, 840, 844, 846, 848, 868, 873, 883, 924, 954, 963, 979, 991, 1018, 1022, ]
[9, 16, 23, 30, 31, 33, 57, 73, 90, 100, 110, 128, 135, 149, 163, 164, 169, 196, 238, 251, 260, 262, 286, 342, 346, 358, 363, 371, 377, 391, 396, 400, 424, 433, 434, 439, 441, 460, 467, 488, 491, 507, 528, 559, 560, 580, 595, 617, 624, 631, 652, 742, 747, 765, 768, 772, 778, 803, 823, 835, 836, 867, 868, 871, 894, 908, 931, 932, 968, 987, 992, ]
[8, 29, 31, 54, 70, 79, 95, 105, 140, 163, 169, 191, 196, 198, 207, 218, 232, 244, 262, 293, 300, 315, 330, 341, 365, 368, 373, 386, 393, 401, 408, 423, 425, 434, 442, 461, 465, 468, 496, 508, 539, 561, 591, 625, 630, 632, 663, 677, 678, 704, 720, 735, 741, 754, 760, 772, 776, 778, 803, 824, 870, 893, 931, 934, 937, 958, 969, 993, 1001, 1016, 1019, ]
[2, 11, 20, 31, 89, 93, 94, 103, 105, 115, 130, 133, 136, 188, 191, 195, 197, 200, 216, 217, 228, 230, 263, 286, 292, 302, 350, 358, 359, 361, 376, 392, 405, 406, 423, 428, 463, 473, 478, 515, 522, 526, 555, 563, 564, 567, 581, 592, 595, 596, 597, 598, 611, 626, 663, 664, 709, 712, 745, 783, 785, 790, 791, 799, 802, 823, 838, 853, 863, 869, 872, 873, 875, 876, 895, 900, 925, 932, 940, 941, 973, 997, 1017, 1023, ]
[2, 17, 24, 33, 44, 91, 92, 125, 131, 159, 165, 168, 169, 171, 172, 187, 194, 196, 197, 200, 206, 218, 240, 276, 278, 280, 283, 293, 295, 296, 313, 326, 329, 337, 339, 356, 357, 363, 364, 373, 375, 376, 389, 407, 410, 425, 427, 437, 438, 456, 462, 463, 465, 477, 479, 486, 487, 492, 508, 515, 518, 521, 526, 534, 559, 560, 563, 569, 583, 585, 587, 588, 589, 599, 600, 613, 626, 649, 652, 678, 683, 684, 689, 695, 712, 713, 719, 731, 737, 741, 753, 767, 798, 805, 830, 842, 851, 869, 871, 888, 901, 905, 930, 958, 972, 989, 993, 998, 1014, 1018, 1019, 1020, ]
[2, 41, 58, 64, 104, 127, 132, 134, 135, 137, 201, 202, 216, 223, 228, 245, 252, 255, 265, 295, 311, 325, 368, 373, 375, 377, 382, 400, 401, 409, 456, 501, 505, 551, 599, 603, 612, 628, 648, 681, 728, 743, 749, 762, 775, 797, 817, 820, 821, 841, 843, 852, 868, 873, 903, 928, 936, 989, 995, 1002, 1017, ]
[7, 25, 31, 68, 100, 136, 196, 197, 213, 223, 245, 249, 255, 262, 264, 277, 287, 294, 299, 303, 318, 324, 326, 328, 341, 342, 343, 357, 371, 372, 378, 389, 400, 412, 437, 441, 445, 454, 459, 476, 478, 504, 521, 528, 549, 564, 570, 599, 636, 639, 646, 651, 653, 657, 680, 682, 687, 709, 726, 745, 770, 800, 802, 813, 868, 905, 914, 937, 969, 1010, 1023, ]
[3, 16, 32, 39, 60, 70, 94, 138, 150, 158, 161, 168, 207, 220, 261, 277, 283, 294, 296, 304, 306, 319, 326, 332, 361, 363, 370, 377, 392, 412, 414, 437, 447, 464, 479, 492, 498, 536, 543, 585, 595, 612, 623, 625, 644, 645, 649, 661, 680, 695, 730, 774, 800, 807, 830, 833, 847, 853, 875, 892, 902, 921, 933, 962, 974, 988, 993, 1023, ]
[11, 12, 25, 28, 30, 58, 69, 93, 95, 100, 103, 106, 131, 133, 135, 138, 139, 152, 165, 170, 191, 196, 198, 200, 203, 221, 228, 233, 263, 283, 287, 293, 296, 299, 313, 328, 337, 357, 365, 376, 388, 392, 393, 396, 401, 402, 406, 420, 428, 429, 455, 457, 458, 462, 463, 475, 483, 495, 500, 506, 512, 514, 519, 523, 524, 526, 528, 530, 531, 532, 534, 538, 550, 552, 555, 586, 588, 592, 593, 598, 601, 616, 619, 627, 631, 632, 647, 667, 680, 682, 683, 697, 709, 710, 711, 712, 723, 745, 750, 759, 776, 785, 807, 809, 831, 872, 895, 906, 929, 942, 959, 987, 990, 994, 999, 1009, 1016, 1018, 1023, ]
[31, 45, 60, 64, 90, 101, 112, 139, 141, 147, 165, 190, 229, 247, 261, 281, 290, 293, 312, 325, 341, 351, 356, 357, 376, 401, 406, 412, 426, 433, 434, 435, 453, 455, 460, 465, 466, 479, 486, 488, 496, 498, 500, 524, 558, 559, 585, 613, 616, 631, 693, 696, 709, 712, 713, 775, 776, 798, 817, 862, 872, 873, 903, 907, 932, 981, 1004, 1020, ]
[5, 11, 23, 28, 36, 68, 93, 97, 98, 111, 112, 123, 125, 130, 132, 133, 140, 146, 168, 180, 198, 200, 202, 223, 228, 246, 247, 258, 259, 264, 266, 280, 318, 333, 343, 345, 349, 351, 353, 358, 400, 401, 405, 408, 412, 416, 424, 430, 434, 440, 441, 442, 446, 448, 453, 475, 497, 499, 520, 525, 528, 532, 536, 573, 588, 594, 602, 612, 616, 624, 625, 640, 655, 695, 696, 710, 718, 735, 745, 748, 749, 750, 760, 763, 782, 804, 805, 806, 808, 815, 830, 840, 843, 873, 884, 891, 901, 927, 931, 933, 934, 950, 957, 960, 961, 966, 967, 968, 969, 990, 1001, 1017, ]
[3, 9, 18, 26, 30, 32, 58, 77, 81, 87, 103, 104, 106, 108, 129, 131, 132, 133, 134, 148, 171, 173, 186, 188, 201, 202, 209, 215, 231, 235, 240, 245, 246, 255, 258, 261, 264, 266, 286, 289, 294, 304, 313, 316, 324, 332, 340, 344, 359, 363, 364, 389, 401, 403, 411, 426, 427, 432, 435, 440, 446, 447, 456, 457, 459, 465, 466, 473, 476, 488, 489, 491, 517, 519, 522, 528, 550, 552, 553, 562, 580, 583, 585, 590, 614, 618, 620, 622, 624, 627, 632, 636, 652, 655, 659, 667, 685, 717, 741, 743, 750, 765, 776, 790, 800, 803, 806, 818, 831, 833, 853, 864, 865, 877, 879, 888, 894, 897, 901, 904, 915, 924, 931, 937, 943, 953, 965, 966, 968, 978, 986, 988, 989, 992, 1002, 1005, 1021, ]
[29, 89, 94, 105, 108, 109, 117, 134, 148, 162, 163, 169, 191, 201, 215, 216, 228, 229, 240, 245, 260, 265, 266, 280, 292, 313, 324, 337, 342, 363, 374, 422, 435, 456, 464, 478, 492, 497, 498, 505, 518, 533, 535, 563, 564, 587, 591, 597, 607, 616, 646, 663, 677, 679, 696, 698, 739, 741, 744, 783, 784, 789, 827, 838, 839, 872, 873, 933, 958, 969, 986, 989, 1016, ]
[23, 28, 60, 63, 66, 72, 92, 93, 94, 95, 100, 127, 226, 227, 229, 259, 273, 277, 290, 294, 319, 321, 332, 341, 343, 356, 360, 364, 368, 370, 371, 374, 394, 401, 440, 450, 459, 462, 468, 472, 508, 516, 520, 525, 527, 529, 530, 549, 562, 563, 565, 574, 588, 596, 598, 599, 600, 614, 624, 625, 634, 644, 653, 658, 663, 671, 685, 703, 710, 712, 734, 735, 746, 748, 773, 775, 784, 838, 873, 925, 936, 962, ]
[23, 31, 41, 63, 90, 92, 101, 130, 135, 162, 165, 190, 199, 201, 203, 218, 230, 234, 245, 264, 272, 294, 305, 312, 327, 330, 341, 342, 343, 344, 370, 397, 399, 411, 415, 425, 431, 432, 433, 434, 437, 440, 441, 447, 460, 465, 466, 467, 471, 472, 487, 499, 502, 516, 530, 533, 538, 569, 573, 587, 624, 658, 662, 663, 678, 697, 722, 728, 739, 757, 759, 773, 776, 808, 823, 840, 870, 885, 895, 900, 905, 969, 991, 999, 1012, 1023, ]
[29, 39, 42, 46, 55, 93, 100, 103, 125, 127, 135, 137, 159, 163, 188, 201, 216, 238, 243, 252, 261, 291, 295, 313, 315, 323, 340, 355, 361, 390, 406, 407, 412, 426, 432, 435, 436, 444, 447, 455, 464, 469, 489, 496, 509, 510, 519, 529, 531, 534, 536, 561, 564, 571, 583, 587, 655, 662, 680, 694, 732, 739, 760, 804, 840, 895, 899, 936, 957, 960, 990, 992, 997, 1006, ]
[2, 6, 24, 26, 27, 30, 31, 37, 60, 64, 75, 105, 138, 150, 159, 169, 170, 172, 187, 188, 197, 201, 203, 232, 240, 255, 262, 269, 272, 277, 279, 282, 297, 304, 328, 339, 356, 357, 361, 369, 378, 386, 393, 404, 423, 427, 431, 432, 447, 456, 458, 463, 470, 475, 491, 496, 500, 501, 504, 505, 516, 526, 530, 532, 584, 589, 592, 622, 625, 627, 629, 632, 634, 669, 693, 730, 737, 741, 743, 744, 749, 753, 775, 777, 825, 831, 841, 853, 875, 880, 889, 894, 895, 901, 904, 924, 925, 927, 928, 955, 959, 965, 985, 1006, 1014, 1015, ]
[23, 26, 41, 63, 85, 87, 124, 137, 157, 161, 167, 188, 189, 191, 201, 203, 211, 228, 259, 260, 264, 281, 291, 329, 358, 374, 399, 402, 452, 455, 468, 472, 476, 496, 499, 502, 507, 533, 535, 541, 543, 591, 613, 646, 656, 674, 745, 746, 748, 751, 767, 773, 776, 778, 816, 827, 829, 831, 842, 861, 868, 871, 873, 880, 882, 894, 901, 917, 956, 968, 995, ]
[2, 27, 29, 35, 61, 64, 67, 91, 100, 101, 111, 135, 144, 159, 168, 177, 180, 200, 247, 258, 269, 286, 297, 300, 303, 313, 325, 336, 340, 353, 360, 370, 374, 378, 384, 390, 398, 400, 402, 423, 432, 433, 435, 444, 455, 465, 478, 493, 496, 523, 531, 558, 561, 580, 586, 599, 623, 625, 652, 693, 726, 735, 744, 750, 799, 804, 840, 851, 871, 901, 959, 960, 969, 992, 1013, 1019, ]
[1, 8, 17, 27, 31, 69, 102, 127, 130, 134, 140, 156, 163, 175, 180, 197, 201, 233, 241, 275, 278, 279, 287, 288, 292, 294, 299, 339, 344, 354, 368, 370, 377, 379, 390, 400, 403, 404, 410, 423, 426, 430, 454, 455, 458, 465, 466, 476, 484, 495, 500, 518, 521, 528, 541, 552, 562, 565, 633, 658, 664, 669, 687, 694, 702, 707, 740, 749, 757, 767, 774, 806, 822, 831, 838, 839, 840, 841, 849, 870, 888, 897, 902, 909, 923, 927, 932, 935, 966, 967, 973, 990, 994, 1022, ]
[2, 6, 28, 29, 39, 62, 101, 106, 136, 169, 178, 193, 195, 196, 200, 208, 212, 213, 232, 236, 240, 244, 245, 248, 268, 270, 287, 304, 306, 311, 344, 345, 367, 376, 380, 394, 395, 406, 414, 433, 442, 445, 456, 459, 464, 473, 489, 493, 499, 500, 503, 533, 539, 551, 584, 620, 646, 647, 655, 660, 664, 712, 729, 743, 780, 816, 848, 851, 856, 866, 873, 910, 938, 950, 958, 961, 969, 992, 1009, 1023, ]
[0, 7, 14, 30, 39, 40, 41, 42, 55, 69, 70, 101, 136, 168, 169, 190, 196, 212, 222, 230, 234, 238, 249, 263, 265, 270, 293, 298, 329, 356, 358, 383, 386, 400, 416, 423, 438, 493, 505, 533, 540, 551, 570, 573, 598, 611, 639, 657, 693, 697, 712, 742, 744, 751, 754, 786, 788, 811, 826, 842, 846, 866, 868, 869, 889, 901, 902, 903, 912, 934, 957, 993, ]
[47, 129, 160, 191, 192, 224, 225, 256, 257, 288, 289, 292, 301, 319, 321, 335, 341, 343, 346, 353, 354, 360, 367, 376, 417, 448, 480, 556, 559, 734, 773, 789, 814, 834, 944, 969, 1018, ]
[9, 26, 33, 47, 52, 69, 126, 137, 140, 145, 162, 165, 166, 169, 171, 180, 200, 209, 216, 223, 227, 231, 247, 254, 264, 271, 272, 281, 304, 305, 319, 326, 330, 336, 340, 366, 383, 385, 394, 399, 412, 414, 428, 451, 456, 463, 485, 488, 489, 493, 497, 507, 518, 527, 529, 530, 531, 574, 582, 588, 593, 594, 595, 605, 613, 616, 624, 654, 655, 679, 686, 688, 695, 708, 712, 720, 728, 739, 742, 746, 752, 758, 769, 781, 783, 786, 896, 906, 910, 913, 924, 956, 966, 995, 1006, 1022, ]
[1, 25, 27, 64, 116, 126, 133, 201, 266, 281, 291, 297, 307, 319, 326, 331, 350, 368, 373, 389, 393, 398, 402, 408, 426, 430, 436, 439, 455, 485, 490, 495, 520, 524, 536, 560, 563, 570, 598, 611, 650, 653, 663, 665, 711, 744, 746, 772, 808, 831, 852, 905, 928, 932, 987, 994, 1021, 1023, ]
[6, 18, 26, 27, 28, 29, 34, 120, 135, 156, 158, 202, 204, 212, 229, 250, 259, 314, 360, 367, 369, 371, 376, 377, 407, 425, 435, 442, 443, 462, 466, 470, 472, 483, 485, 487, 495, 496, 497, 505, 527, 530, 557, 567, 571, 588, 603, 615, 626, 638, 663, 665, 676, 678, 742, 743, 772, 775, 793, 862, 864, 868, 896, 902, 928, 929, 945, 961, 968, 986, 1000, 1008, 1011, ]
[4, 5, 12, 17, 19, 23, 63, 118, 119, 122, 150, 157, 159, 165, 170, 181, 187, 195, 199, 201, 215, 227, 237, 238, 246, 248, 265, 267, 279, 287, 292, 311, 312, 313, 315, 323, 337, 345, 347, 348, 349, 350, 359, 395, 404, 412, 420, 423, 424, 435, 453, 466, 487, 494, 497, 499, 502, 503, 506, 529, 532, 541, 566, 632, 656, 710, 713, 740, 766, 774, 791, 793, 798, 829, 839, 856, 858, 867, 888, 894, 901, 913, 960, 979, 986, 989, 996, 1003, 1010, 1012, ]
[0, 3, 4, 18, 20, 42, 50, 61, 136, 139, 166, 169, 175, 192, 196, 200, 206, 210, 228, 229, 245, 252, 260, 264, 266, 280, 298, 299, 303, 307, 324, 341, 344, 358, 360, 369, 403, 409, 412, 420, 434, 452, 467, 470, 493, 496, 497, 500, 501, 508, 520, 528, 536, 552, 560, 566, 572, 587, 598, 612, 615, 627, 634, 636, 676, 708, 709, 718, 743, 747, 757, 794, 807, 811, 816, 824, 834, 869, 871, 890, 925, 949, 967, 969, 991, 992, ]
[12, 15, 28, 57, 78, 105, 114, 129, 139, 154, 166, 169, 202, 213, 223, 229, 235, 237, 249, 265, 273, 277, 282, 284, 306, 311, 312, 327, 340, 375, 376, 378, 389, 393, 403, 409, 434, 445, 446, 462, 463, 464, 471, 492, 499, 508, 516, 518, 527, 534, 536, 537, 544, 547, 554, 557, 561, 565, 571, 581, 594, 631, 638, 671, 712, 728, 731, 743, 754, 769, 804, 808, 809, 825, 832, 835, 837, 843, 864, 865, 879, 896, 897, 900, 926, 928, 929, 930, 938, 945, 953, 969, 995, ]
[25, 28, 60, 72, 74, 81, 82, 105, 108, 117, 181, 191, 196, 202, 209, 219, 231, 241, 248, 254, 261, 295, 300, 309, 312, 346, 357, 372, 380, 381, 401, 420, 434, 438, 439, 442, 446, 490, 495, 510, 529, 532, 534, 561, 565, 568, 578, 588, 623, 631, 677, 679, 740, 768, 769, 808, 835, 837, 903, 911, 956, 967, 990, 1009, ]