[2, 8, 36, 39, 52, 71, 83, 84, 88, 99, 106, 115, 135, 149, 152, 174, 181, 183, 184, 186, 203, 214, 215, 228, 236, 244, 245, 256, 297, 300, 309, 336, 360, 361, 375, 394, 395, 417, 421, 429, 431, 432, 433, 436, 452, 454, 515, 522, 551, 553, 554, 581, 595, 598, 608, 611, 615, ]
[1, 23, 48, 70, 82, 111, 134, 154, 185, 198, 215, 219, 245, 254, 263, 293, 299, 304, 314, 327, 331, 333, 343, 360, 362, 364, 384, 393, 395, 396, 422, 424, 425, 427, 429, 432, 452, 453, 454, 455, 456, 457, 458, 470, 471, 477, 479, 480, 486, 488, 489, 512, 519, 520, 544, 545, 554, 555, 564, 582, 583, 598, 603, ]
[21, 131, 139, 185, 330, 377, 387, 389, 425, 448, 481, 495, 513, 525, 531, 539, 545, 555, 559, 570, 576, 581, 583, ]
[49, 123, 168, 217, 231, 244, 305, 331, 337, 346, 360, 367, 392, 394, 396, 409, 425, 428, 430, 432, 435, 446, 458, 461, 462, 470, 471, 474, 479, 499, 501, 523, 525, 533, 565, 572, 579, 603, ]
[5, 15, 48, 108, 112, 124, 143, 150, 165, 171, 189, 216, 217, 228, 239, 240, 241, 253, 260, 267, 268, 271, 273, 274, 283, 285, 287, 303, 316, 319, 328, 337, 359, 360, 393, 395, 396, 397, 415, 421, 424, 425, 432, 434, 447, 462, 463, 466, 467, 468, 469, 471, 479, 480, 492, 512, 561, 581, 583, 603, 608, ]
[16, 77, 110, 131, 135, 140, 142, 166, 169, 172, 173, 181, 187, 202, 206, 242, 248, 372, 378, 406, 408, 411, 412, 414, 415, 423, 441, 445, 447, 452, 473, 520, 562, 590, 602, 604, 607, 608, 610, 612, 614, ]
[37, 38, 166, 174, 184, 239, 248, 286, 332, 333, 357, 361, 362, 363, 394, 395, 425, 426, 433, 435, 443, 447, 473, 474, 494, 495, 496, 501, 512, 513, 522, 524, 527, 559, 560, 562, 566, 568, 582, 583, 601, ]
[108, 118, 168, 172, 192, 201, 210, 277, 301, 344, 383, 384, 385, 394, 400, 417, 418, 423, 440, 443, 445, 446, 449, 451, 455, 471, 473, 522, 581, 582, 584, 587, 588, 600, 601, 602, 604, 606, 609, ]
[3, 8, 9, 10, 22, 36, 41, 43, 47, 62, 66, 68, 75, 76, 108, 178, 179, 180, 202, 213, 214, 215, 233, 234, 240, 265, 266, 334, 347, 355, 371, 429, 432, 434, 437, 443, 485, 500, 581, 586, 596, ]
[3, 19, 48, 49, 66, 101, 114, 132, 135, 146, 147, 180, 192, 204, 210, 213, 214, 220, 237, 259, 292, 306, 331, 335, 340, 362, 375, 394, 395, 399, 416, 426, 427, 434, 436, 457, 461, 480, 481, 488, 494, 495, 500, 501, 512, 513, 516, 517, 526, 527, 531, 537, 553, 559, 561, 583, 612, ]
[20, 49, 50, 72, 82, 115, 116, 138, 147, 148, 171, 182, 199, 214, 215, 252, 308, 334, 339, 364, 393, 394, 395, 396, 416, 424, 425, 427, 429, 447, 458, 460, 461, 474, 475, 488, 495, 498, 501, 502, 524, 525, 554, 577, 583, 596, 599, 609, ]
[15, 45, 46, 56, 72, 102, 104, 115, 130, 133, 134, 145, 165, 166, 167, 172, 177, 181, 196, 210, 211, 214, 215, 217, 239, 258, 305, 336, 344, 393, 407, 416, 429, 433, 475, 552, 553, 582, 589, 590, 594, 606, ]
[18, 24, 37, 71, 78, 128, 145, 161, 162, 164, 166, 171, 214, 236, 275, 294, 296, 298, 299, 310, 328, 334, 345, 370, 371, 372, 373, 394, 415, 431, 435, 436, 471, 492, 524, 553, 588, 591, 592, 607, ]
[51, 69, 80, 82, 89, 157, 160, 161, 162, 165, 175, 181, 189, 190, 205, 207, 208, 213, 245, 248, 281, 295, 302, 303, 309, 333, 346, 361, 367, 371, 372, 373, 394, 417, 423, 426, 431, 435, 436, 473, 479, 492, 522, 556, 591, 592, 593, ]
[2, 8, 9, 41, 47, 68, 99, 100, 131, 132, 134, 143, 163, 164, 166, 171, 175, 180, 198, 211, 215, 217, 227, 229, 232, 233, 234, 261, 265, 273, 305, 307, 311, 335, 360, 372, 375, 398, 407, 408, 409, 411, 414, 422, 431, 433, 461, 475, 477, 496, 517, 549, 582, 588, 590, ]
[79, 81, 103, 106, 133, 137, 146, 151, 153, 154, 165, 166, 185, 189, 214, 237, 241, 253, 257, 272, 279, 281, 302, 304, 327, 328, 330, 391, 394, 395, 397, 426, 427, 429, 446, 448, 460, 466, 471, 480, 488, 489, 490, 491, 492, 493, 508, 510, 524, 530, 532, 538, 542, 550, 560, 561, 567, 577, 581, 597, ]
[16, 51, 78, 80, 98, 99, 128, 134, 150, 163, 182, 183, 184, 185, 200, 202, 214, 217, 219, 235, 263, 264, 287, 313, 332, 343, 361, 392, 393, 394, 407, 408, 409, 411, 423, 433, 436, 447, 477, 481, 488, 495, 499, 511, 513, 519, 520, 526, 527, 529, 531, 532, 537, 539, 558, 577, 581, 582, 583, 590, 591, 602, ]
[2, 7, 8, 49, 78, 87, 95, 98, 138, 171, 172, 173, 183, 205, 215, 232, 264, 309, 330, 336, 375, 418, 422, 425, 434, 436, 471, 555, 561, 564, 581, 592, 607, ]
[79, 119, 130, 166, 172, 179, 221, 259, 333, 340, 377, 408, 410, 412, 413, 414, 415, 434, 442, 447, 496, 597, 601, 605, ]
[59, 60, 81, 134, 197, 216, 225, 272, 330, 331, 345, 354, 361, 368, 394, 399, 424, 425, 426, 428, 432, 437, 469, 471, 474, 480, 486, 487, 488, 492, 493, 494, 495, 496, 502, 505, 511, 513, 527, 533, 534, 561, 565, 569, 576, 581, 612, ]
[7, 8, 12, 15, 83, 99, 107, 130, 162, 182, 184, 185, 199, 200, 206, 214, 216, 218, 228, 249, 262, 286, 308, 331, 332, 333, 336, 358, 371, 375, 391, 407, 408, 409, 411, 428, 430, 437, 452, 456, 461, 477, 479, 480, 497, 512, 546, 576, 595, ]
[5, 51, 90, 99, 109, 113, 152, 165, 169, 173, 186, 190, 198, 209, 217, 233, 249, 281, 294, 337, 360, 361, 362, 418, 425, 426, 435, 455, 459, 461, 471, 474, 479, 480, 481, 532, 544, 551, 552, 553, 554, 567, 571, 576, 581, 590, 601, ]
[3, 10, 50, 53, 66, 67, 165, 172, 202, 203, 214, 227, 259, 291, 314, 323, 324, 325, 326, 334, 356, 357, 367, 394, 400, 408, 409, 411, 414, 431, 432, 433, 434, 435, 459, 485, 499, 500, 501, 525, 545, 572, 582, 584, 585, 586, 590, 598, 608, ]
[48, 130, 165, 166, 170, 192, 207, 208, 210, 213, 217, 234, 248, 303, 307, 336, 349, 361, 376, 407, 410, 418, 436, 439, 440, 447, 448, 473, 479, 497, 506, 520, 581, 582, 584, 585, 598, 600, 602, ]
[3, 19, 20, 22, 23, 31, 71, 72, 99, 103, 112, 134, 140, 162, 178, 212, 213, 215, 227, 240, 245, 249, 255, 258, 259, 277, 282, 336, 364, 369, 395, 396, 397, 416, 427, 428, 432, 461, 473, 474, 475, 477, 479, 498, 512, 545, 562, 576, 596, ]
[17, 156, 224, 306, 322, 333, 346, 390, 416, 421, 422, 426, 427, 428, 433, 471, 479, 485, 489, 493, 495, 516, 523, 529, 531, 541, 547, 549, 554, 556, 559, 560, 564, 570, 571, 573, 577, 578, 580, 600, ]