[140, 141, 162, 196, 197, 199, 296, 310, 324, 329, 358, 360, 394, 425, 427, 436, 453, 455, 469, 489, 492, 496, 502, 507, 519, 521, 526, 530, 532, 533, 538, 551, 563, 568, 575, 605, 619, 647, 662, 680, 694, 741, 744, 756, 759, 775, 779, 789, 804, 809, 839, 840, 846, 871, 886, 903, 937, 956, 1020, ]
[0, 1, 41, 42, 54, 64, 70, 99, 100, 103, 108, 112, 134, 136, 146, 156, 157, 169, 171, 196, 199, 200, 216, 223, 233, 240, 243, 268, 269, 281, 287, 296, 297, 305, 315, 319, 331, 333, 335, 342, 371, 373, 392, 402, 421, 435, 457, 461, 466, 468, 475, 476, 477, 484, 487, 492, 496, 500, 519, 520, 530, 535, 536, 550, 555, 570, 584, 596, 611, 612, 620, 627, 640, 647, 657, 661, 665, 675, 679, 685, 687, 702, 710, 711, 713, 715, 718, 719, 740, 743, 757, 767, 776, 777, 806, 840, 863, 869, 876, 893, 899, 912, 933, 960, 968, 970, 992, 1007, 1012, 1019, ]
[0, 11, 18, 20, 62, 87, 101, 116, 117, 127, 133, 137, 138, 148, 157, 169, 186, 192, 198, 201, 229, 265, 274, 311, 330, 331, 339, 345, 348, 362, 376, 378, 390, 394, 402, 405, 429, 456, 457, 470, 475, 478, 487, 493, 494, 499, 500, 516, 520, 532, 536, 537, 557, 570, 592, 597, 658, 677, 688, 704, 710, 760, 775, 780, 783, 790, 808, 834, 836, 841, 859, 901, 919, 920, 955, 963, ]
[9, 27, 60, 63, 76, 100, 127, 137, 167, 169, 197, 201, 214, 224, 232, 243, 265, 311, 325, 331, 347, 355, 373, 389, 402, 403, 406, 423, 424, 437, 441, 464, 466, 468, 469, 480, 486, 501, 507, 522, 531, 533, 538, 551, 561, 563, 565, 582, 601, 608, 634, 654, 658, 662, 677, 683, 700, 725, 743, 767, 772, 775, 776, 809, 837, 839, 867, 873, 895, 903, 904, 926, 959, 967, 983, 988, 993, 1002, 1021, ]
[21, 22, 23, 25, 31, 65, 95, 115, 132, 137, 147, 169, 178, 186, 197, 200, 208, 223, 226, 238, 244, 250, 260, 262, 264, 293, 296, 312, 333, 341, 345, 379, 404, 406, 408, 411, 419, 422, 444, 457, 475, 503, 506, 510, 532, 538, 539, 540, 563, 568, 583, 590, 591, 598, 602, 622, 633, 659, 678, 680, 741, 757, 776, 807, 808, 840, 853, 891, 928, 934, 993, 1022, ]
[8, 13, 23, 25, 26, 28, 29, 63, 73, 95, 103, 161, 164, 169, 190, 200, 232, 236, 239, 243, 247, 255, 286, 291, 296, 313, 327, 358, 359, 390, 392, 404, 408, 412, 424, 433, 436, 440, 442, 452, 463, 471, 504, 507, 508, 509, 525, 526, 540, 541, 552, 559, 562, 582, 590, 600, 604, 636, 637, 646, 679, 707, 714, 741, 776, 808, 839, 840, 841, 894, 895, 925, 932, 958, 986, 993, ]
[0, 1, 26, 63, 74, 75, 93, 102, 133, 138, 157, 196, 203, 231, 233, 237, 319, 325, 345, 354, 368, 374, 392, 404, 408, 411, 424, 434, 460, 508, 529, 531, 536, 538, 539, 556, 557, 569, 586, 587, 596, 599, 607, 621, 626, 627, 644, 649, 678, 681, 714, 731, 751, 753, 754, 767, 805, 860, 866, 872, 895, 902, 930, 934, 935, 941, 949, 958, 968, 973, 980, 989, 992, 1004, 1005, 1006, 1018, ]
[31, 40, 57, 85, 138, 144, 165, 191, 213, 218, 228, 238, 242, 249, 252, 259, 282, 283, 293, 312, 313, 314, 315, 316, 326, 332, 339, 349, 393, 396, 398, 400, 401, 403, 404, 420, 422, 427, 434, 435, 440, 456, 461, 473, 491, 492, 493, 495, 497, 519, 564, 571, 574, 600, 623, 629, 651, 771, 807, 835, 864, 866, 898, 902, 903, 960, 963, 1013, ]
[20, 25, 30, 63, 70, 78, 91, 94, 118, 143, 162, 168, 169, 180, 195, 201, 203, 207, 234, 249, 256, 279, 286, 292, 293, 296, 299, 308, 319, 329, 346, 373, 399, 411, 420, 432, 435, 456, 466, 470, 486, 497, 499, 519, 537, 581, 598, 600, 616, 622, 647, 651, 676, 694, 708, 728, 744, 762, 769, 778, 803, 841, 847, 869, 873, 888, 893, 904, 937, 958, 964, 966, 967, 1014, 1020, ]
[42, 57, 64, 106, 125, 132, 136, 137, 176, 196, 197, 209, 231, 234, 291, 296, 304, 345, 396, 400, 403, 405, 410, 423, 424, 447, 462, 464, 467, 471, 473, 490, 498, 509, 527, 529, 583, 630, 710, 744, 808, 814, 824, 838, 868, 872, 894, 934, 936, 987, ]
[1, 5, 10, 14, 23, 27, 36, 65, 74, 105, 131, 133, 152, 157, 164, 169, 177, 184, 204, 213, 223, 232, 234, 274, 277, 297, 305, 334, 335, 367, 373, 376, 383, 392, 398, 413, 425, 434, 437, 438, 439, 447, 453, 454, 456, 464, 466, 469, 485, 487, 488, 489, 505, 509, 519, 521, 543, 547, 550, 555, 558, 564, 575, 584, 594, 595, 597, 604, 614, 625, 631, 644, 653, 654, 656, 664, 682, 683, 714, 729, 734, 737, 744, 750, 757, 774, 776, 799, 824, 840, 844, 846, 848, 858, 864, 868, 873, 883, 924, 954, 965, 979, 991, 1018, 1022, ]
[9, 16, 23, 30, 31, 33, 57, 73, 87, 100, 110, 128, 135, 163, 164, 169, 215, 228, 251, 260, 262, 266, 286, 342, 346, 358, 371, 377, 391, 396, 400, 424, 433, 434, 459, 467, 487, 494, 528, 559, 560, 563, 580, 617, 624, 631, 652, 702, 742, 747, 768, 772, 778, 803, 835, 836, 867, 868, 871, 873, 887, 894, 908, 931, 932, 968, 1017, ]
[8, 27, 29, 31, 70, 79, 105, 127, 140, 163, 191, 196, 198, 200, 207, 218, 232, 240, 244, 262, 291, 293, 300, 315, 330, 341, 373, 386, 393, 399, 401, 408, 425, 434, 442, 445, 461, 465, 468, 471, 496, 506, 508, 526, 539, 561, 591, 593, 625, 630, 632, 663, 677, 693, 704, 710, 720, 741, 754, 760, 766, 772, 776, 778, 824, 839, 870, 893, 931, 934, 937, 958, 969, 985, 993, 1001, 1019, ]
[0, 20, 31, 46, 89, 94, 103, 105, 115, 127, 130, 133, 136, 188, 191, 195, 197, 217, 228, 230, 263, 265, 286, 302, 324, 350, 358, 360, 376, 392, 405, 406, 423, 425, 428, 436, 451, 463, 473, 478, 489, 498, 515, 522, 526, 555, 563, 564, 567, 581, 586, 592, 595, 596, 597, 598, 611, 625, 649, 663, 664, 709, 712, 745, 783, 785, 790, 791, 799, 802, 823, 838, 853, 863, 869, 872, 873, 875, 876, 895, 900, 925, 932, 940, 941, 973, 997, 1017, 1023, ]
[2, 17, 24, 33, 44, 91, 92, 125, 131, 159, 165, 168, 169, 171, 172, 187, 194, 196, 197, 200, 206, 218, 240, 276, 278, 280, 283, 293, 295, 296, 313, 329, 337, 339, 356, 357, 358, 363, 364, 373, 375, 376, 389, 407, 410, 422, 425, 427, 437, 438, 456, 462, 463, 477, 479, 486, 487, 492, 508, 515, 518, 521, 526, 530, 534, 559, 560, 563, 583, 585, 587, 588, 589, 599, 600, 613, 626, 629, 649, 652, 678, 683, 684, 689, 695, 712, 713, 719, 731, 737, 741, 753, 767, 798, 805, 830, 842, 851, 869, 871, 888, 901, 905, 930, 958, 972, 989, 993, 998, 1014, 1018, 1019, 1020, ]
[0, 37, 41, 58, 104, 127, 134, 135, 137, 163, 201, 202, 216, 223, 228, 245, 252, 265, 295, 311, 325, 365, 368, 373, 375, 377, 382, 401, 409, 456, 501, 505, 551, 599, 600, 603, 612, 628, 680, 681, 685, 728, 743, 749, 762, 775, 797, 817, 820, 821, 841, 843, 852, 868, 903, 928, 936, 989, 995, 1002, 1017, ]
[6, 25, 63, 68, 100, 136, 177, 197, 213, 221, 223, 233, 245, 249, 262, 264, 277, 284, 287, 294, 303, 318, 326, 328, 342, 357, 371, 372, 375, 378, 401, 412, 430, 441, 445, 453, 464, 467, 472, 476, 478, 501, 521, 570, 599, 613, 625, 646, 651, 653, 680, 682, 687, 708, 709, 726, 735, 770, 775, 800, 802, 813, 905, 914, 937, 965, 969, 1010, 1023, ]
[3, 16, 30, 32, 39, 70, 91, 94, 138, 150, 158, 161, 163, 168, 220, 261, 272, 277, 283, 294, 296, 306, 319, 326, 332, 361, 363, 370, 377, 392, 412, 414, 437, 447, 464, 473, 479, 492, 498, 529, 536, 543, 563, 585, 596, 612, 623, 631, 644, 645, 649, 661, 680, 730, 774, 807, 830, 833, 847, 853, 875, 892, 901, 902, 921, 927, 962, 974, 993, 1023, ]
[11, 12, 25, 28, 30, 59, 69, 93, 95, 100, 103, 106, 131, 133, 135, 138, 139, 152, 170, 191, 200, 203, 221, 228, 233, 263, 264, 283, 287, 293, 296, 299, 313, 328, 337, 344, 357, 365, 388, 392, 393, 396, 401, 402, 407, 420, 429, 457, 458, 462, 463, 475, 483, 487, 490, 495, 514, 523, 524, 526, 528, 531, 532, 534, 538, 550, 552, 555, 588, 592, 593, 595, 598, 616, 619, 632, 647, 667, 680, 682, 683, 691, 697, 709, 710, 711, 712, 745, 750, 759, 776, 785, 807, 809, 831, 872, 895, 906, 929, 942, 960, 987, 999, 1009, 1016, 1018, 1021, ]
[31, 45, 64, 90, 94, 101, 112, 139, 141, 147, 165, 197, 229, 247, 261, 281, 290, 293, 325, 341, 347, 351, 356, 357, 376, 400, 401, 406, 426, 428, 434, 435, 453, 455, 460, 465, 466, 476, 486, 488, 493, 498, 500, 523, 558, 559, 561, 585, 613, 616, 631, 693, 696, 709, 712, 713, 775, 776, 798, 817, 832, 862, 872, 932, 937, 953, 1004, 1020, ]
[5, 11, 17, 25, 28, 63, 68, 80, 90, 97, 98, 111, 125, 132, 133, 140, 146, 162, 168, 180, 198, 202, 223, 228, 246, 247, 258, 264, 266, 281, 293, 318, 333, 343, 345, 349, 351, 353, 358, 400, 401, 408, 416, 424, 430, 434, 440, 442, 443, 448, 453, 497, 520, 526, 528, 532, 536, 572, 586, 588, 594, 602, 616, 624, 625, 688, 695, 696, 707, 710, 718, 735, 740, 745, 748, 749, 750, 760, 763, 805, 806, 808, 815, 830, 901, 927, 931, 933, 934, 936, 947, 960, 961, 966, 967, 969, 990, 1001, 1017, ]
[3, 18, 26, 32, 42, 58, 77, 81, 87, 104, 106, 108, 129, 131, 132, 133, 134, 148, 171, 173, 175, 186, 188, 191, 201, 202, 209, 216, 231, 235, 240, 245, 246, 255, 258, 261, 264, 266, 286, 289, 294, 304, 313, 316, 324, 332, 340, 344, 359, 363, 389, 401, 403, 411, 426, 427, 432, 435, 440, 446, 447, 456, 457, 459, 465, 466, 473, 488, 489, 491, 517, 519, 522, 528, 550, 552, 553, 562, 572, 580, 583, 585, 590, 614, 618, 620, 624, 627, 632, 636, 652, 655, 659, 685, 717, 731, 741, 743, 750, 765, 776, 790, 800, 803, 806, 818, 831, 833, 834, 853, 864, 865, 877, 879, 888, 894, 897, 901, 904, 915, 924, 931, 937, 943, 953, 965, 966, 968, 978, 986, 988, 989, 992, 1002, 1005, 1021, ]
[29, 89, 95, 105, 108, 109, 117, 134, 148, 162, 163, 169, 191, 201, 215, 216, 228, 229, 240, 245, 260, 265, 266, 280, 292, 313, 324, 337, 342, 363, 374, 422, 435, 456, 464, 476, 478, 492, 497, 498, 505, 518, 533, 535, 563, 564, 587, 591, 597, 607, 616, 646, 663, 677, 679, 696, 698, 739, 741, 744, 783, 784, 789, 827, 838, 839, 872, 873, 933, 958, 969, 986, 1016, 1021, ]
[23, 28, 32, 60, 63, 73, 92, 93, 94, 95, 100, 127, 226, 227, 229, 259, 273, 277, 290, 319, 321, 332, 341, 356, 364, 368, 370, 371, 374, 392, 394, 399, 440, 450, 459, 462, 468, 472, 508, 511, 516, 520, 524, 527, 529, 530, 549, 562, 563, 565, 588, 596, 598, 599, 600, 614, 624, 625, 634, 644, 649, 653, 658, 663, 671, 685, 703, 710, 712, 734, 735, 743, 746, 773, 775, 784, 838, 873, 925, 936, 962, 1012, ]
[23, 31, 41, 63, 90, 92, 101, 130, 135, 162, 165, 190, 201, 203, 221, 230, 234, 249, 264, 272, 276, 294, 305, 312, 327, 330, 342, 343, 344, 397, 399, 415, 425, 428, 431, 432, 433, 434, 437, 440, 441, 444, 447, 460, 465, 466, 467, 471, 472, 499, 502, 516, 530, 532, 533, 535, 538, 569, 587, 624, 658, 661, 663, 678, 697, 708, 711, 728, 739, 757, 773, 776, 791, 808, 840, 844, 870, 885, 895, 900, 905, 969, 991, 999, 1012, 1023, ]
[29, 39, 42, 46, 69, 89, 93, 103, 126, 127, 135, 137, 159, 163, 188, 195, 201, 217, 238, 243, 261, 284, 291, 295, 313, 340, 346, 355, 361, 390, 406, 407, 412, 426, 432, 435, 436, 444, 447, 455, 464, 469, 489, 496, 509, 510, 519, 522, 527, 529, 531, 534, 536, 561, 564, 571, 583, 587, 594, 634, 655, 662, 680, 694, 719, 732, 739, 760, 804, 840, 895, 899, 936, 957, 960, 990, 992, 997, 1006, ]
[6, 19, 24, 26, 27, 30, 31, 37, 42, 60, 64, 105, 138, 150, 159, 170, 172, 187, 188, 197, 201, 203, 240, 255, 262, 269, 272, 277, 279, 282, 297, 304, 327, 328, 339, 356, 357, 361, 369, 378, 386, 393, 404, 423, 426, 427, 431, 432, 434, 463, 470, 475, 479, 489, 491, 500, 501, 504, 505, 516, 526, 528, 532, 589, 595, 621, 622, 625, 627, 629, 669, 672, 677, 693, 717, 730, 737, 739, 743, 744, 753, 775, 777, 805, 825, 831, 841, 853, 875, 880, 889, 894, 895, 924, 925, 927, 928, 955, 959, 965, 969, 1006, 1014, 1015, 1017, ]
[23, 26, 41, 63, 85, 87, 124, 137, 157, 161, 167, 189, 191, 201, 203, 211, 216, 228, 259, 264, 281, 291, 296, 329, 358, 374, 399, 402, 452, 455, 468, 476, 496, 499, 502, 504, 507, 533, 541, 543, 567, 591, 613, 646, 656, 674, 745, 746, 748, 751, 767, 776, 778, 816, 827, 831, 842, 861, 868, 871, 873, 880, 894, 901, 917, 956, 968, 995, 1009, ]
[2, 29, 33, 61, 62, 64, 67, 91, 92, 100, 101, 111, 117, 144, 159, 200, 210, 235, 247, 254, 259, 269, 300, 313, 321, 325, 336, 340, 342, 350, 353, 360, 378, 384, 390, 398, 400, 412, 433, 435, 438, 441, 465, 478, 493, 496, 520, 523, 558, 561, 586, 599, 623, 625, 652, 693, 718, 726, 740, 767, 799, 840, 852, 871, 901, 959, 960, 969, 982, 992, 1019, ]
[0, 8, 17, 27, 31, 32, 69, 102, 124, 127, 130, 134, 140, 155, 163, 165, 175, 180, 201, 241, 255, 265, 275, 278, 279, 288, 292, 294, 299, 339, 344, 354, 370, 377, 379, 390, 394, 400, 403, 404, 410, 423, 424, 430, 434, 453, 454, 455, 458, 465, 476, 491, 495, 498, 500, 516, 518, 521, 528, 541, 552, 565, 583, 594, 656, 658, 664, 665, 669, 687, 694, 702, 707, 740, 749, 757, 767, 774, 806, 822, 831, 838, 839, 840, 841, 849, 870, 888, 897, 902, 909, 925, 932, 966, 967, 973, 994, 1022, ]
[2, 6, 29, 39, 62, 90, 101, 106, 169, 178, 193, 196, 199, 200, 207, 208, 212, 213, 229, 232, 236, 240, 244, 248, 259, 268, 270, 287, 304, 311, 344, 345, 367, 376, 380, 394, 395, 406, 414, 432, 433, 442, 445, 456, 459, 473, 489, 493, 499, 500, 503, 533, 539, 551, 615, 620, 646, 655, 660, 664, 712, 729, 743, 744, 780, 816, 848, 851, 856, 873, 899, 901, 910, 938, 958, 961, 992, 1005, 1023, ]
[0, 7, 14, 30, 39, 41, 42, 55, 70, 101, 136, 168, 169, 190, 212, 222, 230, 234, 238, 249, 263, 265, 293, 298, 329, 335, 356, 358, 385, 391, 404, 438, 493, 505, 512, 533, 540, 552, 570, 573, 598, 611, 639, 657, 693, 712, 730, 742, 744, 751, 754, 786, 788, 811, 826, 842, 846, 866, 868, 869, 889, 901, 902, 903, 912, 934, 957, 993, ]
[47, 129, 160, 191, 192, 224, 225, 256, 257, 288, 289, 292, 301, 319, 321, 335, 341, 346, 353, 354, 360, 376, 417, 448, 480, 556, 559, 734, 773, 789, 814, 834, 944, 969, 1018, ]
[9, 26, 33, 47, 52, 126, 137, 140, 145, 162, 165, 166, 169, 171, 180, 209, 216, 227, 231, 247, 254, 264, 271, 272, 281, 282, 304, 305, 319, 326, 330, 336, 337, 340, 366, 383, 385, 394, 399, 412, 414, 428, 451, 456, 463, 485, 488, 489, 493, 497, 507, 518, 527, 530, 531, 552, 557, 574, 580, 582, 588, 593, 595, 605, 613, 616, 624, 654, 655, 679, 680, 686, 695, 708, 712, 720, 739, 742, 746, 752, 758, 760, 769, 781, 783, 867, 896, 906, 910, 913, 924, 956, 966, 995, 1006, 1022, ]
[0, 25, 27, 64, 116, 133, 201, 266, 281, 291, 297, 307, 319, 326, 331, 368, 373, 389, 393, 398, 402, 408, 426, 430, 436, 439, 455, 490, 495, 515, 520, 524, 536, 560, 570, 618, 653, 663, 697, 711, 740, 741, 744, 746, 796, 852, 872, 928, 987, 988, 994, 1015, 1023, ]
[5, 18, 26, 27, 28, 29, 52, 135, 156, 175, 202, 212, 229, 250, 259, 299, 306, 314, 344, 360, 367, 369, 371, 376, 377, 406, 407, 425, 429, 435, 442, 443, 462, 465, 466, 483, 487, 494, 495, 496, 505, 520, 527, 530, 535, 536, 561, 571, 592, 603, 615, 626, 638, 663, 665, 676, 678, 743, 753, 772, 775, 794, 798, 862, 864, 868, 869, 896, 902, 928, 929, 945, 961, 968, 986, 1000, 1008, 1011, ]
[4, 17, 19, 24, 41, 63, 118, 119, 122, 150, 157, 159, 165, 181, 187, 195, 199, 201, 215, 227, 237, 238, 246, 248, 265, 267, 279, 280, 287, 292, 311, 312, 313, 315, 323, 337, 345, 347, 348, 349, 359, 395, 404, 412, 420, 423, 424, 435, 453, 466, 487, 494, 502, 506, 529, 532, 541, 562, 567, 595, 632, 656, 710, 713, 740, 760, 766, 774, 791, 793, 798, 829, 839, 856, 858, 867, 888, 894, 901, 913, 960, 979, 986, 989, 996, 1003, 1010, 1012, ]
[0, 3, 4, 18, 20, 42, 50, 61, 77, 136, 139, 166, 169, 192, 196, 200, 206, 210, 228, 229, 248, 252, 260, 264, 266, 298, 299, 303, 307, 309, 324, 341, 344, 358, 360, 369, 403, 409, 412, 420, 434, 435, 467, 470, 493, 496, 500, 508, 520, 528, 536, 552, 560, 561, 566, 572, 587, 598, 612, 615, 627, 634, 636, 676, 694, 708, 709, 718, 742, 743, 747, 757, 794, 807, 811, 816, 824, 836, 837, 865, 871, 890, 925, 949, 967, 969, 991, 992, ]
[12, 15, 28, 57, 105, 114, 129, 139, 154, 166, 169, 202, 213, 216, 223, 229, 235, 237, 265, 273, 277, 282, 284, 306, 311, 312, 327, 340, 358, 375, 378, 381, 389, 408, 409, 433, 434, 436, 446, 462, 464, 492, 499, 516, 518, 534, 544, 547, 554, 557, 561, 565, 569, 571, 581, 594, 631, 702, 712, 731, 743, 744, 769, 788, 804, 808, 809, 825, 832, 835, 837, 843, 864, 865, 896, 897, 900, 926, 929, 930, 938, 945, 953, 969, 995, ]
[25, 26, 60, 69, 72, 74, 81, 105, 108, 116, 117, 140, 181, 191, 209, 228, 231, 241, 247, 252, 254, 256, 261, 281, 295, 298, 309, 312, 325, 346, 372, 380, 381, 389, 397, 401, 420, 434, 438, 441, 442, 446, 495, 497, 510, 532, 534, 535, 561, 565, 568, 578, 588, 623, 676, 679, 768, 769, 835, 837, 873, 903, 911, 956, 959, 966, 990, 1009, ]