5.093000000000000000e+03
1.009100000000000000e+04
2.046000000000000000e+03
7.768000000000000000e+03
7.757000000000000000e+03
8.486000000000000000e+03
9.153000000000000000e+03
6.500000000000000000e+01
4.580000000000000000e+02
7.335000000000000000e+03
6.649000000000000000e+03
6.022000000000000000e+03
3.027000000000000000e+03
8.880000000000000000e+03
5.261000000000000000e+03
1.061200000000000000e+04
3.610000000000000000e+02
3.834000000000000000e+03
1.114300000000000000e+04
6.230000000000000000e+03
5.022000000000000000e+03
6.772000000000000000e+03
3.742000000000000000e+03
1.329000000000000000e+03
8.082000000000000000e+03
3.406000000000000000e+03
8.010000000000000000e+03
1.009200000000000000e+04
9.743000000000000000e+03
1.016800000000000000e+04
8.013000000000000000e+03
8.781000000000000000e+03
1.012400000000000000e+04
1.030500000000000000e+04
9.613000000000000000e+03
1.041300000000000000e+04
1.351000000000000000e+03
9.076000000000000000e+03
8.030000000000000000e+02
4.368000000000000000e+03
6.078000000000000000e+03
6.547000000000000000e+03
9.396000000000000000e+03
8.031000000000000000e+03
9.356000000000000000e+03
5.900000000000000000e+03
6.911000000000000000e+03
5.104000000000000000e+03
4.267000000000000000e+03
9.448000000000000000e+03
