1.870000000000000000e+03
3.817000000000000000e+03
2.975000000000000000e+03
3.818000000000000000e+03
1.140000000000000000e+03
4.240000000000000000e+03
4.419000000000000000e+03
1.304000000000000000e+03
1.597000000000000000e+03
2.471000000000000000e+03
1.290000000000000000e+03
8.840000000000000000e+02
4.030000000000000000e+03
3.337000000000000000e+03
6.900000000000000000e+02
3.077000000000000000e+03
4.423000000000000000e+03
1.812000000000000000e+03
8.900000000000000000e+01
1.037000000000000000e+03
3.769000000000000000e+03
8.640000000000000000e+02
5.540000000000000000e+02
8.180000000000000000e+02
7.380000000000000000e+02
2.534000000000000000e+03
3.100000000000000000e+01
5.020000000000000000e+02
1.955000000000000000e+03
1.000000000000000000e+02
1.280000000000000000e+02
1.755000000000000000e+03
3.992000000000000000e+03
2.858000000000000000e+03
4.260000000000000000e+02
4.009000000000000000e+03
4.020000000000000000e+03
2.465000000000000000e+03
6.190000000000000000e+02
4.345000000000000000e+03
1.194000000000000000e+03
4.369000000000000000e+03
3.954000000000000000e+03
4.156000000000000000e+03
2.320000000000000000e+03
2.932000000000000000e+03
3.384000000000000000e+03
1.544000000000000000e+03
3.542000000000000000e+03
2.770000000000000000e+02
