1.870000000000000000e+03
3.817000000000000000e+03
2.975000000000000000e+03
3.299000000000000000e+03
4.020000000000000000e+03
4.240000000000000000e+03
8.840000000000000000e+02
4.279000000000000000e+03
4.204000000000000000e+03
5.000000000000000000e+00
3.020000000000000000e+03
7.380000000000000000e+02
1.194000000000000000e+03
3.790000000000000000e+02
2.292000000000000000e+03
3.908000000000000000e+03
8.500000000000000000e+01
3.384000000000000000e+03
2.811000000000000000e+03
4.419000000000000000e+03
3.614000000000000000e+03
9.800000000000000000e+02
2.650000000000000000e+03
3.337000000000000000e+03
4.369000000000000000e+03
1.416000000000000000e+03
2.858000000000000000e+03
5.540000000000000000e+02
6.190000000000000000e+02
1.131000000000000000e+03
3.615000000000000000e+03
4.424000000000000000e+03
3.670000000000000000e+03
3.434000000000000000e+03
4.156000000000000000e+03
3.632000000000000000e+03
3.992000000000000000e+03
2.842000000000000000e+03
2.870000000000000000e+03
7.290000000000000000e+02
2.534000000000000000e+03
4.280000000000000000e+03
3.044000000000000000e+03
4.030000000000000000e+03
1.966000000000000000e+03
3.700000000000000000e+02
1.438000000000000000e+03
3.159000000000000000e+03
7.390000000000000000e+02
2.499000000000000000e+03
