3.280000000000000000e+02
2.140000000000000000e+02
3.040000000000000000e+02
3.290000000000000000e+02
3.270000000000000000e+02
3.260000000000000000e+02
4.390000000000000000e+02
2.330000000000000000e+02
8.900000000000000000e+01
3.300000000000000000e+02
3.070000000000000000e+02
2.000000000000000000e+02
4.900000000000000000e+01
6.200000000000000000e+01
1.630000000000000000e+02
3.250000000000000000e+02
2.050000000000000000e+02
4.500000000000000000e+01
3.370000000000000000e+02
2.480000000000000000e+02
3.130000000000000000e+02
5.400000000000000000e+01
6.900000000000000000e+01
1.640000000000000000e+02
3.380000000000000000e+02
2.940000000000000000e+02
3.230000000000000000e+02
5.200000000000000000e+01
1.970000000000000000e+02
3.360000000000000000e+02
3.340000000000000000e+02
1.850000000000000000e+02
2.040000000000000000e+02
1.620000000000000000e+02
4.440000000000000000e+02
3.180000000000000000e+02
1.550000000000000000e+02
1.740000000000000000e+02
3.330000000000000000e+02
6.000000000000000000e+01
3.220000000000000000e+02
4.800000000000000000e+01
1.730000000000000000e+02
4.420000000000000000e+02
3.820000000000000000e+02
3.670000000000000000e+02
7.000000000000000000e+01
3.540000000000000000e+02
2.130000000000000000e+02
3.240000000000000000e+02
