2.419000000000000000e+03
1.665000000000000000e+03
1.000000000000000000e+02
1.778000000000000000e+03
2.199000000000000000e+03
7.280000000000000000e+02
6.200000000000000000e+02
1.640000000000000000e+02
2.309000000000000000e+03
1.308000000000000000e+03
1.101000000000000000e+03
5.300000000000000000e+01
2.307000000000000000e+03
2.190000000000000000e+02
2.364000000000000000e+03
1.720000000000000000e+03
1.151000000000000000e+03
5.690000000000000000e+02
2.363000000000000000e+03
3.850000000000000000e+02
6.780000000000000000e+02
2.414000000000000000e+03
1.299000000000000000e+03
9.900000000000000000e+01
2.198000000000000000e+03
7.300000000000000000e+02
2.418000000000000000e+03
6.730000000000000000e+02
2.306000000000000000e+03
1.040000000000000000e+03
1.355000000000000000e+03
9.200000000000000000e+01
1.835000000000000000e+03
6.750000000000000000e+02
2.253000000000000000e+03
1.090000000000000000e+02
1.670000000000000000e+03
1.666000000000000000e+03
2.358000000000000000e+03
3.330000000000000000e+02
5.100000000000000000e+01
2.254000000000000000e+03
1.775000000000000000e+03
2.407000000000000000e+03
6.230000000000000000e+02
8.800000000000000000e+02
1.610000000000000000e+03
3.700000000000000000e+01
2.252000000000000000e+03
1.133000000000000000e+03
