2.430000000000000000e+02
8.471000000000000000e+03
5.866000000000000000e+03
9.981000000000000000e+03
9.278000000000000000e+03
2.529000000000000000e+03
8.000000000000000000e+02
6.294000000000000000e+03
2.643000000000000000e+03
9.923000000000000000e+03
7.733000000000000000e+03
1.000000000000000000e+03
7.520000000000000000e+03
8.652000000000000000e+03
3.780000000000000000e+03
6.139000000000000000e+03
7.650000000000000000e+02
9.995000000000000000e+03
4.591000000000000000e+03
7.887000000000000000e+03
1.605000000000000000e+03
9.487000000000000000e+03
4.967000000000000000e+03
1.521000000000000000e+03
3.577000000000000000e+03
6.600000000000000000e+02
2.603000000000000000e+03
4.030000000000000000e+02
6.501000000000000000e+03
6.000000000000000000e+00
4.322000000000000000e+03
2.696000000000000000e+03
8.935000000000000000e+03
5.630000000000000000e+03
5.192000000000000000e+03
7.561000000000000000e+03
2.154000000000000000e+03
5.023000000000000000e+03
9.388000000000000000e+03
7.645000000000000000e+03
8.316000000000000000e+03
8.136000000000000000e+03
9.368000000000000000e+03
4.754000000000000000e+03
9.821000000000000000e+03
5.084000000000000000e+03
5.495000000000000000e+03
7.800000000000000000e+03
2.955000000000000000e+03
5.074000000000000000e+03
