1.670000000000000000e+03
8.316000000000000000e+03
4.030000000000000000e+02
6.501000000000000000e+03
6.600000000000000000e+02
1.060000000000000000e+02
5.183000000000000000e+03
2.603000000000000000e+03
7.800000000000000000e+03
4.322000000000000000e+03
4.839000000000000000e+03
5.192000000000000000e+03
5.630000000000000000e+03
2.154000000000000000e+03
6.000000000000000000e+00
2.932000000000000000e+03
7.111000000000000000e+03
9.368000000000000000e+03
4.191000000000000000e+03
8.600000000000000000e+01
2.639000000000000000e+03
4.868000000000000000e+03
7.524000000000000000e+03
6.145000000000000000e+03
3.381000000000000000e+03
3.442000000000000000e+03
2.408000000000000000e+03
7.747000000000000000e+03
9.586000000000000000e+03
4.350000000000000000e+02
2.841000000000000000e+03
9.995000000000000000e+03
3.780000000000000000e+03
8.652000000000000000e+03
7.650000000000000000e+02
5.872000000000000000e+03
2.430000000000000000e+02
8.550000000000000000e+03
1.453000000000000000e+03
4.967000000000000000e+03
5.991000000000000000e+03
7.073000000000000000e+03
9.487000000000000000e+03
2.372000000000000000e+03
7.887000000000000000e+03
1.605000000000000000e+03
3.147000000000000000e+03
5.495000000000000000e+03
7.561000000000000000e+03
2.955000000000000000e+03
