2.430000000000000000e+02
8.550000000000000000e+03
1.521000000000000000e+03
4.967000000000000000e+03
5.991000000000000000e+03
7.074000000000000000e+03
4.653000000000000000e+03
8.359000000000000000e+03
4.350000000000000000e+02
9.134000000000000000e+03
7.747000000000000000e+03
9.586000000000000000e+03
8.500000000000000000e+01
2.408000000000000000e+03
6.294000000000000000e+03
7.733000000000000000e+03
9.981000000000000000e+03
8.000000000000000000e+02
2.529000000000000000e+03
9.278000000000000000e+03
3.274000000000000000e+03
2.468000000000000000e+03
6.268000000000000000e+03
6.125000000000000000e+03
9.995000000000000000e+03
7.520000000000000000e+03
8.652000000000000000e+03
3.780000000000000000e+03
6.347000000000000000e+03
2.372000000000000000e+03
6.600000000000000000e+02
3.577000000000000000e+03
4.668000000000000000e+03
9.070000000000000000e+03
5.872000000000000000e+03
7.650000000000000000e+02
4.116000000000000000e+03
2.345000000000000000e+03
7.244000000000000000e+03
7.524000000000000000e+03
7.173000000000000000e+03
1.999000000000000000e+03
5.674000000000000000e+03
9.452000000000000000e+03
7.800000000000000000e+03
9.832000000000000000e+03
1.812000000000000000e+03
2.170000000000000000e+02
6.000000000000000000e+00
2.932000000000000000e+03
