7.768000000000000000e+03
1.012400000000000000e+04
5.093000000000000000e+03
1.009100000000000000e+04
7.686000000000000000e+03
1.009200000000000000e+04
5.540000000000000000e+02
7.335000000000000000e+03
3.610000000000000000e+02
9.250000000000000000e+03
9.138000000000000000e+03
9.153000000000000000e+03
1.011400000000000000e+04
6.849000000000000000e+03
8.482000000000000000e+03
6.191000000000000000e+03
6.238000000000000000e+03
3.113000000000000000e+03
6.280000000000000000e+02
3.410000000000000000e+02
1.090300000000000000e+04
5.379000000000000000e+03
7.836000000000000000e+03
5.395000000000000000e+03
2.871000000000000000e+03
4.329000000000000000e+03
6.318000000000000000e+03
4.652000000000000000e+03
1.114300000000000000e+04
8.660000000000000000e+02
1.128000000000000000e+03
9.840000000000000000e+02
1.107000000000000000e+04
9.882000000000000000e+03
6.500000000000000000e+01
1.114200000000000000e+04
6.464000000000000000e+03
9.974000000000000000e+03
8.518000000000000000e+03
5.104000000000000000e+03
8.199000000000000000e+03
3.834000000000000000e+03
1.334000000000000000e+03
7.180000000000000000e+02
3.996000000000000000e+03
2.467000000000000000e+03
3.393000000000000000e+03
5.031000000000000000e+03
1.092700000000000000e+04
4.301000000000000000e+03
