7.768000000000000000e+03
3.113000000000000000e+03
2.046000000000000000e+03
1.017800000000000000e+04
1.945000000000000000e+03
1.053400000000000000e+04
3.315000000000000000e+03
6.837000000000000000e+03
3.610000000000000000e+02
9.187000000000000000e+03
5.337000000000000000e+03
4.500000000000000000e+02
3.849000000000000000e+03
3.007000000000000000e+03
1.065100000000000000e+04
9.882000000000000000e+03
7.090000000000000000e+03
1.128000000000000000e+03
1.009200000000000000e+04
1.114300000000000000e+04
7.542000000000000000e+03
5.833000000000000000e+03
9.153000000000000000e+03
1.679000000000000000e+03
2.280000000000000000e+03
5.740000000000000000e+02
5.395000000000000000e+03
2.870000000000000000e+03
2.591000000000000000e+03
2.480000000000000000e+03
7.335000000000000000e+03
8.031000000000000000e+03
1.842000000000000000e+03
1.123400000000000000e+04
6.496000000000000000e+03
5.104000000000000000e+03
7.165000000000000000e+03
6.579000000000000000e+03
3.368000000000000000e+03
3.385000000000000000e+03
7.289000000000000000e+03
2.467000000000000000e+03
5.262000000000000000e+03
1.114200000000000000e+04
6.464000000000000000e+03
6.163000000000000000e+03
5.449000000000000000e+03
9.422000000000000000e+03
7.686000000000000000e+03
1.009100000000000000e+04
