2.046000000000000000e+03
6.324000000000000000e+03
1.945000000000000000e+03
3.113000000000000000e+03
6.762000000000000000e+03
5.104000000000000000e+03
7.335000000000000000e+03
8.031000000000000000e+03
4.099000000000000000e+03
1.114300000000000000e+04
3.610000000000000000e+02
9.250000000000000000e+03
9.511000000000000000e+03
6.127000000000000000e+03
1.936000000000000000e+03
8.799000000000000000e+03
9.153000000000000000e+03
1.679000000000000000e+03
2.280000000000000000e+03
7.768000000000000000e+03
2.465000000000000000e+03
1.009200000000000000e+04
6.649000000000000000e+03
3.834000000000000000e+03
4.832000000000000000e+03
5.093000000000000000e+03
8.948000000000000000e+03
1.114200000000000000e+04
6.464000000000000000e+03
5.884000000000000000e+03
1.011700000000000000e+04
4.307000000000000000e+03
3.996000000000000000e+03
8.834000000000000000e+03
9.674000000000000000e+03
5.740000000000000000e+02
4.329000000000000000e+03
5.495000000000000000e+03
5.379000000000000000e+03
6.911000000000000000e+03
9.613000000000000000e+03
9.430000000000000000e+03
4.920000000000000000e+02
6.708000000000000000e+03
9.037000000000000000e+03
7.911000000000000000e+03
1.009100000000000000e+04
2.984000000000000000e+03
6.347000000000000000e+03
3.930000000000000000e+02
