7.768000000000000000e+03
7.335000000000000000e+03
8.031000000000000000e+03
1.842000000000000000e+03
1.945000000000000000e+03
9.138000000000000000e+03
9.153000000000000000e+03
1.679000000000000000e+03
1.967000000000000000e+03
4.920000000000000000e+02
9.250000000000000000e+03
3.610000000000000000e+02
2.613000000000000000e+03
1.017800000000000000e+04
2.046000000000000000e+03
1.019500000000000000e+04
8.712000000000000000e+03
1.047400000000000000e+04
5.740000000000000000e+02
1.880000000000000000e+03
8.046000000000000000e+03
7.350000000000000000e+02
6.240000000000000000e+02
6.911000000000000000e+03
9.613000000000000000e+03
4.484000000000000000e+03
5.540000000000000000e+02
9.700000000000000000e+03
5.093000000000000000e+03
1.009100000000000000e+04
7.393000000000000000e+03
1.009200000000000000e+04
6.649000000000000000e+03
9.931000000000000000e+03
1.114300000000000000e+04
1.936000000000000000e+03
1.037000000000000000e+03
6.035000000000000000e+03
1.263000000000000000e+03
1.056800000000000000e+04
1.050000000000000000e+02
2.915000000000000000e+03
8.380000000000000000e+03
5.893000000000000000e+03
3.742000000000000000e+03
1.868000000000000000e+03
7.708000000000000000e+03
2.280000000000000000e+03
2.467000000000000000e+03
7.850000000000000000e+03
