1.870000000000000000e+03
9.750000000000000000e+02
4.970000000000000000e+02
2.541000000000000000e+03
9.020000000000000000e+02
4.240000000000000000e+03
1.659000000000000000e+03
3.387000000000000000e+03
5.000000000000000000e+00
3.307000000000000000e+03
1.604000000000000000e+03
3.359000000000000000e+03
4.096000000000000000e+03
2.644000000000000000e+03
1.014000000000000000e+03
2.668000000000000000e+03
1.339000000000000000e+03
7.400000000000000000e+02
1.929000000000000000e+03
4.433000000000000000e+03
4.278000000000000000e+03
2.858000000000000000e+03
3.270000000000000000e+03
1.485000000000000000e+03
4.030000000000000000e+03
2.718000000000000000e+03
3.255000000000000000e+03
4.279000000000000000e+03
1.297000000000000000e+03
8.640000000000000000e+02
3.600000000000000000e+01
3.323000000000000000e+03
2.410000000000000000e+03
1.348000000000000000e+03
1.175000000000000000e+03
2.584000000000000000e+03
1.829000000000000000e+03
3.574000000000000000e+03
2.618000000000000000e+03
4.281000000000000000e+03
9.410000000000000000e+02
2.394000000000000000e+03
1.056000000000000000e+03
1.145000000000000000e+03
3.817000000000000000e+03
4.369000000000000000e+03
1.131000000000000000e+03
1.171000000000000000e+03
3.158000000000000000e+03
1.004000000000000000e+03
