1.870000000000000000e+03
3.817000000000000000e+03
4.182000000000000000e+03
1.544000000000000000e+03
8.550000000000000000e+02
4.424000000000000000e+03
1.449000000000000000e+03
4.240000000000000000e+03
1.131000000000000000e+03
1.171000000000000000e+03
3.224000000000000000e+03
7.470000000000000000e+02
1.385000000000000000e+03
3.337000000000000000e+03
3.271000000000000000e+03
9.090000000000000000e+02
3.880000000000000000e+02
8.800000000000000000e+01
6.190000000000000000e+02
8.460000000000000000e+02
1.601000000000000000e+03
1.280000000000000000e+02
2.664000000000000000e+03
1.175000000000000000e+03
2.549000000000000000e+03
2.446000000000000000e+03
1.500000000000000000e+02
1.980000000000000000e+03
1.676000000000000000e+03
1.626000000000000000e+03
3.160000000000000000e+03
1.830000000000000000e+03
2.858000000000000000e+03
3.270000000000000000e+03
4.156000000000000000e+03
8.500000000000000000e+01
1.792000000000000000e+03
3.908000000000000000e+03
3.790000000000000000e+02
2.384000000000000000e+03
1.037000000000000000e+03
8.840000000000000000e+02
3.600000000000000000e+01
8.640000000000000000e+02
3.424000000000000000e+03
4.379000000000000000e+03
2.199000000000000000e+03
3.792000000000000000e+03
3.769000000000000000e+03
3.020000000000000000e+03
