1.870000000000000000e+03
3.817000000000000000e+03
1.541000000000000000e+03
2.811000000000000000e+03
5.000000000000000000e+00
1.296000000000000000e+03
4.020000000000000000e+03
3.244000000000000000e+03
4.130000000000000000e+02
1.131000000000000000e+03
3.880000000000000000e+02
1.500000000000000000e+02
1.980000000000000000e+03
3.561000000000000000e+03
1.194000000000000000e+03
4.156000000000000000e+03
8.500000000000000000e+01
1.792000000000000000e+03
4.279000000000000000e+03
2.472000000000000000e+03
3.729000000000000000e+03
1.279000000000000000e+03
3.902000000000000000e+03
5.700000000000000000e+01
2.797000000000000000e+03
3.949000000000000000e+03
3.152000000000000000e+03
1.799000000000000000e+03
2.584000000000000000e+03
1.346000000000000000e+03
3.020000000000000000e+03
1.077000000000000000e+03
1.604000000000000000e+03
2.632000000000000000e+03
3.055000000000000000e+03
6.190000000000000000e+02
3.237000000000000000e+03
2.242000000000000000e+03
3.769000000000000000e+03
1.014000000000000000e+03
2.114000000000000000e+03
2.521000000000000000e+03
3.511000000000000000e+03
4.345000000000000000e+03
3.488000000000000000e+03
1.992000000000000000e+03
3.852000000000000000e+03
3.954000000000000000e+03
2.801000000000000000e+03
4.200000000000000000e+01
