1.870000000000000000e+03
3.386000000000000000e+03
4.423000000000000000e+03
1.014000000000000000e+03
3.400000000000000000e+02
1.713000000000000000e+03
1.329000000000000000e+03
3.992000000000000000e+03
1.709000000000000000e+03
1.346000000000000000e+03
2.584000000000000000e+03
2.766000000000000000e+03
1.950000000000000000e+03
1.631000000000000000e+03
1.626000000000000000e+03
3.817000000000000000e+03
4.369000000000000000e+03
2.410000000000000000e+03
3.020000000000000000e+03
5.000000000000000000e+00
1.296000000000000000e+03
4.020000000000000000e+03
2.880000000000000000e+03
3.954000000000000000e+03
2.870000000000000000e+03
3.786000000000000000e+03
1.503000000000000000e+03
3.792000000000000000e+03
2.524000000000000000e+03
3.729000000000000000e+03
1.896000000000000000e+03
2.471000000000000000e+03
3.748000000000000000e+03
4.279000000000000000e+03
1.859000000000000000e+03
4.398000000000000000e+03
5.430000000000000000e+02
3.857000000000000000e+03
3.907000000000000000e+03
3.731000000000000000e+03
1.194000000000000000e+03
4.346000000000000000e+03
2.172000000000000000e+03
1.604000000000000000e+03
1.077000000000000000e+03
2.878000000000000000e+03
1.449000000000000000e+03
3.674000000000000000e+03
3.637000000000000000e+03
1.038000000000000000e+03
