6.966000000000000000e+03
4.350000000000000000e+02
7.190000000000000000e+03
2.110000000000000000e+02
6.853000000000000000e+03
6.660000000000000000e+02
6.967000000000000000e+03
3.150000000000000000e+02
6.501000000000000000e+03
2.090000000000000000e+02
7.077000000000000000e+03
6.670000000000000000e+02
6.965000000000000000e+03
4.370000000000000000e+02
7.189000000000000000e+03
5.450000000000000000e+02
6.294000000000000000e+03
5.460000000000000000e+02
3.713000000000000000e+03
1.000000000000000000e+02
7.076000000000000000e+03
5.470000000000000000e+02
6.964000000000000000e+03
8.950000000000000000e+02
6.851000000000000000e+03
5.530000000000000000e+02
6.854000000000000000e+03
7.770000000000000000e+02
6.629000000000000000e+03
8.910000000000000000e+02
6.516000000000000000e+03
8.900000000000000000e+02
6.628000000000000000e+03
6.680000000000000000e+02
6.852000000000000000e+03
6.690000000000000000e+02
5.730000000000000000e+03
5.590000000000000000e+02
6.627000000000000000e+03
1.005000000000000000e+03
6.517000000000000000e+03
9.800000000000000000e+01
6.742000000000000000e+03
3.160000000000000000e+02
6.613000000000000000e+03
4.000000000000000000e+00
6.389000000000000000e+03
5.000000000000000000e+00
7.287000000000000000e+03
9.972000000000000000e+03
