6.966000000000000000e+03
4.370000000000000000e+02
6.965000000000000000e+03
8.950000000000000000e+02
7.189000000000000000e+03
6.670000000000000000e+02
7.077000000000000000e+03
2.090000000000000000e+02
7.190000000000000000e+03
2.110000000000000000e+02
6.967000000000000000e+03
7.282000000000000000e+03
6.404000000000000000e+03
9.507000000000000000e+03
6.852000000000000000e+03
9.281000000000000000e+03
7.078000000000000000e+03
9.621000000000000000e+03
6.964000000000000000e+03
9.506000000000000000e+03
7.076000000000000000e+03
9.395000000000000000e+03
7.191000000000000000e+03
6.660000000000000000e+02
6.853000000000000000e+03
9.600000000000000000e+01
6.294000000000000000e+03
4.270000000000000000e+02
5.845000000000000000e+03
7.281000000000000000e+03
6.184000000000000000e+03
6.944000000000000000e+03
6.070000000000000000e+03
7.170000000000000000e+03
6.071000000000000000e+03
7.394000000000000000e+03
6.408000000000000000e+03
7.169000000000000000e+03
5.396000000000000000e+03
7.057000000000000000e+03
5.284000000000000000e+03
3.160000000000000000e+02
4.716000000000000000e+03
4.350000000000000000e+02
7.415000000000000000e+03
9.282000000000000000e+03
7.414000000000000000e+03
3.150000000000000000e+02
6.517000000000000000e+03
9.800000000000000000e+01
