6.966000000000000000e+03
6.660000000000000000e+02
6.967000000000000000e+03
6.670000000000000000e+02
6.965000000000000000e+03
4.370000000000000000e+02
7.190000000000000000e+03
7.670000000000000000e+02
6.294000000000000000e+03
2.110000000000000000e+02
6.630000000000000000e+03
7.281000000000000000e+03
6.632000000000000000e+03
9.600000000000000000e+01
6.853000000000000000e+03
8.950000000000000000e+02
7.077000000000000000e+03
9.281000000000000000e+03
7.078000000000000000e+03
9.506000000000000000e+03
6.964000000000000000e+03
6.710000000000000000e+02
9.864000000000000000e+03
7.287000000000000000e+03
1.019200000000000000e+04
1.581000000000000000e+03
9.751000000000000000e+03
7.512000000000000000e+03
5.510000000000000000e+03
7.618000000000000000e+03
6.071000000000000000e+03
7.170000000000000000e+03
6.070000000000000000e+03
7.168000000000000000e+03
5.845000000000000000e+03
7.169000000000000000e+03
6.183000000000000000e+03
9.198000000000000000e+03
6.180000000000000000e+03
5.540000000000000000e+02
6.629000000000000000e+03
5.560000000000000000e+02
6.854000000000000000e+03
8.940000000000000000e+02
6.516000000000000000e+03
8.900000000000000000e+02
6.404000000000000000e+03
6.680000000000000000e+02
6.628000000000000000e+03
7.780000000000000000e+02
