6.966000000000000000e+03
4.370000000000000000e+02
7.190000000000000000e+03
2.110000000000000000e+02
6.853000000000000000e+03
9.600000000000000000e+01
7.077000000000000000e+03
6.710000000000000000e+02
7.189000000000000000e+03
6.670000000000000000e+02
6.965000000000000000e+03
8.950000000000000000e+02
6.854000000000000000e+03
9.281000000000000000e+03
7.078000000000000000e+03
9.282000000000000000e+03
7.415000000000000000e+03
4.350000000000000000e+02
6.967000000000000000e+03
6.660000000000000000e+02
6.628000000000000000e+03
8.910000000000000000e+02
6.516000000000000000e+03
8.900000000000000000e+02
6.740000000000000000e+03
3.150000000000000000e+02
6.501000000000000000e+03
3.160000000000000000e+02
6.294000000000000000e+03
4.240000000000000000e+02
6.181000000000000000e+03
2.090000000000000000e+02
5.730000000000000000e+03
9.618000000000000000e+03
8.940000000000000000e+02
9.727000000000000000e+03
6.964000000000000000e+03
9.506000000000000000e+03
7.076000000000000000e+03
9.621000000000000000e+03
6.852000000000000000e+03
9.507000000000000000e+03
7.191000000000000000e+03
9.620000000000000000e+03
6.403000000000000000e+03
7.282000000000000000e+03
5.845000000000000000e+03
7.168000000000000000e+03
5.955000000000000000e+03
7.281000000000000000e+03
