2.585000000000000000e+03
4.932000000000000000e+03
2.710000000000000000e+03
2.133000000000000000e+03
4.646000000000000000e+03
1.664000000000000000e+03
4.959000000000000000e+03
2.407000000000000000e+03
1.815000000000000000e+03
2.461000000000000000e+03
3.919000000000000000e+03
4.203000000000000000e+03
4.107000000000000000e+03
2.188000000000000000e+03
5.387000000000000000e+03
4.237000000000000000e+03
4.542000000000000000e+03
2.816000000000000000e+03
4.880000000000000000e+03
4.685000000000000000e+03
3.660000000000000000e+03
1.971000000000000000e+03
4.162000000000000000e+03
1.348000000000000000e+03
4.283000000000000000e+03
3.077000000000000000e+03
2.722000000000000000e+03
5.742000000000000000e+03
4.155000000000000000e+03
5.770000000000000000e+03
3.358000000000000000e+03
2.965000000000000000e+03
5.171000000000000000e+03
2.780000000000000000e+03
3.648000000000000000e+03
4.522000000000000000e+03
4.842000000000000000e+03
5.565000000000000000e+03
3.845000000000000000e+03
3.538000000000000000e+03
3.961000000000000000e+03
4.338000000000000000e+03
2.679000000000000000e+03
3.257000000000000000e+03
2.488000000000000000e+03
1.973000000000000000e+03
3.762000000000000000e+03
4.977000000000000000e+03
1.790000000000000000e+03
3.449000000000000000e+03
