2.585000000000000000e+03
4.532000000000000000e+03
2.710000000000000000e+03
4.087000000000000000e+03
4.237000000000000000e+03
3.380000000000000000e+03
4.646000000000000000e+03
2.553000000000000000e+03
1.815000000000000000e+03
5.556000000000000000e+03
4.107000000000000000e+03
3.914000000000000000e+03
4.162000000000000000e+03
4.235000000000000000e+03
1.522000000000000000e+03
4.980000000000000000e+02
3.845000000000000000e+03
5.069000000000000000e+03
4.685000000000000000e+03
1.832000000000000000e+03
4.959000000000000000e+03
4.261000000000000000e+03
2.488000000000000000e+03
4.720000000000000000e+03
4.283000000000000000e+03
3.077000000000000000e+03
3.492000000000000000e+03
4.793000000000000000e+03
2.188000000000000000e+03
5.183000000000000000e+03
4.123000000000000000e+03
8.000000000000000000e+01
4.942000000000000000e+03
2.965000000000000000e+03
2.679000000000000000e+03
3.257000000000000000e+03
3.762000000000000000e+03
4.977000000000000000e+03
1.790000000000000000e+03
3.449000000000000000e+03
4.842000000000000000e+03
3.950000000000000000e+02
3.044000000000000000e+03
1.739000000000000000e+03
3.648000000000000000e+03
3.668000000000000000e+03
1.493000000000000000e+03
2.451000000000000000e+03
5.171000000000000000e+03
3.620000000000000000e+03
