2.585000000000000000e+03
5.161000000000000000e+03
4.107000000000000000e+03
2.188000000000000000e+03
4.959000000000000000e+03
4.275000000000000000e+03
4.646000000000000000e+03
3.988000000000000000e+03
2.710000000000000000e+03
4.087000000000000000e+03
4.237000000000000000e+03
4.793000000000000000e+03
3.170000000000000000e+03
3.077000000000000000e+03
4.842000000000000000e+03
3.786000000000000000e+03
4.155000000000000000e+03
5.742000000000000000e+03
4.942000000000000000e+03
1.815000000000000000e+03
4.967000000000000000e+03
4.162000000000000000e+03
1.348000000000000000e+03
2.400000000000000000e+03
2.461000000000000000e+03
3.076000000000000000e+03
4.685000000000000000e+03
2.550000000000000000e+03
3.620000000000000000e+03
2.679000000000000000e+03
3.257000000000000000e+03
4.123000000000000000e+03
3.275000000000000000e+03
3.358000000000000000e+03
3.660000000000000000e+03
1.971000000000000000e+03
2.965000000000000000e+03
3.724000000000000000e+03
4.832000000000000000e+03
5.171000000000000000e+03
3.134000000000000000e+03
4.283000000000000000e+03
2.430000000000000000e+03
4.592000000000000000e+03
3.973000000000000000e+03
1.522000000000000000e+03
4.450000000000000000e+03
3.950000000000000000e+02
1.964000000000000000e+03
4.389000000000000000e+03
