3.270000000000000000e+02
3.820000000000000000e+02
3.280000000000000000e+02
8.900000000000000000e+01
3.290000000000000000e+02
3.070000000000000000e+02
3.260000000000000000e+02
3.040000000000000000e+02
3.400000000000000000e+02
1.550000000000000000e+02
3.300000000000000000e+02
3.800000000000000000e+02
3.250000000000000000e+02
5.900000000000000000e+01
2.940000000000000000e+02
4.500000000000000000e+01
2.040000000000000000e+02
4.700000000000000000e+01
2.050000000000000000e+02
3.320000000000000000e+02
4.350000000000000000e+02
3.310000000000000000e+02
2.310000000000000000e+02
6.000000000000000000e+01
3.230000000000000000e+02
7.300000000000000000e+01
3.540000000000000000e+02
2.140000000000000000e+02
3.380000000000000000e+02
2.670000000000000000e+02
1.650000000000000000e+02
2.030000000000000000e+02
1.620000000000000000e+02
6.200000000000000000e+01
3.410000000000000000e+02
2.250000000000000000e+02
3.240000000000000000e+02
2.160000000000000000e+02
3.120000000000000000e+02
1.870000000000000000e+02
1.630000000000000000e+02
2.900000000000000000e+02
2.330000000000000000e+02
3.330000000000000000e+02
2.760000000000000000e+02
1.360000000000000000e+02
1.250000000000000000e+02
6.900000000000000000e+01
1.700000000000000000e+02
1.860000000000000000e+02
