3.270000000000000000e+02
3.670000000000000000e+02
3.280000000000000000e+02
8.900000000000000000e+01
3.040000000000000000e+02
3.260000000000000000e+02
1.800000000000000000e+02
3.250000000000000000e+02
5.900000000000000000e+01
3.290000000000000000e+02
3.070000000000000000e+02
2.420000000000000000e+02
1.640000000000000000e+02
2.320000000000000000e+02
4.700000000000000000e+01
3.370000000000000000e+02
3.820000000000000000e+02
6.900000000000000000e+01
4.120000000000000000e+02
3.100000000000000000e+02
3.860000000000000000e+02
2.770000000000000000e+02
3.230000000000000000e+02
6.000000000000000000e+01
2.510000000000000000e+02
5.400000000000000000e+01
3.540000000000000000e+02
2.140000000000000000e+02
3.380000000000000000e+02
2.670000000000000000e+02
1.650000000000000000e+02
3.310000000000000000e+02
9.400000000000000000e+01
1.620000000000000000e+02
4.900000000000000000e+01
3.400000000000000000e+02
1.550000000000000000e+02
3.300000000000000000e+02
3.800000000000000000e+02
2.760000000000000000e+02
1.360000000000000000e+02
3.700000000000000000e+02
7.300000000000000000e+01
4.350000000000000000e+02
3.320000000000000000e+02
1.320000000000000000e+02
2.910000000000000000e+02
5.200000000000000000e+01
2.100000000000000000e+01
8.300000000000000000e+01
