5.234000000000000000e+03
2.717000000000000000e+03
2.232000000000000000e+03
3.500000000000000000e+01
2.665000000000000000e+03
2.013000000000000000e+03
3.674000000000000000e+03
4.517000000000000000e+03
2.543000000000000000e+03
3.760000000000000000e+02
4.243000000000000000e+03
2.653000000000000000e+03
4.306000000000000000e+03
2.138000000000000000e+03
2.781000000000000000e+03
4.652000000000000000e+03
1.478000000000000000e+03
3.745000000000000000e+03
1.264000000000000000e+03
1.480000000000000000e+02
3.598000000000000000e+03
2.075000000000000000e+03
4.548000000000000000e+03
8.490000000000000000e+02
1.789000000000000000e+03
8.480000000000000000e+02
4.348000000000000000e+03
4.095000000000000000e+03
4.425000000000000000e+03
4.730000000000000000e+02
2.643000000000000000e+03
3.689000000000000000e+03
5.700000000000000000e+01
5.256000000000000000e+03
2.967000000000000000e+03
3.335000000000000000e+03
2.552000000000000000e+03
1.771000000000000000e+03
3.191000000000000000e+03
2.730000000000000000e+02
4.363000000000000000e+03
2.054000000000000000e+03
4.338000000000000000e+03
5.380000000000000000e+03
1.470000000000000000e+03
4.202000000000000000e+03
3.952000000000000000e+03
1.736000000000000000e+03
3.471000000000000000e+03
1.141000000000000000e+03
