4.652000000000000000e+03
1.470000000000000000e+03
1.771000000000000000e+03
5.234000000000000000e+03
2.717000000000000000e+03
4.306000000000000000e+03
2.653000000000000000e+03
9.000000000000000000e+01
3.745000000000000000e+03
4.348000000000000000e+03
4.517000000000000000e+03
2.738000000000000000e+03
2.384000000000000000e+03
3.570000000000000000e+03
2.013000000000000000e+03
1.000000000000000000e+03
5.380000000000000000e+03
4.761000000000000000e+03
3.335000000000000000e+03
3.086000000000000000e+03
3.760000000000000000e+02
2.543000000000000000e+03
1.178000000000000000e+03
4.647000000000000000e+03
4.363000000000000000e+03
3.803000000000000000e+03
1.910000000000000000e+03
5.256000000000000000e+03
4.455000000000000000e+03
2.710000000000000000e+03
2.708000000000000000e+03
3.689000000000000000e+03
2.536000000000000000e+03
2.138000000000000000e+03
3.598000000000000000e+03
4.469000000000000000e+03
2.232000000000000000e+03
3.500000000000000000e+01
4.736000000000000000e+03
1.599000000000000000e+03
2.759000000000000000e+03
4.730000000000000000e+02
5.088000000000000000e+03
2.733000000000000000e+03
2.674000000000000000e+03
2.696000000000000000e+03
2.967000000000000000e+03
1.560000000000000000e+03
2.054000000000000000e+03
4.295000000000000000e+03
