4.652000000000000000e+03
3.086000000000000000e+03
2.717000000000000000e+03
4.306000000000000000e+03
2.653000000000000000e+03
5.234000000000000000e+03
4.517000000000000000e+03
3.191000000000000000e+03
1.771000000000000000e+03
2.138000000000000000e+03
3.598000000000000000e+03
3.689000000000000000e+03
2.643000000000000000e+03
3.745000000000000000e+03
2.861000000000000000e+03
2.054000000000000000e+03
4.295000000000000000e+03
2.013000000000000000e+03
1.000000000000000000e+03
5.380000000000000000e+03
1.470000000000000000e+03
2.378000000000000000e+03
3.760000000000000000e+02
4.305000000000000000e+03
5.238000000000000000e+03
3.270000000000000000e+02
1.573000000000000000e+03
3.803000000000000000e+03
1.397000000000000000e+03
9.000000000000000000e+01
8.480000000000000000e+02
2.911000000000000000e+03
5.256000000000000000e+03
4.455000000000000000e+03
3.500000000000000000e+01
2.232000000000000000e+03
1.200000000000000000e+03
4.736000000000000000e+03
4.311000000000000000e+03
4.944000000000000000e+03
4.293000000000000000e+03
2.730000000000000000e+02
2.543000000000000000e+03
3.592000000000000000e+03
4.730000000000000000e+02
5.088000000000000000e+03
2.733000000000000000e+03
2.068000000000000000e+03
5.386000000000000000e+03
3.570000000000000000e+03
