4.652000000000000000e+03
2.851000000000000000e+03
2.717000000000000000e+03
5.234000000000000000e+03
2.653000000000000000e+03
4.306000000000000000e+03
4.517000000000000000e+03
3.191000000000000000e+03
1.771000000000000000e+03
4.359000000000000000e+03
2.054000000000000000e+03
2.138000000000000000e+03
2.643000000000000000e+03
2.075000000000000000e+03
3.598000000000000000e+03
8.440000000000000000e+02
3.803000000000000000e+03
1.397000000000000000e+03
9.000000000000000000e+01
3.745000000000000000e+03
1.264000000000000000e+03
1.599000000000000000e+03
4.202000000000000000e+03
1.470000000000000000e+03
5.380000000000000000e+03
3.471000000000000000e+03
1.141000000000000000e+03
1.000000000000000000e+03
2.013000000000000000e+03
1.758000000000000000e+03
1.573000000000000000e+03
1.910000000000000000e+03
8.490000000000000000e+02
4.879000000000000000e+03
8.480000000000000000e+02
4.348000000000000000e+03
3.689000000000000000e+03
3.570000000000000000e+03
3.500000000000000000e+01
2.232000000000000000e+03
2.384000000000000000e+03
2.738000000000000000e+03
5.117000000000000000e+03
3.270000000000000000e+02
3.526000000000000000e+03
4.736000000000000000e+03
2.605000000000000000e+03
2.781000000000000000e+03
3.728000000000000000e+03
4.944000000000000000e+03
