4.652000000000000000e+03
1.478000000000000000e+03
3.745000000000000000e+03
3.570000000000000000e+03
2.717000000000000000e+03
5.234000000000000000e+03
2.653000000000000000e+03
4.306000000000000000e+03
4.517000000000000000e+03
4.348000000000000000e+03
8.480000000000000000e+02
4.380000000000000000e+03
2.138000000000000000e+03
1.378000000000000000e+03
4.730000000000000000e+02
2.911000000000000000e+03
2.013000000000000000e+03
1.000000000000000000e+03
5.380000000000000000e+03
1.470000000000000000e+03
2.378000000000000000e+03
3.760000000000000000e+02
1.789000000000000000e+03
1.599000000000000000e+03
4.736000000000000000e+03
3.500000000000000000e+01
2.232000000000000000e+03
4.469000000000000000e+03
3.803000000000000000e+03
1.910000000000000000e+03
5.256000000000000000e+03
2.696000000000000000e+03
4.702000000000000000e+03
7.170000000000000000e+02
9.000000000000000000e+01
2.384000000000000000e+03
2.738000000000000000e+03
2.054000000000000000e+03
2.543000000000000000e+03
2.710000000000000000e+03
2.318000000000000000e+03
3.335000000000000000e+03
5.445000000000000000e+03
5.173000000000000000e+03
3.471000000000000000e+03
1.141000000000000000e+03
3.080000000000000000e+02
1.771000000000000000e+03
3.191000000000000000e+03
2.730000000000000000e+02
