3.527000000000000000e+03
2.865000000000000000e+03
1.983000000000000000e+03
4.217000000000000000e+03
1.947000000000000000e+03
9.990000000000000000e+02
2.095000000000000000e+03
4.429000000000000000e+03
2.978000000000000000e+03
5.371000000000000000e+03
1.430000000000000000e+02
6.630000000000000000e+02
4.073000000000000000e+03
1.083000000000000000e+03
3.601000000000000000e+03
4.030000000000000000e+03
5.068000000000000000e+03
3.783000000000000000e+03
2.861000000000000000e+03
7.410000000000000000e+02
5.381000000000000000e+03
2.192000000000000000e+03
1.200000000000000000e+02
4.690000000000000000e+03
1.945000000000000000e+03
4.020000000000000000e+03
2.431000000000000000e+03
3.129000000000000000e+03
4.925000000000000000e+03
5.655000000000000000e+03
2.266000000000000000e+03
3.606000000000000000e+03
2.446000000000000000e+03
2.664000000000000000e+03
1.771000000000000000e+03
2.395000000000000000e+03
2.944000000000000000e+03
6.810000000000000000e+02
3.995000000000000000e+03
6.450000000000000000e+02
4.417000000000000000e+03
1.518000000000000000e+03
1.276000000000000000e+03
5.592000000000000000e+03
1.648000000000000000e+03
2.075000000000000000e+03
1.365000000000000000e+03
4.585000000000000000e+03
1.902000000000000000e+03
1.221000000000000000e+03
