3.527000000000000000e+03
2.095000000000000000e+03
4.429000000000000000e+03
1.947000000000000000e+03
4.030000000000000000e+03
3.601000000000000000e+03
1.083000000000000000e+03
4.073000000000000000e+03
5.371000000000000000e+03
1.750000000000000000e+03
1.983000000000000000e+03
4.217000000000000000e+03
2.278000000000000000e+03
1.221000000000000000e+03
5.654000000000000000e+03
1.882000000000000000e+03
9.080000000000000000e+02
5.165000000000000000e+03
2.203000000000000000e+03
1.220000000000000000e+03
4.048000000000000000e+03
4.436000000000000000e+03
1.200000000000000000e+02
2.192000000000000000e+03
4.867000000000000000e+03
3.783000000000000000e+03
2.861000000000000000e+03
7.410000000000000000e+02
2.865000000000000000e+03
6.810000000000000000e+02
2.075000000000000000e+03
2.395000000000000000e+03
5.068000000000000000e+03
9.990000000000000000e+02
2.834000000000000000e+03
9.630000000000000000e+02
1.686000000000000000e+03
2.446000000000000000e+03
2.664000000000000000e+03
7.680000000000000000e+02
1.276000000000000000e+03
4.498000000000000000e+03
1.902000000000000000e+03
5.084000000000000000e+03
1.485000000000000000e+03
1.302000000000000000e+03
5.089000000000000000e+03
1.586000000000000000e+03
1.608000000000000000e+03
5.426000000000000000e+03
