3.527000000000000000e+03
5.246000000000000000e+03
1.983000000000000000e+03
4.217000000000000000e+03
2.431000000000000000e+03
3.129000000000000000e+03
3.873000000000000000e+03
5.213000000000000000e+03
2.609000000000000000e+03
1.945000000000000000e+03
2.446000000000000000e+03
2.664000000000000000e+03
3.709000000000000000e+03
3.700000000000000000e+03
1.083000000000000000e+03
3.601000000000000000e+03
4.030000000000000000e+03
1.947000000000000000e+03
9.990000000000000000e+02
2.497000000000000000e+03
6.810000000000000000e+02
3.995000000000000000e+03
5.371000000000000000e+03
3.936000000000000000e+03
2.192000000000000000e+03
4.073000000000000000e+03
6.630000000000000000e+02
3.983000000000000000e+03
2.977000000000000000e+03
3.629000000000000000e+03
4.690000000000000000e+03
2.095000000000000000e+03
4.429000000000000000e+03
1.012000000000000000e+03
2.861000000000000000e+03
3.783000000000000000e+03
1.302000000000000000e+03
4.048000000000000000e+03
1.220000000000000000e+03
3.164000000000000000e+03
5.299000000000000000e+03
5.381000000000000000e+03
1.365000000000000000e+03
2.598000000000000000e+03
1.555000000000000000e+03
3.716000000000000000e+03
1.750000000000000000e+03
1.586000000000000000e+03
1.518000000000000000e+03
3.262000000000000000e+03
