3.527000000000000000e+03
2.865000000000000000e+03
6.810000000000000000e+02
2.095000000000000000e+03
4.429000000000000000e+03
1.947000000000000000e+03
1.083000000000000000e+03
3.601000000000000000e+03
4.030000000000000000e+03
1.946000000000000000e+03
5.371000000000000000e+03
3.700000000000000000e+03
3.709000000000000000e+03
4.097000000000000000e+03
9.990000000000000000e+02
5.068000000000000000e+03
1.518000000000000000e+03
4.776000000000000000e+03
4.419000000000000000e+03
1.200000000000000000e+02
2.192000000000000000e+03
4.073000000000000000e+03
6.630000000000000000e+02
3.983000000000000000e+03
2.609000000000000000e+03
1.945000000000000000e+03
2.977000000000000000e+03
4.867000000000000000e+03
1.983000000000000000e+03
1.302000000000000000e+03
1.485000000000000000e+03
1.168000000000000000e+03
5.654000000000000000e+03
4.844000000000000000e+03
4.569000000000000000e+03
3.995000000000000000e+03
1.648000000000000000e+03
8.700000000000000000e+02
2.861000000000000000e+03
7.410000000000000000e+02
5.036000000000000000e+03
1.220000000000000000e+03
4.048000000000000000e+03
3.789000000000000000e+03
3.129000000000000000e+03
2.431000000000000000e+03
1.555000000000000000e+03
3.783000000000000000e+03
3.936000000000000000e+03
1.276000000000000000e+03
