2.419000000000000000e+03
1.261000000000000000e+03
2.309000000000000000e+03
1.299000000000000000e+03
2.199000000000000000e+03
1.020000000000000000e+02
2.198000000000000000e+03
1.090000000000000000e+02
2.254000000000000000e+03
1.060000000000000000e+02
2.197000000000000000e+03
1.080000000000000000e+02
2.196000000000000000e+03
1.630000000000000000e+02
4.400000000000000000e+01
1.640000000000000000e+02
2.252000000000000000e+03
1.720000000000000000e+03
1.209000000000000000e+03
2.363000000000000000e+03
1.315000000000000000e+03
2.364000000000000000e+03
1.830000000000000000e+03
2.253000000000000000e+03
1.000000000000000000e+02
1.308000000000000000e+03
1.154000000000000000e+03
1.665000000000000000e+03
1.319000000000000000e+03
2.418000000000000000e+03
1.611000000000000000e+03
2.307000000000000000e+03
1.778000000000000000e+03
1.666000000000000000e+03
1.553000000000000000e+03
1.610000000000000000e+03
1.417000000000000000e+03
2.160000000000000000e+02
1.801000000000000000e+03
4.880000000000000000e+02
1.806000000000000000e+03
4.890000000000000000e+02
1.369000000000000000e+03
1.040000000000000000e+03
1.355000000000000000e+03
7.600000000000000000e+02
3.870000000000000000e+02
9.330000000000000000e+02
1.745000000000000000e+03
9.860000000000000000e+02
