2.419000000000000000e+03
1.101000000000000000e+03
2.418000000000000000e+03
1.090000000000000000e+02
2.199000000000000000e+03
1.060000000000000000e+02
2.254000000000000000e+03
2.190000000000000000e+02
2.198000000000000000e+03
1.080000000000000000e+02
2.309000000000000000e+03
1.203000000000000000e+03
2.363000000000000000e+03
1.261000000000000000e+03
2.364000000000000000e+03
1.830000000000000000e+03
2.252000000000000000e+03
1.640000000000000000e+02
2.197000000000000000e+03
1.611000000000000000e+03
2.196000000000000000e+03
1.630000000000000000e+02
4.400000000000000000e+01
2.160000000000000000e+02
2.253000000000000000e+03
1.020000000000000000e+02
4.880000000000000000e+02
1.070000000000000000e+02
2.308000000000000000e+03
1.050000000000000000e+02
5.420000000000000000e+02
1.369000000000000000e+03
1.040000000000000000e+03
2.307000000000000000e+03
1.720000000000000000e+03
1.417000000000000000e+03
1.665000000000000000e+03
2.417000000000000000e+03
1.666000000000000000e+03
1.299000000000000000e+03
1.600000000000000000e+02
1.744000000000000000e+03
9.330000000000000000e+02
1.689000000000000000e+03
4.850000000000000000e+02
5.700000000000000000e+02
8.210000000000000000e+02
7.830000000000000000e+02
9.830000000000000000e+02
7.710000000000000000e+02
