2.419000000000000000e+03
1.261000000000000000e+03
2.309000000000000000e+03
1.245000000000000000e+03
2.199000000000000000e+03
1.020000000000000000e+02
2.198000000000000000e+03
1.080000000000000000e+02
2.197000000000000000e+03
1.640000000000000000e+02
1.299000000000000000e+03
2.110000000000000000e+02
1.355000000000000000e+03
2.363000000000000000e+03
1.315000000000000000e+03
2.364000000000000000e+03
1.719000000000000000e+03
1.373000000000000000e+03
1.555000000000000000e+03
1.374000000000000000e+03
2.418000000000000000e+03
1.090000000000000000e+02
2.254000000000000000e+03
1.060000000000000000e+02
2.253000000000000000e+03
2.190000000000000000e+02
1.806000000000000000e+03
4.890000000000000000e+02
1.805000000000000000e+03
3.600000000000000000e+01
1.750000000000000000e+03
4.880000000000000000e+02
1.689000000000000000e+03
9.330000000000000000e+02
1.744000000000000000e+03
5.420000000000000000e+02
5.700000000000000000e+02
8.210000000000000000e+02
7.830000000000000000e+02
9.740000000000000000e+02
1.857000000000000000e+03
6.550000000000000000e+02
1.576000000000000000e+03
4.850000000000000000e+02
1.519000000000000000e+03
4.320000000000000000e+02
1.801000000000000000e+03
3.000000000000000000e+01
1.369000000000000000e+03
1.040000000000000000e+03
