2.419000000000000000e+03
1.261000000000000000e+03
2.309000000000000000e+03
1.090000000000000000e+02
2.199000000000000000e+03
1.060000000000000000e+02
2.198000000000000000e+03
1.080000000000000000e+02
2.254000000000000000e+03
1.020000000000000000e+02
2.253000000000000000e+03
2.190000000000000000e+02
2.252000000000000000e+03
1.640000000000000000e+02
2.197000000000000000e+03
1.050000000000000000e+02
2.308000000000000000e+03
2.407000000000000000e+03
2.363000000000000000e+03
1.040000000000000000e+03
1.369000000000000000e+03
2.364000000000000000e+03
1.774000000000000000e+03
1.413000000000000000e+03
7.600000000000000000e+02
7.830000000000000000e+02
9.740000000000000000e+02
7.280000000000000000e+02
7.060000000000000000e+02
3.870000000000000000e+02
8.740000000000000000e+02
6.730000000000000000e+02
6.470000000000000000e+02
6.060000000000000000e+02
8.630000000000000000e+02
7.170000000000000000e+02
1.176000000000000000e+03
7.180000000000000000e+02
1.026000000000000000e+03
7.720000000000000000e+02
1.095000000000000000e+03
9.900000000000000000e+02
1.151000000000000000e+03
6.200000000000000000e+02
1.048000000000000000e+03
6.750000000000000000e+02
8.120000000000000000e+02
1.666000000000000000e+03
2.418000000000000000e+03
1.315000000000000000e+03
