2.372000000000000000e+03
2.700000000000000000e+01
9.300000000000000000e+02
1.540000000000000000e+03
1.350000000000000000e+02
2.930000000000000000e+02
3.510000000000000000e+02
2.234000000000000000e+03
2.615000000000000000e+03
8.652000000000000000e+03
2.106000000000000000e+03
3.389000000000000000e+03
9.842000000000000000e+03
2.665000000000000000e+03
8.590000000000000000e+02
5.270000000000000000e+02
1.355000000000000000e+03
4.970000000000000000e+02
1.073000000000000000e+03
3.540000000000000000e+02
2.430000000000000000e+03
4.259000000000000000e+03
5.478000000000000000e+03
1.650000000000000000e+02
1.611000000000000000e+03
2.865000000000000000e+03
9.123000000000000000e+03
7.386000000000000000e+03
4.476000000000000000e+03
6.657000000000000000e+03
3.691000000000000000e+03
2.609000000000000000e+03
9.736000000000000000e+03
2.524000000000000000e+03
6.848000000000000000e+03
1.996000000000000000e+03
7.069000000000000000e+03
8.311000000000000000e+03
4.742000000000000000e+03
7.046000000000000000e+03
2.203000000000000000e+03
8.353000000000000000e+03
7.887000000000000000e+03
4.790000000000000000e+02
2.502000000000000000e+03
7.810000000000000000e+02
2.505000000000000000e+03
3.119000000000000000e+03
5.084000000000000000e+03
4.207000000000000000e+03
