7.768000000000000000e+03
8.031000000000000000e+03
9.743000000000000000e+03
1.061200000000000000e+04
5.093000000000000000e+03
3.742000000000000000e+03
2.046000000000000000e+03
1.114300000000000000e+04
4.580000000000000000e+02
8.010000000000000000e+03
6.756000000000000000e+03
3.315000000000000000e+03
8.082000000000000000e+03
7.393000000000000000e+03
6.649000000000000000e+03
5.031000000000000000e+03
3.610000000000000000e+02
1.945000000000000000e+03
1.016800000000000000e+04
5.261000000000000000e+03
7.797000000000000000e+03
6.830000000000000000e+02
9.153000000000000000e+03
4.270000000000000000e+02
5.444000000000000000e+03
1.063700000000000000e+04
4.329000000000000000e+03
7.335000000000000000e+03
1.602000000000000000e+03
6.022000000000000000e+03
1.128000000000000000e+03
8.486000000000000000e+03
7.373000000000000000e+03
4.374000000000000000e+03
5.762000000000000000e+03
4.082000000000000000e+03
2.413000000000000000e+03
6.559000000000000000e+03
1.030500000000000000e+04
6.772000000000000000e+03
8.462000000000000000e+03
4.307000000000000000e+03
8.781000000000000000e+03
2.631000000000000000e+03
3.406000000000000000e+03
5.022000000000000000e+03
7.519000000000000000e+03
9.187000000000000000e+03
6.892000000000000000e+03
6.078000000000000000e+03
