1.870000000000000000e+03
2.761000000000000000e+03
9.000000000000000000e+00
2.670000000000000000e+02
3.770000000000000000e+02
2.962000000000000000e+03
4.820000000000000000e+02
1.429000000000000000e+03
2.990000000000000000e+02
1.137000000000000000e+03
2.213000000000000000e+03
6.020000000000000000e+02
2.850000000000000000e+02
8.500000000000000000e+01
5.910000000000000000e+02
1.177000000000000000e+03
9.270000000000000000e+02
1.261000000000000000e+03
3.386000000000000000e+03
1.995000000000000000e+03
1.344000000000000000e+03
1.293000000000000000e+03
4.870000000000000000e+02
1.149000000000000000e+03
2.123000000000000000e+03
7.410000000000000000e+02
6.000000000000000000e+02
2.242000000000000000e+03
3.550000000000000000e+03
2.913000000000000000e+03
2.505000000000000000e+03
4.090000000000000000e+03
9.690000000000000000e+02
6.140000000000000000e+02
3.562000000000000000e+03
1.597000000000000000e+03
1.541000000000000000e+03
7.390000000000000000e+02
3.306000000000000000e+03
1.520000000000000000e+03
3.764000000000000000e+03
2.110000000000000000e+02
3.810000000000000000e+02
2.743000000000000000e+03
1.696000000000000000e+03
4.510000000000000000e+02
9.960000000000000000e+02
1.297000000000000000e+03
6.200000000000000000e+02
3.551000000000000000e+03
