6.966000000000000000e+03
7.077000000000000000e+03
7.190000000000000000e+03
7.189000000000000000e+03
6.965000000000000000e+03
7.076000000000000000e+03
6.964000000000000000e+03
6.854000000000000000e+03
7.078000000000000000e+03
6.853000000000000000e+03
5.845000000000000000e+03
6.852000000000000000e+03
6.967000000000000000e+03
6.404000000000000000e+03
6.294000000000000000e+03
6.710000000000000000e+02
6.501000000000000000e+03
6.403000000000000000e+03
6.741000000000000000e+03
9.864000000000000000e+03
7.900000000000000000e+02
6.700000000000000000e+02
6.613000000000000000e+03
7.415000000000000000e+03
6.629000000000000000e+03
6.293000000000000000e+03
9.857000000000000000e+03
5.621000000000000000e+03
8.854000000000000000e+03
6.855000000000000000e+03
5.580000000000000000e+02
6.660000000000000000e+02
6.851000000000000000e+03
5.730000000000000000e+03
9.000000000000000000e+00
6.389000000000000000e+03
6.182000000000000000e+03
3.390000000000000000e+02
6.405000000000000000e+03
6.516000000000000000e+03
6.740000000000000000e+03
6.406000000000000000e+03
9.524000000000000000e+03
4.450000000000000000e+02
9.956000000000000000e+03
6.518000000000000000e+03
1.019400000000000000e+04
7.191000000000000000e+03
6.628000000000000000e+03
5.570000000000000000e+02
