2.419000000000000000e+03
2.199000000000000000e+03
2.309000000000000000e+03
2.363000000000000000e+03
2.364000000000000000e+03
2.307000000000000000e+03
2.198000000000000000e+03
2.418000000000000000e+03
2.253000000000000000e+03
2.254000000000000000e+03
2.306000000000000000e+03
1.778000000000000000e+03
2.197000000000000000e+03
1.640000000000000000e+02
1.151000000000000000e+03
2.252000000000000000e+03
2.358000000000000000e+03
1.000000000000000000e+02
1.720000000000000000e+03
1.261000000000000000e+03
1.665000000000000000e+03
2.362000000000000000e+03
2.308000000000000000e+03
6.200000000000000000e+02
2.415000000000000000e+03
1.060000000000000000e+02
1.299000000000000000e+03
1.308000000000000000e+03
1.316000000000000000e+03
2.196000000000000000e+03
2.359000000000000000e+03
9.200000000000000000e+01
1.040000000000000000e+03
1.630000000000000000e+02
2.251000000000000000e+03
2.305000000000000000e+03
2.361000000000000000e+03
5.300000000000000000e+01
1.666000000000000000e+03
7.280000000000000000e+02
1.252000000000000000e+03
1.307000000000000000e+03
9.900000000000000000e+01
2.143000000000000000e+03
1.371000000000000000e+03
1.095000000000000000e+03
2.414000000000000000e+03
2.190000000000000000e+02
2.417000000000000000e+03
1.417000000000000000e+03
