9.020000000000000000e+02
1.927000000000000000e+03
2.337000000000000000e+03
4.860000000000000000e+02
1.323000000000000000e+03
2.171000000000000000e+03
1.016000000000000000e+03
1.082000000000000000e+03
1.865000000000000000e+03
2.037000000000000000e+03
5.980000000000000000e+02
1.805000000000000000e+03
9.620000000000000000e+02
3.670000000000000000e+02
1.818000000000000000e+03
1.263000000000000000e+03
1.926000000000000000e+03
2.038000000000000000e+03
1.022000000000000000e+03
2.232000000000000000e+03
1.624000000000000000e+03
1.936000000000000000e+03
1.660000000000000000e+03
1.866000000000000000e+03
1.142000000000000000e+03
1.914000000000000000e+03
1.878000000000000000e+03
2.172000000000000000e+03
1.383000000000000000e+03
8.420000000000000000e+02
3.080000000000000000e+02
1.996000000000000000e+03
1.929000000000000000e+03
1.359000000000000000e+03
8.430000000000000000e+02
6.570000000000000000e+02
4.260000000000000000e+02
1.257000000000000000e+03
1.202000000000000000e+03
1.504000000000000000e+03
1.992000000000000000e+03
1.521000000000000000e+03
7.830000000000000000e+02
1.915000000000000000e+03
1.868000000000000000e+03
1.203000000000000000e+03
2.338000000000000000e+03
1.019000000000000000e+03
2.170000000000000000e+03
9.030000000000000000e+02
