3.530000000000000000e+02
2.600000000000000000e+01
4.300000000000000000e+01
2.710000000000000000e+02
3.730000000000000000e+02
6.060000000000000000e+02
5.270000000000000000e+02
2.510000000000000000e+02
5.880000000000000000e+02
5.510000000000000000e+02
5.840000000000000000e+02
2.700000000000000000e+01
5.580000000000000000e+02
6.110000000000000000e+02
2.410000000000000000e+02
2.400000000000000000e+02
3.870000000000000000e+02
4.520000000000000000e+02
3.210000000000000000e+02
8.430000000000000000e+02
5.520000000000000000e+02
6.850000000000000000e+02
3.670000000000000000e+02
4.310000000000000000e+02
5.850000000000000000e+02
6.380000000000000000e+02
7.870000000000000000e+02
6.180000000000000000e+02
2.800000000000000000e+01
3.090000000000000000e+02
6.870000000000000000e+02
4.400000000000000000e+02
4.440000000000000000e+02
1.100000000000000000e+02
4.860000000000000000e+02
5.390000000000000000e+02
7.600000000000000000e+01
6.210000000000000000e+02
6.730000000000000000e+02
5.190000000000000000e+02
3.620000000000000000e+02
4.010000000000000000e+02
2.080000000000000000e+02
1.960000000000000000e+02
3.290000000000000000e+02
8.930000000000000000e+02
4.720000000000000000e+02
5.900000000000000000e+01
3.540000000000000000e+02
4.190000000000000000e+02
