2.900000000000000000e+02
2.800000000000000000e+01
4.300000000000000000e+01
5.940000000000000000e+02
7.390000000000000000e+02
2.600000000000000000e+01
4.200000000000000000e+01
7.810000000000000000e+02
5.270000000000000000e+02
6.860000000000000000e+02
3.530000000000000000e+02
3.210000000000000000e+02
5.520000000000000000e+02
5.590000000000000000e+02
5.580000000000000000e+02
6.870000000000000000e+02
6.110000000000000000e+02
5.510000000000000000e+02
5.910000000000000000e+02
4.190000000000000000e+02
2.400000000000000000e+02
2.410000000000000000e+02
3.870000000000000000e+02
4.550000000000000000e+02
8.430000000000000000e+02
4.400000000000000000e+02
5.840000000000000000e+02
5.660000000000000000e+02
2.060000000000000000e+02
4.630000000000000000e+02
4.860000000000000000e+02
1.002000000000000000e+03
3.670000000000000000e+02
7.500000000000000000e+01
4.330000000000000000e+02
5.900000000000000000e+02
5.560000000000000000e+02
4.720000000000000000e+02
6.000000000000000000e+02
2.200000000000000000e+01
9.100000000000000000e+01
8.130000000000000000e+02
4.050000000000000000e+02
5.300000000000000000e+02
2.500000000000000000e+01
3.720000000000000000e+02
2.080000000000000000e+02
4.430000000000000000e+02
5.390000000000000000e+02
6.590000000000000000e+02
