5.270000000000000000e+02
2.600000000000000000e+01
4.300000000000000000e+01
8.170000000000000000e+02
1.930000000000000000e+02
3.200000000000000000e+02
8.480000000000000000e+02
6.580000000000000000e+02
2.570000000000000000e+02
5.590000000000000000e+02
5.510000000000000000e+02
5.910000000000000000e+02
5.580000000000000000e+02
3.950000000000000000e+02
2.400000000000000000e+02
2.410000000000000000e+02
2.080000000000000000e+02
6.650000000000000000e+02
3.670000000000000000e+02
4.720000000000000000e+02
2.500000000000000000e+01
5.900000000000000000e+01
5.680000000000000000e+02
5.520000000000000000e+02
3.870000000000000000e+02
6.380000000000000000e+02
4.820000000000000000e+02
3.540000000000000000e+02
6.850000000000000000e+02
8.150000000000000000e+02
4.550000000000000000e+02
4.310000000000000000e+02
4.600000000000000000e+01
1.330000000000000000e+02
2.390000000000000000e+02
5.840000000000000000e+02
3.620000000000000000e+02
9.760000000000000000e+02
6.110000000000000000e+02
6.870000000000000000e+02
6.300000000000000000e+02
3.000000000000000000e+01
5.560000000000000000e+02
5.900000000000000000e+02
4.400000000000000000e+02
8.130000000000000000e+02
4.190000000000000000e+02
8.430000000000000000e+02
6.000000000000000000e+02
5.880000000000000000e+02
