3.200000000000000000e+02
2.700000000000000000e+01
7.040000000000000000e+02
5.220000000000000000e+02
7.950000000000000000e+02
2.800000000000000000e+01
1.930000000000000000e+02
4.540000000000000000e+02
5.580000000000000000e+02
3.220000000000000000e+02
3.850000000000000000e+02
6.110000000000000000e+02
3.090000000000000000e+02
3.540000000000000000e+02
4.190000000000000000e+02
5.390000000000000000e+02
5.550000000000000000e+02
5.880000000000000000e+02
5.520000000000000000e+02
8.430000000000000000e+02
3.870000000000000000e+02
5.510000000000000000e+02
6.180000000000000000e+02
2.400000000000000000e+02
5.710000000000000000e+02
4.400000000000000000e+02
7.190000000000000000e+02
2.080000000000000000e+02
6.650000000000000000e+02
5.900000000000000000e+01
4.860000000000000000e+02
5.840000000000000000e+02
4.510000000000000000e+02
5.900000000000000000e+02
1.340000000000000000e+02
5.560000000000000000e+02
6.510000000000000000e+02
2.410000000000000000e+02
7.500000000000000000e+01
3.210000000000000000e+02
4.180000000000000000e+02
6.850000000000000000e+02
6.440000000000000000e+02
3.000000000000000000e+01
2.400000000000000000e+01
5.690000000000000000e+02
6.520000000000000000e+02
2.650000000000000000e+02
4.450000000000000000e+02
4.550000000000000000e+02
