1.022000000000000000e+03
2.680000000000000000e+02
2.206000000000000000e+03
1.465000000000000000e+03
1.927000000000000000e+03
2.277000000000000000e+03
1.876000000000000000e+03
1.878000000000000000e+03
1.383000000000000000e+03
1.644000000000000000e+03
2.097000000000000000e+03
1.125000000000000000e+03
1.760000000000000000e+03
1.522000000000000000e+03
1.517000000000000000e+03
4.860000000000000000e+02
8.630000000000000000e+02
9.630000000000000000e+02
1.643000000000000000e+03
6.840000000000000000e+02
1.194000000000000000e+03
2.366000000000000000e+03
2.056000000000000000e+03
5.360000000000000000e+02
1.867000000000000000e+03
7.970000000000000000e+02
1.422000000000000000e+03
8.030000000000000000e+02
1.263000000000000000e+03
8.020000000000000000e+02
1.458000000000000000e+03
1.313000000000000000e+03
2.379000000000000000e+03
6.640000000000000000e+02
1.640000000000000000e+03
7.430000000000000000e+02
6.160000000000000000e+02
4.760000000000000000e+02
1.319000000000000000e+03
2.369000000000000000e+03
1.761000000000000000e+03
2.339000000000000000e+03
1.928000000000000000e+03
1.996000000000000000e+03
1.189000000000000000e+03
5.460000000000000000e+02
1.938000000000000000e+03
2.377000000000000000e+03
1.563000000000000000e+03
8.780000000000000000e+02
