[3, 71, 186, 225, 364, 515, 586, ]
[0, 38, 240, 396, 471, 504, 519, 576, ]
[3, 389, 576, 580, ]
[0, 363, 394, 428, 470, 518, 533, 569, 572, ]
[25, 48, 242, 260, 338, 395, 439, 462, 471, ]
[182, 202, 210, 415, 569, ]
[0, 124, 361, 461, 513, 527, 583, ]
[0, 1, 168, 417, 584, ]
[3, 9, 169, 215, ]
[101, 235, 337, 426, 516, 576, ]
[0, 39, 178, 186, 393, 395, ]
[1, 14, 143, 165, 200, 234, ]
[7, 78, 129, 165, 202, 298, ]
[12, 44, 111, 166, 189, 206, ]
[1, 28, 99, 176, 265, 549, ]
[82, 395, 401, 459, 488, 552, ]
[171, 184, 392, 393, ]
[8, 23, 205, 216, ]
[76, 106, 413, 415, 445, 491, ]
[70, 198, 361, 487, 527, 576, ]
[3, 122, 213, 332, 456, ]
[2, 196, 471, 479, 480, 485, 572, ]
[13, 17, 140, 326, 432, 582, ]
[5, 170, 411, 473, 584, ]
[21, 179, 227, 477, ]
[389, 483, 494, 580, ]