7.768000000000000000e+03
5.977000000000000000e+03
1.765000000000000000e+03
2.345000000000000000e+03
1.066100000000000000e+04
3.113000000000000000e+03
8.640000000000000000e+02
4.495000000000000000e+03
1.187000000000000000e+03
4.494000000000000000e+03
4.920000000000000000e+02
1.597000000000000000e+03
6.089000000000000000e+03
3.330000000000000000e+02
5.433000000000000000e+03
8.950000000000000000e+03
4.337000000000000000e+03
8.849000000000000000e+03
6.590000000000000000e+02
7.335000000000000000e+03
2.630000000000000000e+02
7.718000000000000000e+03
5.684000000000000000e+03
5.967000000000000000e+03
9.882000000000000000e+03
5.673000000000000000e+03
2.775000000000000000e+03
8.963000000000000000e+03
9.250000000000000000e+03
3.610000000000000000e+02
1.019500000000000000e+04
4.430000000000000000e+03
1.052800000000000000e+04
9.720000000000000000e+02
7.420000000000000000e+03
4.731000000000000000e+03
1.072900000000000000e+04
5.887000000000000000e+03
5.212000000000000000e+03
4.937000000000000000e+03
7.950000000000000000e+03
7.144000000000000000e+03
4.249000000000000000e+03
5.286000000000000000e+03
2.547000000000000000e+03
1.786000000000000000e+03
1.106200000000000000e+04
6.217000000000000000e+03
8.367000000000000000e+03
1.545000000000000000e+03
