6.966000000000000000e+03
1.782000000000000000e+03
5.569000000000000000e+03
8.276000000000000000e+03
4.640000000000000000e+03
3.074000000000000000e+03
1.261000000000000000e+03
2.840000000000000000e+02
8.815000000000000000e+03
5.093000000000000000e+03
3.264000000000000000e+03
8.775000000000000000e+03
2.566000000000000000e+03
3.631000000000000000e+03
8.056000000000000000e+03
5.391000000000000000e+03
4.529000000000000000e+03
5.479000000000000000e+03
8.543000000000000000e+03
5.115000000000000000e+03
1.512000000000000000e+03
2.900000000000000000e+01
9.238000000000000000e+03
8.392000000000000000e+03
7.877000000000000000e+03
4.020000000000000000e+02
3.856000000000000000e+03
3.826000000000000000e+03
1.900000000000000000e+01
1.163000000000000000e+03
4.085000000000000000e+03
3.400000000000000000e+01
3.900000000000000000e+03
9.010000000000000000e+03
1.044000000000000000e+03
2.593000000000000000e+03
4.304000000000000000e+03
2.790000000000000000e+03
7.943000000000000000e+03
8.388000000000000000e+03
7.815000000000000000e+03
5.502000000000000000e+03
3.186000000000000000e+03
5.550000000000000000e+03
1.867000000000000000e+03
5.090000000000000000e+02
8.776000000000000000e+03
4.864000000000000000e+03
5.234000000000000000e+03
2.567000000000000000e+03
