2.585000000000000000e+03
5.067000000000000000e+03
5.161000000000000000e+03
3.551000000000000000e+03
4.162000000000000000e+03
2.684000000000000000e+03
3.285000000000000000e+03
3.961000000000000000e+03
3.114000000000000000e+03
1.879000000000000000e+03
3.762000000000000000e+03
2.908000000000000000e+03
1.921000000000000000e+03
3.444000000000000000e+03
2.400000000000000000e+03
2.084000000000000000e+03
5.596000000000000000e+03
2.710000000000000000e+03
5.094000000000000000e+03
2.107000000000000000e+03
3.044000000000000000e+03
3.660000000000000000e+03
2.447000000000000000e+03
4.842000000000000000e+03
1.815000000000000000e+03
8.140000000000000000e+02
2.863000000000000000e+03
2.188000000000000000e+03
3.008000000000000000e+03
4.275000000000000000e+03
3.929000000000000000e+03
1.672000000000000000e+03
3.474000000000000000e+03
4.212000000000000000e+03
2.697000000000000000e+03
3.083000000000000000e+03
4.283000000000000000e+03
2.318000000000000000e+03
2.677000000000000000e+03
5.703000000000000000e+03
4.155000000000000000e+03
4.043000000000000000e+03
2.407000000000000000e+03
3.799000000000000000e+03
4.646000000000000000e+03
5.795000000000000000e+03
1.276000000000000000e+03
2.496000000000000000e+03
7.530000000000000000e+02
4.362000000000000000e+03
