1.815000000000000000e+03
4.111000000000000000e+03
2.381000000000000000e+03
8.140000000000000000e+02
1.921000000000000000e+03
3.876000000000000000e+03
2.496000000000000000e+03
2.677000000000000000e+03
1.774000000000000000e+03
2.434000000000000000e+03
2.585000000000000000e+03
5.838000000000000000e+03
3.285000000000000000e+03
7.130000000000000000e+02
2.684000000000000000e+03
2.400000000000000000e+03
2.208000000000000000e+03
3.762000000000000000e+03
5.901000000000000000e+03
2.165000000000000000e+03
4.959000000000000000e+03
3.044000000000000000e+03
3.114000000000000000e+03
4.860000000000000000e+03
5.810000000000000000e+03
2.679000000000000000e+03
3.799000000000000000e+03
1.879000000000000000e+03
5.603000000000000000e+03
3.886000000000000000e+03
4.842000000000000000e+03
3.595000000000000000e+03
1.672000000000000000e+03
4.237000000000000000e+03
3.083000000000000000e+03
2.430000000000000000e+03
4.212000000000000000e+03
1.869000000000000000e+03
2.107000000000000000e+03
2.697000000000000000e+03
4.162000000000000000e+03
2.550000000000000000e+03
3.275000000000000000e+03
3.011000000000000000e+03
2.655000000000000000e+03
2.372000000000000000e+03
5.795000000000000000e+03
5.054000000000000000e+03
3.455000000000000000e+03
5.116000000000000000e+03
