4.652000000000000000e+03
5.545000000000000000e+03
2.600000000000000000e+01
5.188000000000000000e+03
3.593000000000000000e+03
7.500000000000000000e+01
1.310000000000000000e+03
1.116000000000000000e+03
4.627000000000000000e+03
2.518000000000000000e+03
3.191000000000000000e+03
1.625000000000000000e+03
2.967000000000000000e+03
8.810000000000000000e+02
3.749000000000000000e+03
2.996000000000000000e+03
1.580000000000000000e+02
2.057000000000000000e+03
1.202000000000000000e+03
2.696000000000000000e+03
7.710000000000000000e+02
4.286000000000000000e+03
1.304000000000000000e+03
4.631000000000000000e+03
5.503000000000000000e+03
4.460000000000000000e+02
5.548000000000000000e+03
5.324000000000000000e+03
2.384000000000000000e+03
4.363000000000000000e+03
1.565000000000000000e+03
3.106000000000000000e+03
3.745000000000000000e+03
1.853000000000000000e+03
2.570000000000000000e+03
2.240000000000000000e+03
2.717000000000000000e+03
4.705000000000000000e+03
4.061000000000000000e+03
4.249000000000000000e+03
2.433000000000000000e+03
1.347000000000000000e+03
2.360000000000000000e+03
7.730000000000000000e+02
5.371000000000000000e+03
1.303000000000000000e+03
4.290000000000000000e+02
4.469000000000000000e+03
4.791000000000000000e+03
4.605000000000000000e+03
