4.652000000000000000e+03
5.545000000000000000e+03
1.944000000000000000e+03
4.229000000000000000e+03
1.410000000000000000e+02
2.439000000000000000e+03
4.290000000000000000e+02
1.303000000000000000e+03
3.749000000000000000e+03
8.520000000000000000e+02
2.349000000000000000e+03
4.705000000000000000e+03
2.738000000000000000e+03
1.304000000000000000e+03
5.271000000000000000e+03
4.631000000000000000e+03
3.803000000000000000e+03
2.717000000000000000e+03
1.305000000000000000e+03
7.710000000000000000e+02
1.729000000000000000e+03
2.433000000000000000e+03
5.535000000000000000e+03
8.800000000000000000e+01
4.813000000000000000e+03
5.234000000000000000e+03
1.543000000000000000e+03
2.530000000000000000e+02
3.763000000000000000e+03
5.548000000000000000e+03
3.606000000000000000e+03
4.460000000000000000e+02
3.657000000000000000e+03
1.310000000000000000e+03
1.565000000000000000e+03
3.056000000000000000e+03
4.517000000000000000e+03
4.113000000000000000e+03
4.505000000000000000e+03
2.526000000000000000e+03
7.730000000000000000e+02
3.106000000000000000e+03
3.768000000000000000e+03
3.191000000000000000e+03
2.517000000000000000e+03
4.469000000000000000e+03
2.518000000000000000e+03
1.520000000000000000e+03
4.791000000000000000e+03
2.304000000000000000e+03
