3.527000000000000000e+03
5.246000000000000000e+03
3.731000000000000000e+03
3.456000000000000000e+03
5.336000000000000000e+03
6.450000000000000000e+02
2.372000000000000000e+03
5.371000000000000000e+03
4.600000000000000000e+01
3.995000000000000000e+03
1.947000000000000000e+03
3.790000000000000000e+03
4.819000000000000000e+03
2.578000000000000000e+03
1.120000000000000000e+02
3.283000000000000000e+03
3.474000000000000000e+03
3.916000000000000000e+03
1.200000000000000000e+02
9.500000000000000000e+02
9.990000000000000000e+02
2.075000000000000000e+03
3.119000000000000000e+03
3.977000000000000000e+03
5.272000000000000000e+03
1.983000000000000000e+03
5.019000000000000000e+03
5.165000000000000000e+03
5.120000000000000000e+02
1.586000000000000000e+03
3.936000000000000000e+03
3.321000000000000000e+03
4.048000000000000000e+03
5.586000000000000000e+03
4.100000000000000000e+03
5.542000000000000000e+03
1.987000000000000000e+03
6.630000000000000000e+02
4.073000000000000000e+03
4.815000000000000000e+03
5.475000000000000000e+03
1.260000000000000000e+02
2.861000000000000000e+03
1.695000000000000000e+03
2.870000000000000000e+02
1.220000000000000000e+03
8.800000000000000000e+02
1.648000000000000000e+03
1.353000000000000000e+03
2.982000000000000000e+03
