3.527000000000000000e+03
1.355000000000000000e+03
2.021000000000000000e+03
5.426000000000000000e+03
3.691000000000000000e+03
4.360000000000000000e+02
3.758000000000000000e+03
1.947000000000000000e+03
4.860000000000000000e+02
4.569000000000000000e+03
1.586000000000000000e+03
4.073000000000000000e+03
5.371000000000000000e+03
3.757000000000000000e+03
3.119000000000000000e+03
3.916000000000000000e+03
3.283000000000000000e+03
2.861000000000000000e+03
1.200000000000000000e+02
1.983000000000000000e+03
1.302000000000000000e+03
3.245000000000000000e+03
4.867000000000000000e+03
3.601000000000000000e+03
9.500000000000000000e+02
1.663000000000000000e+03
2.982000000000000000e+03
9.990000000000000000e+02
1.612000000000000000e+03
3.415000000000000000e+03
2.075000000000000000e+03
2.896000000000000000e+03
1.695000000000000000e+03
3.983000000000000000e+03
2.640000000000000000e+03
1.987000000000000000e+03
4.429000000000000000e+03
4.348000000000000000e+03
3.321000000000000000e+03
1.276000000000000000e+03
8.800000000000000000e+02
5.595000000000000000e+03
9.540000000000000000e+02
5.475000000000000000e+03
2.944000000000000000e+03
1.344000000000000000e+03
4.815000000000000000e+03
1.648000000000000000e+03
5.381000000000000000e+03
2.820000000000000000e+02
