1.022000000000000000e+03
1.189000000000000000e+03
1.517000000000000000e+03
7.440000000000000000e+02
1.928000000000000000e+03
1.758000000000000000e+03
1.422000000000000000e+03
8.020000000000000000e+02
1.383000000000000000e+03
1.644000000000000000e+03
1.761000000000000000e+03
2.096000000000000000e+03
1.996000000000000000e+03
1.077000000000000000e+03
6.630000000000000000e+02
6.160000000000000000e+02
1.522000000000000000e+03
1.760000000000000000e+03
7.430000000000000000e+02
2.364000000000000000e+03
4.860000000000000000e+02
7.970000000000000000e+02
5.360000000000000000e+02
1.314000000000000000e+03
8.630000000000000000e+02
6.840000000000000000e+02
1.263000000000000000e+03
1.125000000000000000e+03
2.322000000000000000e+03
2.399000000000000000e+03
1.938000000000000000e+03
8.030000000000000000e+02
1.867000000000000000e+03
1.584000000000000000e+03
9.630000000000000000e+02
1.672000000000000000e+03
1.876000000000000000e+03
1.640000000000000000e+03
1.582000000000000000e+03
2.366000000000000000e+03
1.244000000000000000e+03
4.960000000000000000e+02
5.440000000000000000e+02
1.319000000000000000e+03
2.390000000000000000e+02
1.458000000000000000e+03
1.443000000000000000e+03
7.420000000000000000e+02
2.278000000000000000e+03
2.379000000000000000e+03
