1.082000000000000000e+03
1.125000000000000000e+03
1.399000000000000000e+03
1.318000000000000000e+03
1.926000000000000000e+03
1.761000000000000000e+03
7.430000000000000000e+02
2.056000000000000000e+03
2.366000000000000000e+03
2.339000000000000000e+03
1.383000000000000000e+03
1.643000000000000000e+03
1.253000000000000000e+03
1.522000000000000000e+03
6.160000000000000000e+02
1.672000000000000000e+03
1.938000000000000000e+03
6.640000000000000000e+02
2.380000000000000000e+03
1.517000000000000000e+03
2.037000000000000000e+03
1.867000000000000000e+03
6.840000000000000000e+02
2.363000000000000000e+03
1.760000000000000000e+03
1.644000000000000000e+03
1.422000000000000000e+03
8.420000000000000000e+02
7.970000000000000000e+02
4.860000000000000000e+02
1.319000000000000000e+03
8.020000000000000000e+02
1.876000000000000000e+03
1.263000000000000000e+03
1.758000000000000000e+03
8.030000000000000000e+02
5.370000000000000000e+02
2.337000000000000000e+03
1.314000000000000000e+03
1.582000000000000000e+03
8.230000000000000000e+02
1.804000000000000000e+03
1.996000000000000000e+03
1.640000000000000000e+03
1.302000000000000000e+03
1.143000000000000000e+03
2.096000000000000000e+03
1.878000000000000000e+03
1.576000000000000000e+03
2.378000000000000000e+03
