1.670000000000000000e+03
1.288000000000000000e+03
2.190000000000000000e+02
6.566000000000000000e+03
5.004000000000000000e+03
2.532000000000000000e+03
6.427000000000000000e+03
2.636000000000000000e+03
1.054000000000000000e+03
4.054000000000000000e+03
9.132000000000000000e+03
2.850000000000000000e+03
7.294000000000000000e+03
5.399000000000000000e+03
2.255000000000000000e+03
8.322000000000000000e+03
6.691000000000000000e+03
8.501000000000000000e+03
2.880000000000000000e+02
8.289000000000000000e+03
9.274000000000000000e+03
1.589000000000000000e+03
7.700000000000000000e+01
6.522000000000000000e+03
3.150000000000000000e+02
2.390000000000000000e+03
3.205000000000000000e+03
2.320000000000000000e+02
3.256000000000000000e+03
3.652000000000000000e+03
7.259000000000000000e+03
4.350000000000000000e+02
3.758000000000000000e+03
3.982000000000000000e+03
4.894000000000000000e+03
1.247000000000000000e+03
5.996000000000000000e+03
2.430000000000000000e+02
4.579000000000000000e+03
8.525000000000000000e+03
4.155000000000000000e+03
1.333000000000000000e+03
7.318000000000000000e+03
4.812000000000000000e+03
2.308000000000000000e+03
1.535000000000000000e+03
7.927000000000000000e+03
3.934000000000000000e+03
2.461000000000000000e+03
2.037000000000000000e+03
