4.191000000000000000e+03
1.488000000000000000e+03
7.259000000000000000e+03
4.068000000000000000e+03
6.427000000000000000e+03
5.004000000000000000e+03
6.566000000000000000e+03
1.288000000000000000e+03
1.054000000000000000e+03
3.660000000000000000e+03
2.532000000000000000e+03
2.636000000000000000e+03
7.520000000000000000e+02
6.522000000000000000e+03
2.320000000000000000e+02
3.256000000000000000e+03
5.873000000000000000e+03
9.274000000000000000e+03
4.350000000000000000e+02
3.220000000000000000e+03
5.186000000000000000e+03
2.308000000000000000e+03
2.850000000000000000e+03
4.054000000000000000e+03
8.322000000000000000e+03
2.190000000000000000e+02
3.500000000000000000e+02
7.101000000000000000e+03
1.461000000000000000e+03
6.889000000000000000e+03
2.037000000000000000e+03
4.172000000000000000e+03
1.831000000000000000e+03
9.115000000000000000e+03
4.152000000000000000e+03
3.205000000000000000e+03
5.201000000000000000e+03
2.255000000000000000e+03
7.231000000000000000e+03
5.780000000000000000e+02
5.399000000000000000e+03
8.501000000000000000e+03
2.880000000000000000e+02
2.979000000000000000e+03
4.300000000000000000e+03
6.439000000000000000e+03
5.273000000000000000e+03
4.197000000000000000e+03
4.812000000000000000e+03
9.214000000000000000e+03
