1.870000000000000000e+03
3.817000000000000000e+03
3.790000000000000000e+02
2.794000000000000000e+03
4.240000000000000000e+03
1.978000000000000000e+03
4.030000000000000000e+03
7.380000000000000000e+02
2.975000000000000000e+03
2.803000000000000000e+03
4.009000000000000000e+03
8.900000000000000000e+01
8.640000000000000000e+02
2.394000000000000000e+03
4.424000000000000000e+03
1.955000000000000000e+03
4.156000000000000000e+03
4.419000000000000000e+03
4.020000000000000000e+03
1.503000000000000000e+03
2.878000000000000000e+03
4.280000000000000000e+03
3.020000000000000000e+03
1.597000000000000000e+03
2.534000000000000000e+03
5.540000000000000000e+02
3.307000000000000000e+03
4.425000000000000000e+03
1.194000000000000000e+03
2.961000000000000000e+03
4.279000000000000000e+03
7.080000000000000000e+02
3.992000000000000000e+03
1.180000000000000000e+02
1.681000000000000000e+03
8.500000000000000000e+01
2.483000000000000000e+03
2.937000000000000000e+03
2.858000000000000000e+03
3.337000000000000000e+03
3.490000000000000000e+03
4.204000000000000000e+03
7.290000000000000000e+02
2.410000000000000000e+03
2.811000000000000000e+03
2.617000000000000000e+03
2.618000000000000000e+03
4.369000000000000000e+03
2.150000000000000000e+02
6.190000000000000000e+02
