9.010000000000000000e+02
1.927000000000000000e+03
1.024000000000000000e+03
2.337000000000000000e+03
4.270000000000000000e+02
1.260000000000000000e+03
1.805000000000000000e+03
1.082000000000000000e+03
2.172000000000000000e+03
1.323000000000000000e+03
3.080000000000000000e+02
7.800000000000000000e+02
1.865000000000000000e+03
1.016000000000000000e+03
1.081000000000000000e+03
1.267000000000000000e+03
2.166000000000000000e+03
1.084000000000000000e+03
2.107000000000000000e+03
1.022000000000000000e+03
2.038000000000000000e+03
4.860000000000000000e+02
1.202000000000000000e+03
1.866000000000000000e+03
9.000000000000000000e+02
1.329000000000000000e+03
9.610000000000000000e+02
2.171000000000000000e+03
1.263000000000000000e+03
4.260000000000000000e+02
1.926000000000000000e+03
9.640000000000000000e+02
1.863000000000000000e+03
1.019000000000000000e+03
9.600000000000000000e+02
1.266000000000000000e+03
2.169000000000000000e+03
9.020000000000000000e+02
3.670000000000000000e+02
1.450000000000000000e+03
1.200000000000000000e+03
1.924000000000000000e+03
7.210000000000000000e+02
1.324000000000000000e+03
1.142000000000000000e+03
1.992000000000000000e+03
5.370000000000000000e+02
9.620000000000000000e+02
3.090000000000000000e+02
2.338000000000000000e+03
