6.270000000000000000e+02
7.360000000000000000e+02
1.310000000000000000e+02
7.940000000000000000e+02
4.800000000000000000e+02
4.990000000000000000e+02
3.080000000000000000e+02
8.000000000000000000e+02
2.880000000000000000e+02
7.620000000000000000e+02
1.012000000000000000e+03
5.950000000000000000e+02
5.000000000000000000e+01
3.800000000000000000e+02
4.160000000000000000e+02
6.590000000000000000e+02
7.490000000000000000e+02
7.020000000000000000e+02
2.810000000000000000e+02
8.320000000000000000e+02
3.200000000000000000e+02
4.360000000000000000e+02
7.610000000000000000e+02
1.013000000000000000e+03
2.240000000000000000e+02
9.920000000000000000e+02
6.910000000000000000e+02
2.780000000000000000e+02
7.680000000000000000e+02
9.500000000000000000e+01
5.130000000000000000e+02
4.670000000000000000e+02
8.960000000000000000e+02
9.800000000000000000e+02
1.280000000000000000e+02
7.630000000000000000e+02
4.480000000000000000e+02
5.200000000000000000e+02
8.200000000000000000e+01
8.010000000000000000e+02
5.310000000000000000e+02
6.980000000000000000e+02
1.630000000000000000e+02
7.040000000000000000e+02
3.090000000000000000e+02
7.810000000000000000e+02
2.560000000000000000e+02
5.630000000000000000e+02
2.150000000000000000e+02
6.420000000000000000e+02
