2.430000000000000000e+02
4.036000000000000000e+03
4.000000000000000000e+00
9.480000000000000000e+02
3.010000000000000000e+02
5.650000000000000000e+03
5.000000000000000000e+01
4.124000000000000000e+03
8.330000000000000000e+03
1.293000000000000000e+03
3.508000000000000000e+03
9.750000000000000000e+03
1.005000000000000000e+03
3.984000000000000000e+03
1.388000000000000000e+03
4.393000000000000000e+03
2.608000000000000000e+03
3.304000000000000000e+03
5.474000000000000000e+03
8.063000000000000000e+03
1.454000000000000000e+03
4.882000000000000000e+03
3.903000000000000000e+03
1.020000000000000000e+02
8.353000000000000000e+03
5.746000000000000000e+03
9.598000000000000000e+03
4.199000000000000000e+03
1.868000000000000000e+03
6.223000000000000000e+03
2.391000000000000000e+03
2.250000000000000000e+02
1.941000000000000000e+03
6.026000000000000000e+03
1.569000000000000000e+03
2.800000000000000000e+03
5.406000000000000000e+03
3.833000000000000000e+03
8.148000000000000000e+03
7.520000000000000000e+02
3.663000000000000000e+03
1.786000000000000000e+03
3.675000000000000000e+03
4.548000000000000000e+03
3.340000000000000000e+02
2.120000000000000000e+03
7.600000000000000000e+02
4.188000000000000000e+03
6.461000000000000000e+03
3.593000000000000000e+03
