1.870000000000000000e+03
9.330000000000000000e+02
1.000000000000000000e+00
3.111000000000000000e+03
1.860000000000000000e+03
2.000000000000000000e+03
4.970000000000000000e+02
2.482000000000000000e+03
6.590000000000000000e+02
1.510000000000000000e+03
1.944000000000000000e+03
1.805000000000000000e+03
1.750000000000000000e+02
1.513000000000000000e+03
1.906000000000000000e+03
2.585000000000000000e+03
2.203000000000000000e+03
1.910000000000000000e+02
3.401000000000000000e+03
1.149000000000000000e+03
3.976000000000000000e+03
3.850000000000000000e+03
1.485000000000000000e+03
2.783000000000000000e+03
5.050000000000000000e+02
1.672000000000000000e+03
9.370000000000000000e+02
4.030000000000000000e+03
3.035000000000000000e+03
2.569000000000000000e+03
7.390000000000000000e+02
3.568000000000000000e+03
2.766000000000000000e+03
2.668000000000000000e+03
4.369000000000000000e+03
4.130000000000000000e+02
4.243000000000000000e+03
3.790000000000000000e+02
1.676000000000000000e+03
2.587000000000000000e+03
1.968000000000000000e+03
3.693000000000000000e+03
1.640000000000000000e+02
4.100000000000000000e+01
1.219000000000000000e+03
4.170000000000000000e+03
7.720000000000000000e+02
1.867000000000000000e+03
9.020000000000000000e+02
6.990000000000000000e+02
