3.527000000000000000e+03
1.083000000000000000e+03
1.365000000000000000e+03
2.446000000000000000e+03
1.983000000000000000e+03
5.371000000000000000e+03
6.810000000000000000e+02
9.080000000000000000e+02
6.630000000000000000e+02
3.783000000000000000e+03
2.192000000000000000e+03
9.990000000000000000e+02
5.299000000000000000e+03
5.526000000000000000e+03
2.833000000000000000e+03
2.203000000000000000e+03
3.873000000000000000e+03
2.265000000000000000e+03
4.436000000000000000e+03
5.089000000000000000e+03
3.129000000000000000e+03
2.609000000000000000e+03
2.915000000000000000e+03
7.410000000000000000e+02
2.977000000000000000e+03
2.395000000000000000e+03
1.750000000000000000e+03
4.690000000000000000e+03
2.266000000000000000e+03
1.518000000000000000e+03
5.557000000000000000e+03
7.680000000000000000e+02
4.030000000000000000e+03
1.608000000000000000e+03
1.276000000000000000e+03
1.902000000000000000e+03
5.213000000000000000e+03
1.221000000000000000e+03
1.220000000000000000e+03
2.572000000000000000e+03
1.461000000000000000e+03
2.390000000000000000e+03
1.911000000000000000e+03
4.569000000000000000e+03
2.954000000000000000e+03
9.160000000000000000e+02
4.429000000000000000e+03
2.821000000000000000e+03
3.709000000000000000e+03
4.548000000000000000e+03
