2.419000000000000000e+03
2.199000000000000000e+03
2.363000000000000000e+03
2.309000000000000000e+03
2.364000000000000000e+03
2.198000000000000000e+03
2.418000000000000000e+03
2.307000000000000000e+03
2.254000000000000000e+03
2.253000000000000000e+03
1.640000000000000000e+02
6.200000000000000000e+02
1.778000000000000000e+03
2.252000000000000000e+03
2.197000000000000000e+03
1.299000000000000000e+03
1.261000000000000000e+03
1.308000000000000000e+03
1.151000000000000000e+03
2.308000000000000000e+03
2.362000000000000000e+03
2.306000000000000000e+03
3.330000000000000000e+02
1.665000000000000000e+03
3.870000000000000000e+02
2.417000000000000000e+03
1.720000000000000000e+03
6.730000000000000000e+02
7.280000000000000000e+02
1.180000000000000000e+02
1.000000000000000000e+02
9.200000000000000000e+01
1.095000000000000000e+03
1.630000000000000000e+02
1.500000000000000000e+02
1.710000000000000000e+02
2.415000000000000000e+03
2.196000000000000000e+03
1.040000000000000000e+03
1.371000000000000000e+03
1.666000000000000000e+03
2.361000000000000000e+03
2.305000000000000000e+03
5.650000000000000000e+02
4.950000000000000000e+02
1.800000000000000000e+01
7.300000000000000000e+02
3.850000000000000000e+02
1.316000000000000000e+03
2.251000000000000000e+03
