1.600000000000000000e+02
2.600000000000000000e+01
4.300000000000000000e+01
2.700000000000000000e+02
7.630000000000000000e+02
4.040000000000000000e+02
6.240000000000000000e+02
6.850000000000000000e+02
6.580000000000000000e+02
5.520000000000000000e+02
2.400000000000000000e+02
5.880000000000000000e+02
5.510000000000000000e+02
7.810000000000000000e+02
5.910000000000000000e+02
5.900000000000000000e+02
6.040000000000000000e+02
5.590000000000000000e+02
5.860000000000000000e+02
2.410000000000000000e+02
3.870000000000000000e+02
6.380000000000000000e+02
4.310000000000000000e+02
5.260000000000000000e+02
5.840000000000000000e+02
6.110000000000000000e+02
7.190000000000000000e+02
7.500000000000000000e+01
6.450000000000000000e+02
9.400000000000000000e+01
9.000000000000000000e+01
5.500000000000000000e+01
5.580000000000000000e+02
4.400000000000000000e+02
4.860000000000000000e+02
4.960000000000000000e+02
5.280000000000000000e+02
3.670000000000000000e+02
8.150000000000000000e+02
3.850000000000000000e+02
5.270000000000000000e+02
3.950000000000000000e+02
6.220000000000000000e+02
3.210000000000000000e+02
6.870000000000000000e+02
5.560000000000000000e+02
4.260000000000000000e+02
5.390000000000000000e+02
4.190000000000000000e+02
4.160000000000000000e+02
