1.670000000000000000e+03
9.783000000000000000e+03
7.792000000000000000e+03
9.821000000000000000e+03
5.630000000000000000e+03
9.388000000000000000e+03
9.923000000000000000e+03
9.487000000000000000e+03
8.735000000000000000e+03
9.368000000000000000e+03
2.988000000000000000e+03
9.981000000000000000e+03
5.000000000000000000e+00
9.178000000000000000e+03
2.529000000000000000e+03
5.023000000000000000e+03
2.603000000000000000e+03
1.912000000000000000e+03
8.486000000000000000e+03
6.294000000000000000e+03
2.923000000000000000e+03
2.567000000000000000e+03
2.300000000000000000e+02
6.430000000000000000e+03
1.353000000000000000e+03
1.042000000000000000e+03
8.950000000000000000e+02
7.664000000000000000e+03
9.087000000000000000e+03
4.252000000000000000e+03
7.643000000000000000e+03
9.995000000000000000e+03
2.027000000000000000e+03
6.501000000000000000e+03
9.307000000000000000e+03
6.343000000000000000e+03
3.274000000000000000e+03
4.021000000000000000e+03
3.297000000000000000e+03
4.868000000000000000e+03
7.800000000000000000e+03
4.570000000000000000e+03
5.484000000000000000e+03
1.000000000000000000e+03
4.290000000000000000e+02
7.805000000000000000e+03
6.502000000000000000e+03
2.815000000000000000e+03
6.936000000000000000e+03
2.831000000000000000e+03
