7.768000000000000000e+03
3.354000000000000000e+03
4.920000000000000000e+02
9.501000000000000000e+03
9.331000000000000000e+03
4.389000000000000000e+03
4.494000000000000000e+03
6.590000000000000000e+02
8.950000000000000000e+03
3.697000000000000000e+03
2.567000000000000000e+03
7.943000000000000000e+03
5.711000000000000000e+03
1.065900000000000000e+04
5.578000000000000000e+03
2.245000000000000000e+03
8.920000000000000000e+02
1.612000000000000000e+03
3.291000000000000000e+03
4.127000000000000000e+03
8.463000000000000000e+03
7.999000000000000000e+03
1.055700000000000000e+04
2.775000000000000000e+03
8.550000000000000000e+02
1.051700000000000000e+04
1.150000000000000000e+03
3.482000000000000000e+03
1.780000000000000000e+03
1.181000000000000000e+03
7.914000000000000000e+03
3.416000000000000000e+03
6.926000000000000000e+03
3.580000000000000000e+03
1.064000000000000000e+03
1.057700000000000000e+04
8.295000000000000000e+03
2.934000000000000000e+03
4.542000000000000000e+03
9.261000000000000000e+03
3.935000000000000000e+03
4.978000000000000000e+03
3.330000000000000000e+02
5.420000000000000000e+03
9.004000000000000000e+03
2.159000000000000000e+03
3.044000000000000000e+03
7.145000000000000000e+03
7.718000000000000000e+03
2.388000000000000000e+03
