6.966000000000000000e+03
9.600000000000000000e+01
4.155000000000000000e+03
5.127000000000000000e+03
8.055000000000000000e+03
8.773000000000000000e+03
7.444000000000000000e+03
4.982000000000000000e+03
4.452000000000000000e+03
5.899000000000000000e+03
5.099000000000000000e+03
4.236000000000000000e+03
8.051000000000000000e+03
7.815000000000000000e+03
1.163000000000000000e+03
8.781000000000000000e+03
2.566000000000000000e+03
5.210000000000000000e+03
4.304000000000000000e+03
5.232000000000000000e+03
2.849000000000000000e+03
8.774000000000000000e+03
3.015000000000000000e+03
8.378000000000000000e+03
5.662000000000000000e+03
4.347000000000000000e+03
7.554000000000000000e+03
8.793000000000000000e+03
8.001000000000000000e+03
5.098000000000000000e+03
4.227000000000000000e+03
4.869000000000000000e+03
6.358000000000000000e+03
4.554000000000000000e+03
3.352000000000000000e+03
8.277000000000000000e+03
5.887000000000000000e+03
4.228000000000000000e+03
7.556000000000000000e+03
8.892000000000000000e+03
5.461000000000000000e+03
8.799000000000000000e+03
4.459000000000000000e+03
5.900000000000000000e+03
3.564000000000000000e+03
8.445000000000000000e+03
6.994000000000000000e+03
9.017000000000000000e+03
8.776000000000000000e+03
5.435000000000000000e+03
