2.585000000000000000e+03
4.532000000000000000e+03
4.155000000000000000e+03
1.875000000000000000e+03
5.128000000000000000e+03
5.211000000000000000e+03
5.385000000000000000e+03
1.894000000000000000e+03
3.648000000000000000e+03
5.679000000000000000e+03
4.756000000000000000e+03
3.083000000000000000e+03
3.685000000000000000e+03
1.620000000000000000e+03
3.853000000000000000e+03
1.823000000000000000e+03
4.861000000000000000e+03
2.447000000000000000e+03
1.957000000000000000e+03
3.856000000000000000e+03
2.084000000000000000e+03
2.850000000000000000e+02
5.850000000000000000e+02
5.810000000000000000e+03
3.114000000000000000e+03
2.239000000000000000e+03
9.100000000000000000e+02
7.140000000000000000e+02
4.024000000000000000e+03
2.906000000000000000e+03
4.085000000000000000e+03
4.391000000000000000e+03
3.818000000000000000e+03
4.203000000000000000e+03
5.490000000000000000e+02
3.715000000000000000e+03
1.287000000000000000e+03
2.860000000000000000e+03
1.580000000000000000e+02
1.088000000000000000e+03
4.111000000000000000e+03
5.073000000000000000e+03
1.413000000000000000e+03
2.575000000000000000e+03
3.397000000000000000e+03
3.951000000000000000e+03
3.233000000000000000e+03
2.766000000000000000e+03
2.690000000000000000e+03
5.956000000000000000e+03
