1.815000000000000000e+03
4.842000000000000000e+03
1.516000000000000000e+03
2.798000000000000000e+03
3.083000000000000000e+03
2.188000000000000000e+03
1.836000000000000000e+03
3.818000000000000000e+03
2.447000000000000000e+03
2.850000000000000000e+02
2.084000000000000000e+03
3.853000000000000000e+03
1.823000000000000000e+03
5.850000000000000000e+02
7.140000000000000000e+02
5.128000000000000000e+03
4.391000000000000000e+03
5.600000000000000000e+01
3.648000000000000000e+03
2.231000000000000000e+03
3.113000000000000000e+03
1.088000000000000000e+03
5.385000000000000000e+03
5.914000000000000000e+03
3.397000000000000000e+03
3.199000000000000000e+03
2.100000000000000000e+03
4.203000000000000000e+03
5.921000000000000000e+03
5.840000000000000000e+02
3.023000000000000000e+03
5.401000000000000000e+03
3.233000000000000000e+03
3.909000000000000000e+03
5.956000000000000000e+03
4.085000000000000000e+03
5.052000000000000000e+03
2.031000000000000000e+03
3.114000000000000000e+03
1.730000000000000000e+02
2.766000000000000000e+03
3.976000000000000000e+03
1.287000000000000000e+03
4.967000000000000000e+03
1.894000000000000000e+03
3.355000000000000000e+03
2.906000000000000000e+03
3.715000000000000000e+03
2.400000000000000000e+03
5.679000000000000000e+03
