2.585000000000000000e+03
2.102000000000000000e+03
5.161000000000000000e+03
3.114000000000000000e+03
2.084000000000000000e+03
1.646000000000000000e+03
4.203000000000000000e+03
3.797000000000000000e+03
5.128000000000000000e+03
1.957000000000000000e+03
3.605000000000000000e+03
1.812000000000000000e+03
3.648000000000000000e+03
5.379000000000000000e+03
1.088000000000000000e+03
2.127000000000000000e+03
3.199000000000000000e+03
4.111000000000000000e+03
5.921000000000000000e+03
3.397000000000000000e+03
3.951000000000000000e+03
3.023000000000000000e+03
2.850000000000000000e+02
4.085000000000000000e+03
1.894000000000000000e+03
3.083000000000000000e+03
5.810000000000000000e+03
3.233000000000000000e+03
5.840000000000000000e+02
1.620000000000000000e+03
5.850000000000000000e+02
2.239000000000000000e+03
1.413000000000000000e+03
3.853000000000000000e+03
3.224000000000000000e+03
4.861000000000000000e+03
3.668000000000000000e+03
5.094000000000000000e+03
1.493000000000000000e+03
4.520000000000000000e+02
3.688000000000000000e+03
4.413000000000000000e+03
3.818000000000000000e+03
2.447000000000000000e+03
4.917000000000000000e+03
4.024000000000000000e+03
2.526000000000000000e+03
2.188000000000000000e+03
5.490000000000000000e+02
4.460000000000000000e+02
