3.527000000000000000e+03
2.865000000000000000e+03
1.355000000000000000e+03
3.119000000000000000e+03
5.691000000000000000e+03
4.860000000000000000e+02
5.542000000000000000e+03
1.695000000000000000e+03
3.916000000000000000e+03
4.786000000000000000e+03
4.869000000000000000e+03
2.896000000000000000e+03
5.656000000000000000e+03
3.459000000000000000e+03
2.695000000000000000e+03
4.845000000000000000e+03
3.415000000000000000e+03
5.098000000000000000e+03
4.727000000000000000e+03
4.274000000000000000e+03
2.075000000000000000e+03
2.772000000000000000e+03
2.346000000000000000e+03
5.570000000000000000e+02
4.200000000000000000e+02
6.800000000000000000e+02
1.428000000000000000e+03
1.612000000000000000e+03
3.196000000000000000e+03
3.463000000000000000e+03
3.363000000000000000e+03
2.860000000000000000e+02
2.793000000000000000e+03
3.589000000000000000e+03
2.115000000000000000e+03
1.767000000000000000e+03
4.957000000000000000e+03
2.487000000000000000e+03
4.546000000000000000e+03
2.208000000000000000e+03
5.272000000000000000e+03
4.057000000000000000e+03
3.370000000000000000e+03
4.438000000000000000e+03
3.237000000000000000e+03
2.501000000000000000e+03
2.645000000000000000e+03
2.898000000000000000e+03
9.710000000000000000e+02
2.578000000000000000e+03
