3.527000000000000000e+03
2.865000000000000000e+03
5.597000000000000000e+03
5.704000000000000000e+03
4.360000000000000000e+02
4.816000000000000000e+03
2.773000000000000000e+03
1.695000000000000000e+03
5.542000000000000000e+03
1.661000000000000000e+03
1.344000000000000000e+03
2.288000000000000000e+03
3.459000000000000000e+03
3.408000000000000000e+03
2.772000000000000000e+03
1.372000000000000000e+03
4.845000000000000000e+03
5.656000000000000000e+03
3.463000000000000000e+03
8.730000000000000000e+02
3.196000000000000000e+03
1.598000000000000000e+03
9.710000000000000000e+02
2.256000000000000000e+03
1.151000000000000000e+03
3.926000000000000000e+03
1.767000000000000000e+03
4.869000000000000000e+03
2.600000000000000000e+02
4.546000000000000000e+03
4.860000000000000000e+02
4.786000000000000000e+03
2.170000000000000000e+02
3.363000000000000000e+03
2.927000000000000000e+03
1.428000000000000000e+03
5.570000000000000000e+02
6.800000000000000000e+02
3.842000000000000000e+03
4.727000000000000000e+03
4.057000000000000000e+03
2.344000000000000000e+03
3.370000000000000000e+03
4.136000000000000000e+03
5.272000000000000000e+03
3.119000000000000000e+03
1.390000000000000000e+03
4.117000000000000000e+03
2.976000000000000000e+03
4.438000000000000000e+03
