3.527000000000000000e+03
2.095000000000000000e+03
2.713000000000000000e+03
2.075000000000000000e+03
6.480000000000000000e+02
2.773000000000000000e+03
5.542000000000000000e+03
3.160000000000000000e+03
1.344000000000000000e+03
2.687000000000000000e+03
9.500000000000000000e+02
3.196000000000000000e+03
4.335000000000000000e+03
5.272000000000000000e+03
3.916000000000000000e+03
4.230000000000000000e+02
3.283000000000000000e+03
1.189000000000000000e+03
5.618000000000000000e+03
1.598000000000000000e+03
3.408000000000000000e+03
2.793000000000000000e+03
1.767000000000000000e+03
2.858000000000000000e+03
5.528000000000000000e+03
2.985000000000000000e+03
5.710000000000000000e+03
5.131000000000000000e+03
2.208000000000000000e+03
4.786000000000000000e+03
5.656000000000000000e+03
1.695000000000000000e+03
4.815000000000000000e+03
3.119000000000000000e+03
2.976000000000000000e+03
1.428000000000000000e+03
4.340000000000000000e+02
2.501000000000000000e+03
2.772000000000000000e+03
3.970000000000000000e+02
4.816000000000000000e+03
1.390000000000000000e+03
2.982000000000000000e+03
1.580000000000000000e+03
8.730000000000000000e+02
1.151000000000000000e+03
5.570000000000000000e+02
2.487000000000000000e+03
4.057000000000000000e+03
4.438000000000000000e+03
