3.527000000000000000e+03
4.073000000000000000e+03
4.439000000000000000e+03
5.542000000000000000e+03
3.897000000000000000e+03
4.816000000000000000e+03
5.317000000000000000e+03
4.132000000000000000e+03
3.916000000000000000e+03
1.344000000000000000e+03
3.695000000000000000e+03
3.881000000000000000e+03
2.115000000000000000e+03
5.656000000000000000e+03
1.580000000000000000e+03
4.057000000000000000e+03
2.233000000000000000e+03
2.982000000000000000e+03
2.501000000000000000e+03
3.970000000000000000e+02
3.544000000000000000e+03
5.570000000000000000e+02
7.900000000000000000e+02
4.786000000000000000e+03
5.272000000000000000e+03
1.766000000000000000e+03
5.098000000000000000e+03
1.695000000000000000e+03
4.845000000000000000e+03
3.965000000000000000e+03
1.708000000000000000e+03
4.815000000000000000e+03
3.119000000000000000e+03
4.727000000000000000e+03
3.589000000000000000e+03
3.842000000000000000e+03
3.363000000000000000e+03
3.790000000000000000e+03
4.957000000000000000e+03
3.196000000000000000e+03
5.131000000000000000e+03
5.528000000000000000e+03
5.202000000000000000e+03
1.767000000000000000e+03
3.926000000000000000e+03
2.773000000000000000e+03
3.372000000000000000e+03
2.208000000000000000e+03
9.710000000000000000e+02
6.800000000000000000e+02
