1.120100000000000000e+04
6.030000000000000000e+03
9.052000000000000000e+03
8.947000000000000000e+03
1.187600000000000000e+04
1.188800000000000000e+04
1.055700000000000000e+04
3.563000000000000000e+03
1.191800000000000000e+04
1.999000000000000000e+03
8.210000000000000000e+02
5.475000000000000000e+03
1.224000000000000000e+03
8.525000000000000000e+03
6.322000000000000000e+03
1.800000000000000000e+02
2.600000000000000000e+03
4.134000000000000000e+03
5.278000000000000000e+03
1.003700000000000000e+04
1.017800000000000000e+04
9.322000000000000000e+03
1.765000000000000000e+03
4.288000000000000000e+03
4.955000000000000000e+03
3.308000000000000000e+03
1.214400000000000000e+04
2.010000000000000000e+03
3.662000000000000000e+03
1.776000000000000000e+03
2.523000000000000000e+03
1.133600000000000000e+04
7.111000000000000000e+03
2.009000000000000000e+03
2.252000000000000000e+03
3.409000000000000000e+03
7.110000000000000000e+03
1.354000000000000000e+03
5.244000000000000000e+03
3.400000000000000000e+01
3.607000000000000000e+03
4.000000000000000000e+01
1.002100000000000000e+04
4.644000000000000000e+03
8.890000000000000000e+03
8.675000000000000000e+03
1.234800000000000000e+04
5.491000000000000000e+03
1.180100000000000000e+04
5.604000000000000000e+03
