1.120100000000000000e+04
6.030000000000000000e+03
9.406000000000000000e+03
3.248000000000000000e+03
1.093000000000000000e+04
4.783000000000000000e+03
1.138900000000000000e+04
1.136300000000000000e+04
1.110200000000000000e+04
6.029000000000000000e+03
7.882000000000000000e+03
1.017800000000000000e+04
7.737000000000000000e+03
1.999000000000000000e+03
1.191800000000000000e+04
3.563000000000000000e+03
2.436000000000000000e+03
2.560000000000000000e+02
3.308000000000000000e+03
8.091000000000000000e+03
3.662000000000000000e+03
7.111000000000000000e+03
1.133600000000000000e+04
5.244000000000000000e+03
1.003700000000000000e+04
9.100000000000000000e+03
4.867000000000000000e+03
3.400000000000000000e+01
2.056000000000000000e+03
1.214400000000000000e+04
4.134000000000000000e+03
1.800000000000000000e+02
8.890000000000000000e+03
3.607000000000000000e+03
7.110000000000000000e+03
2.010000000000000000e+03
4.594000000000000000e+03
1.354000000000000000e+03
8.525000000000000000e+03
6.322000000000000000e+03
1.251000000000000000e+04
4.000000000000000000e+01
4.644000000000000000e+03
2.663000000000000000e+03
9.322000000000000000e+03
5.826000000000000000e+03
1.365000000000000000e+03
1.014700000000000000e+04
6.289000000000000000e+03
1.700000000000000000e+03
