2.046000000000000000e+03
1.009100000000000000e+04
7.335000000000000000e+03
1.092600000000000000e+04
3.113000000000000000e+03
1.597000000000000000e+03
9.214000000000000000e+03
6.749000000000000000e+03
4.920000000000000000e+02
6.762000000000000000e+03
7.212000000000000000e+03
3.610000000000000000e+02
9.250000000000000000e+03
6.009000000000000000e+03
6.217000000000000000e+03
2.547000000000000000e+03
1.046500000000000000e+04
8.367000000000000000e+03
3.881000000000000000e+03
2.630000000000000000e+02
7.943000000000000000e+03
3.654000000000000000e+03
4.249000000000000000e+03
1.345000000000000000e+03
3.697000000000000000e+03
7.144000000000000000e+03
5.433000000000000000e+03
8.759000000000000000e+03
9.840000000000000000e+02
5.212000000000000000e+03
7.165000000000000000e+03
1.936000000000000000e+03
5.286000000000000000e+03
4.338000000000000000e+03
7.768000000000000000e+03
1.009200000000000000e+04
1.818000000000000000e+03
9.720000000000000000e+02
9.882000000000000000e+03
3.970000000000000000e+03
2.028000000000000000e+03
5.967000000000000000e+03
1.019500000000000000e+04
8.849000000000000000e+03
5.673000000000000000e+03
7.420000000000000000e+03
3.410000000000000000e+02
5.104000000000000000e+03
4.051000000000000000e+03
2.157000000000000000e+03
