7.768000000000000000e+03
3.113000000000000000e+03
4.249000000000000000e+03
4.920000000000000000e+02
3.610000000000000000e+02
9.250000000000000000e+03
6.493000000000000000e+03
9.153000000000000000e+03
5.212000000000000000e+03
7.037000000000000000e+03
7.335000000000000000e+03
4.937000000000000000e+03
5.887000000000000000e+03
5.286000000000000000e+03
6.009000000000000000e+03
8.963000000000000000e+03
6.749000000000000000e+03
8.046000000000000000e+03
1.345000000000000000e+03
5.967000000000000000e+03
1.009100000000000000e+04
1.500000000000000000e+03
9.882000000000000000e+03
9.840000000000000000e+02
7.144000000000000000e+03
2.880000000000000000e+02
3.803000000000000000e+03
3.881000000000000000e+03
4.233000000000000000e+03
9.138000000000000000e+03
8.199000000000000000e+03
4.188000000000000000e+03
1.073200000000000000e+04
4.303000000000000000e+03
3.129000000000000000e+03
3.410000000000000000e+02
5.135000000000000000e+03
1.039100000000000000e+04
1.763000000000000000e+03
3.417000000000000000e+03
4.051000000000000000e+03
1.597000000000000000e+03
7.687000000000000000e+03
9.058000000000000000e+03
1.072900000000000000e+04
1.080500000000000000e+04
1.187000000000000000e+03
4.181000000000000000e+03
1.106200000000000000e+04
8.367000000000000000e+03
