7.768000000000000000e+03
3.354000000000000000e+03
4.920000000000000000e+02
9.153000000000000000e+03
3.610000000000000000e+02
3.836000000000000000e+03
2.547000000000000000e+03
3.113000000000000000e+03
3.877000000000000000e+03
4.647000000000000000e+03
9.250000000000000000e+03
1.023800000000000000e+04
9.613000000000000000e+03
1.013400000000000000e+04
2.467000000000000000e+03
5.286000000000000000e+03
4.249000000000000000e+03
7.335000000000000000e+03
7.165000000000000000e+03
8.380000000000000000e+03
5.841000000000000000e+03
4.441000000000000000e+03
6.849000000000000000e+03
1.039100000000000000e+04
6.496000000000000000e+03
9.340000000000000000e+02
5.405000000000000000e+03
7.420000000000000000e+03
9.929000000000000000e+03
5.967000000000000000e+03
7.950000000000000000e+03
3.712000000000000000e+03
5.379000000000000000e+03
5.152000000000000000e+03
8.199000000000000000e+03
8.759000000000000000e+03
5.278000000000000000e+03
4.930000000000000000e+02
4.051000000000000000e+03
3.044000000000000000e+03
2.199000000000000000e+03
2.630000000000000000e+02
4.763000000000000000e+03
9.422000000000000000e+03
4.303000000000000000e+03
5.433000000000000000e+03
1.597000000000000000e+03
2.028000000000000000e+03
1.128000000000000000e+03
9.840000000000000000e+02
