7.768000000000000000e+03
3.113000000000000000e+03
8.190000000000000000e+03
5.152000000000000000e+03
1.009100000000000000e+04
7.335000000000000000e+03
3.610000000000000000e+02
6.762000000000000000e+03
7.165000000000000000e+03
2.768000000000000000e+03
2.110000000000000000e+02
9.250000000000000000e+03
9.720000000000000000e+02
9.882000000000000000e+03
8.583000000000000000e+03
5.967000000000000000e+03
1.616000000000000000e+03
2.211000000000000000e+03
2.630000000000000000e+02
2.763000000000000000e+03
8.898000000000000000e+03
3.970000000000000000e+03
8.884000000000000000e+03
4.338000000000000000e+03
5.433000000000000000e+03
9.929000000000000000e+03
3.654000000000000000e+03
5.438000000000000000e+03
3.881000000000000000e+03
1.148000000000000000e+03
7.212000000000000000e+03
1.128000000000000000e+03
6.217000000000000000e+03
1.098700000000000000e+04
7.420000000000000000e+03
6.755000000000000000e+03
8.963000000000000000e+03
5.135000000000000000e+03
8.759000000000000000e+03
1.072900000000000000e+04
4.303000000000000000e+03
1.248000000000000000e+03
1.545000000000000000e+03
4.920000000000000000e+02
5.104000000000000000e+03
3.410000000000000000e+02
8.950000000000000000e+03
8.253000000000000000e+03
3.347000000000000000e+03
4.337000000000000000e+03
