7.768000000000000000e+03
7.335000000000000000e+03
9.065000000000000000e+03
3.610000000000000000e+02
4.575000000000000000e+03
5.212000000000000000e+03
5.887000000000000000e+03
3.113000000000000000e+03
9.250000000000000000e+03
4.920000000000000000e+02
1.019500000000000000e+04
9.214000000000000000e+03
7.420000000000000000e+03
3.970000000000000000e+03
6.006000000000000000e+03
2.547000000000000000e+03
9.720000000000000000e+02
4.338000000000000000e+03
7.144000000000000000e+03
4.731000000000000000e+03
4.249000000000000000e+03
9.882000000000000000e+03
5.967000000000000000e+03
1.072900000000000000e+04
2.775000000000000000e+03
5.673000000000000000e+03
5.135000000000000000e+03
8.759000000000000000e+03
8.963000000000000000e+03
7.165000000000000000e+03
6.336000000000000000e+03
1.345000000000000000e+03
4.685000000000000000e+03
2.694000000000000000e+03
6.089000000000000000e+03
2.467000000000000000e+03
9.058000000000000000e+03
5.379000000000000000e+03
5.433000000000000000e+03
1.039100000000000000e+04
1.597000000000000000e+03
5.104000000000000000e+03
7.780000000000000000e+03
1.063500000000000000e+04
5.684000000000000000e+03
7.580000000000000000e+02
2.630000000000000000e+02
8.884000000000000000e+03
1.066100000000000000e+04
7.950000000000000000e+03
