1.114300000000000000e+04
9.153000000000000000e+03
1.009200000000000000e+04
1.037000000000000000e+03
1.005500000000000000e+04
3.610000000000000000e+02
9.250000000000000000e+03
3.113000000000000000e+03
6.217000000000000000e+03
4.920000000000000000e+02
2.547000000000000000e+03
9.525000000000000000e+03
9.138000000000000000e+03
7.768000000000000000e+03
7.037000000000000000e+03
7.335000000000000000e+03
4.338000000000000000e+03
4.757000000000000000e+03
7.943000000000000000e+03
2.199000000000000000e+03
4.051000000000000000e+03
8.583000000000000000e+03
1.019500000000000000e+04
7.646000000000000000e+03
8.950000000000000000e+03
9.882000000000000000e+03
6.590000000000000000e+02
6.689000000000000000e+03
7.212000000000000000e+03
6.749000000000000000e+03
6.762000000000000000e+03
1.098700000000000000e+04
5.255000000000000000e+03
8.049000000000000000e+03
2.157000000000000000e+03
4.494000000000000000e+03
5.711000000000000000e+03
8.759000000000000000e+03
5.841000000000000000e+03
9.422000000000000000e+03
1.062900000000000000e+04
7.145000000000000000e+03
4.303000000000000000e+03
3.428000000000000000e+03
7.950000000000000000e+03
8.367000000000000000e+03
1.148000000000000000e+03
5.967000000000000000e+03
5.212000000000000000e+03
2.493000000000000000e+03
