1.870000000000000000e+03
2.296000000000000000e+03
4.388000000000000000e+03
3.663000000000000000e+03
3.869000000000000000e+03
1.813000000000000000e+03
4.262000000000000000e+03
2.554000000000000000e+03
3.111000000000000000e+03
1.318000000000000000e+03
2.847000000000000000e+03
1.290000000000000000e+02
4.400000000000000000e+02
3.454000000000000000e+03
1.857000000000000000e+03
3.786000000000000000e+03
4.199000000000000000e+03
1.929000000000000000e+03
1.650000000000000000e+03
3.862000000000000000e+03
1.075000000000000000e+03
3.167000000000000000e+03
9.680000000000000000e+02
1.464000000000000000e+03
2.172000000000000000e+03
2.801000000000000000e+03
7.790000000000000000e+02
4.129000000000000000e+03
3.759000000000000000e+03
2.747000000000000000e+03
6.970000000000000000e+02
4.342000000000000000e+03
3.775000000000000000e+03
3.975000000000000000e+03
2.941000000000000000e+03
3.770000000000000000e+02
4.200000000000000000e+01
1.199000000000000000e+03
1.410000000000000000e+03
4.412000000000000000e+03
2.748000000000000000e+03
2.236000000000000000e+03
3.000000000000000000e+00
2.635000000000000000e+03
3.912000000000000000e+03
3.033000000000000000e+03
5.190000000000000000e+02
3.158000000000000000e+03
3.640000000000000000e+02
8.240000000000000000e+02
