1.870000000000000000e+03
2.618000000000000000e+03
2.339000000000000000e+03
2.502000000000000000e+03
2.801000000000000000e+03
2.172000000000000000e+03
3.280000000000000000e+02
3.304000000000000000e+03
1.010000000000000000e+02
1.857000000000000000e+03
2.797000000000000000e+03
3.975000000000000000e+03
3.033000000000000000e+03
4.230000000000000000e+03
9.620000000000000000e+02
2.373000000000000000e+03
1.318000000000000000e+03
2.941000000000000000e+03
2.554000000000000000e+03
4.252000000000000000e+03
1.813000000000000000e+03
3.111000000000000000e+03
2.274000000000000000e+03
3.775000000000000000e+03
4.011000000000000000e+03
3.454000000000000000e+03
4.432000000000000000e+03
2.933000000000000000e+03
1.290000000000000000e+02
3.640000000000000000e+02
2.467000000000000000e+03
4.280000000000000000e+02
4.460000000000000000e+02
1.000000000000000000e+01
4.234000000000000000e+03
6.360000000000000000e+02
3.660000000000000000e+03
1.154000000000000000e+03
1.650000000000000000e+03
9.950000000000000000e+02
1.544000000000000000e+03
1.868000000000000000e+03
6.970000000000000000e+02
3.333000000000000000e+03
3.786000000000000000e+03
1.824000000000000000e+03
4.200000000000000000e+01
3.476000000000000000e+03
3.912000000000000000e+03
3.729000000000000000e+03
