1.870000000000000000e+03
3.386000000000000000e+03
1.500000000000000000e+02
9.620000000000000000e+02
2.801000000000000000e+03
3.775000000000000000e+03
3.521000000000000000e+03
3.897000000000000000e+03
1.290000000000000000e+02
3.640000000000000000e+02
1.100000000000000000e+02
3.912000000000000000e+03
2.908000000000000000e+03
2.797000000000000000e+03
3.729000000000000000e+03
9.560000000000000000e+02
1.694000000000000000e+03
3.571000000000000000e+03
2.618000000000000000e+03
3.786000000000000000e+03
1.714000000000000000e+03
1.857000000000000000e+03
3.454000000000000000e+03
2.847000000000000000e+03
1.868000000000000000e+03
3.111000000000000000e+03
4.460000000000000000e+02
2.554000000000000000e+03
2.748000000000000000e+03
1.199000000000000000e+03
1.318000000000000000e+03
2.467000000000000000e+03
1.746000000000000000e+03
1.464000000000000000e+03
4.011000000000000000e+03
2.941000000000000000e+03
1.405000000000000000e+03
4.153000000000000000e+03
3.602000000000000000e+03
2.575000000000000000e+03
1.075000000000000000e+03
3.167000000000000000e+03
9.680000000000000000e+02
3.759000000000000000e+03
1.650000000000000000e+03
1.053000000000000000e+03
3.975000000000000000e+03
1.410000000000000000e+03
2.155000000000000000e+03
6.360000000000000000e+02
