1.870000000000000000e+03
3.020000000000000000e+03
2.172000000000000000e+03
3.488000000000000000e+03
1.604000000000000000e+03
1.100000000000000000e+02
9.620000000000000000e+02
3.912000000000000000e+03
1.290000000000000000e+02
3.111000000000000000e+03
3.298000000000000000e+03
2.801000000000000000e+03
2.618000000000000000e+03
2.502000000000000000e+03
2.847000000000000000e+03
3.729000000000000000e+03
9.560000000000000000e+02
3.251000000000000000e+03
1.318000000000000000e+03
1.868000000000000000e+03
3.902000000000000000e+03
1.549000000000000000e+03
1.857000000000000000e+03
3.423000000000000000e+03
4.251000000000000000e+03
2.554000000000000000e+03
4.011000000000000000e+03
3.521000000000000000e+03
2.584000000000000000e+03
4.230000000000000000e+03
3.033000000000000000e+03
3.660000000000000000e+03
2.941000000000000000e+03
1.230000000000000000e+03
1.405000000000000000e+03
3.897000000000000000e+03
3.602000000000000000e+03
3.759000000000000000e+03
3.786000000000000000e+03
3.454000000000000000e+03
4.262000000000000000e+03
2.237000000000000000e+03
2.368000000000000000e+03
3.167000000000000000e+03
1.746000000000000000e+03
9.950000000000000000e+02
6.360000000000000000e+02
4.414000000000000000e+03
9.300000000000000000e+01
1.043000000000000000e+03
