1.050000000000000000e+02
5.830000000000000000e+02
9.000000000000000000e+00
2.140000000000000000e+02
1.720000000000000000e+02
1.340000000000000000e+02
3.950000000000000000e+02
4.730000000000000000e+02
4.710000000000000000e+02
1.600000000000000000e+01
7.300000000000000000e+01
2.130000000000000000e+02
5.140000000000000000e+02
1.780000000000000000e+02
1.390000000000000000e+02
8.000000000000000000e+00
5.890000000000000000e+02
1.660000000000000000e+02
3.940000000000000000e+02
1.060000000000000000e+02
4.800000000000000000e+01
3.960000000000000000e+02
2.150000000000000000e+02
1.420000000000000000e+02
5.760000000000000000e+02
4.100000000000000000e+01
5.170000000000000000e+02
1.090000000000000000e+02
5.450000000000000000e+02
1.030000000000000000e+02
1.850000000000000000e+02
1.790000000000000000e+02
1.000000000000000000e+01
1.070000000000000000e+02
5.120000000000000000e+02
1.350000000000000000e+02
1.500000000000000000e+01
1.730000000000000000e+02
1.810000000000000000e+02
5.480000000000000000e+02
8.100000000000000000e+01
1.380000000000000000e+02
4.790000000000000000e+02
7.200000000000000000e+01
5.130000000000000000e+02
1.830000000000000000e+02
1.430000000000000000e+02
1.700000000000000000e+01
1.040000000000000000e+02
5.150000000000000000e+02
