6.966000000000000000e+03
9.600000000000000000e+01
9.872000000000000000e+03
4.716000000000000000e+03
9.166000000000000000e+03
1.268000000000000000e+03
8.234000000000000000e+03
7.640000000000000000e+02
8.532000000000000000e+03
8.950000000000000000e+02
2.344000000000000000e+03
8.408000000000000000e+03
8.720000000000000000e+03
1.158000000000000000e+03
8.241000000000000000e+03
7.236000000000000000e+03
9.353000000000000000e+03
1.009800000000000000e+04
6.240000000000000000e+02
9.390000000000000000e+03
9.116000000000000000e+03
7.673000000000000000e+03
6.520000000000000000e+02
8.531000000000000000e+03
1.157000000000000000e+03
7.954000000000000000e+03
2.536000000000000000e+03
9.283000000000000000e+03
4.864000000000000000e+03
3.155000000000000000e+03
1.044000000000000000e+03
8.380000000000000000e+03
8.121000000000000000e+03
6.230000000000000000e+02
1.804000000000000000e+03
4.528000000000000000e+03
9.810000000000000000e+02
9.167000000000000000e+03
6.128000000000000000e+03
1.396000000000000000e+03
8.019000000000000000e+03
7.505000000000000000e+03
1.047000000000000000e+03
9.464000000000000000e+03
2.520000000000000000e+03
3.013000000000000000e+03
7.685000000000000000e+03
4.221000000000000000e+03
9.619000000000000000e+03
9.354000000000000000e+03
