6.966000000000000000e+03
5.440000000000000000e+02
9.873000000000000000e+03
8.393000000000000000e+03
5.055000000000000000e+03
1.029100000000000000e+04
1.152000000000000000e+03
2.520000000000000000e+03
4.529000000000000000e+03
3.150000000000000000e+02
8.938000000000000000e+03
1.044000000000000000e+03
7.506000000000000000e+03
6.240000000000000000e+02
3.155000000000000000e+03
3.855000000000000000e+03
8.056000000000000000e+03
7.540000000000000000e+03
4.160000000000000000e+03
8.605000000000000000e+03
8.413000000000000000e+03
4.640000000000000000e+03
4.020000000000000000e+02
8.380000000000000000e+03
5.090000000000000000e+02
9.353000000000000000e+03
1.009800000000000000e+04
2.963000000000000000e+03
1.158000000000000000e+03
8.772000000000000000e+03
2.928000000000000000e+03
5.479000000000000000e+03
2.567000000000000000e+03
5.093000000000000000e+03
9.088000000000000000e+03
7.798000000000000000e+03
9.400000000000000000e+02
1.867000000000000000e+03
8.893000000000000000e+03
3.042000000000000000e+03
2.790000000000000000e+03
2.407000000000000000e+03
3.969000000000000000e+03
1.017700000000000000e+04
5.762000000000000000e+03
4.158000000000000000e+03
7.815000000000000000e+03
1.512000000000000000e+03
3.013000000000000000e+03
1.047000000000000000e+03
