2.585000000000000000e+03
4.932000000000000000e+03
1.815000000000000000e+03
3.648000000000000000e+03
4.522000000000000000e+03
2.710000000000000000e+03
2.111000000000000000e+03
4.869000000000000000e+03
3.474000000000000000e+03
4.107000000000000000e+03
3.397000000000000000e+03
2.188000000000000000e+03
2.690000000000000000e+03
3.993000000000000000e+03
4.203000000000000000e+03
3.919000000000000000e+03
4.646000000000000000e+03
3.724000000000000000e+03
2.084000000000000000e+03
4.720000000000000000e+02
4.842000000000000000e+03
1.948000000000000000e+03
3.070000000000000000e+02
4.237000000000000000e+03
2.400000000000000000e+03
2.697000000000000000e+03
4.155000000000000000e+03
3.400000000000000000e+01
3.845000000000000000e+03
1.870000000000000000e+03
2.816000000000000000e+03
2.798000000000000000e+03
3.514000000000000000e+03
5.387000000000000000e+03
4.685000000000000000e+03
2.679000000000000000e+03
3.762000000000000000e+03
5.069000000000000000e+03
2.762000000000000000e+03
3.660000000000000000e+03
3.358000000000000000e+03
4.482000000000000000e+03
2.965000000000000000e+03
1.921000000000000000e+03
4.085000000000000000e+03
2.317000000000000000e+03
1.129000000000000000e+03
3.869000000000000000e+03
4.283000000000000000e+03
2.575000000000000000e+03
