4.162000000000000000e+03
2.710000000000000000e+03
4.894000000000000000e+03
5.703000000000000000e+03
3.648000000000000000e+03
4.107000000000000000e+03
3.474000000000000000e+03
3.909000000000000000e+03
2.188000000000000000e+03
3.664000000000000000e+03
4.959000000000000000e+03
5.148000000000000000e+03
2.084000000000000000e+03
2.400000000000000000e+03
1.948000000000000000e+03
3.724000000000000000e+03
4.842000000000000000e+03
8.450000000000000000e+02
1.815000000000000000e+03
4.203000000000000000e+03
2.585000000000000000e+03
1.664000000000000000e+03
4.514000000000000000e+03
4.237000000000000000e+03
2.690000000000000000e+03
2.697000000000000000e+03
1.774000000000000000e+03
3.886000000000000000e+03
3.786000000000000000e+03
4.155000000000000000e+03
3.993000000000000000e+03
4.646000000000000000e+03
5.840000000000000000e+02
2.762000000000000000e+03
3.919000000000000000e+03
3.762000000000000000e+03
4.482000000000000000e+03
2.679000000000000000e+03
2.780000000000000000e+03
4.685000000000000000e+03
1.921000000000000000e+03
1.390000000000000000e+03
3.514000000000000000e+03
1.127000000000000000e+03
3.845000000000000000e+03
4.832000000000000000e+03
5.679000000000000000e+03
3.660000000000000000e+03
4.024000000000000000e+03
3.044000000000000000e+03
