4.652000000000000000e+03
2.851000000000000000e+03
3.191000000000000000e+03
2.717000000000000000e+03
1.910000000000000000e+03
4.306000000000000000e+03
4.791000000000000000e+03
7.710000000000000000e+02
3.526000000000000000e+03
2.075000000000000000e+03
4.290000000000000000e+02
2.674000000000000000e+03
2.248000000000000000e+03
1.898000000000000000e+03
8.020000000000000000e+02
1.170000000000000000e+02
1.573000000000000000e+03
2.024000000000000000e+03
1.789000000000000000e+03
4.363000000000000000e+03
5.476000000000000000e+03
2.967000000000000000e+03
5.256000000000000000e+03
4.249000000000000000e+03
4.738000000000000000e+03
4.631000000000000000e+03
1.478000000000000000e+03
2.384000000000000000e+03
4.705000000000000000e+03
1.202000000000000000e+03
5.324000000000000000e+03
2.696000000000000000e+03
1.771000000000000000e+03
3.674000000000000000e+03
4.505000000000000000e+03
7.900000000000000000e+01
5.234000000000000000e+03
5.188000000000000000e+03
5.503000000000000000e+03
3.745000000000000000e+03
1.565000000000000000e+03
1.304000000000000000e+03
1.599000000000000000e+03
3.106000000000000000e+03
2.911000000000000000e+03
1.310000000000000000e+03
9.900000000000000000e+02
3.547000000000000000e+03
2.348000000000000000e+03
8.800000000000000000e+01
