3.527000000000000000e+03
2.865000000000000000e+03
5.426000000000000000e+03
5.371000000000000000e+03
4.858000000000000000e+03
1.947000000000000000e+03
3.916000000000000000e+03
6.450000000000000000e+02
4.048000000000000000e+03
2.075000000000000000e+03
1.612000000000000000e+03
2.861000000000000000e+03
1.983000000000000000e+03
3.283000000000000000e+03
4.073000000000000000e+03
9.990000000000000000e+02
1.663000000000000000e+03
2.985000000000000000e+03
1.508000000000000000e+03
6.630000000000000000e+02
8.800000000000000000e+02
5.542000000000000000e+03
1.276000000000000000e+03
3.119000000000000000e+03
4.030000000000000000e+03
3.983000000000000000e+03
3.321000000000000000e+03
1.200000000000000000e+02
1.220000000000000000e+03
6.810000000000000000e+02
1.353000000000000000e+03
3.601000000000000000e+03
1.586000000000000000e+03
4.840000000000000000e+03
4.815000000000000000e+03
1.344000000000000000e+03
3.936000000000000000e+03
2.192000000000000000e+03
5.165000000000000000e+03
3.744000000000000000e+03
1.695000000000000000e+03
4.429000000000000000e+03
3.980000000000000000e+02
3.415000000000000000e+03
2.540000000000000000e+03
4.819000000000000000e+03
4.569000000000000000e+03
4.867000000000000000e+03
3.474000000000000000e+03
1.461000000000000000e+03
