2.419000000000000000e+03
1.665000000000000000e+03
1.554000000000000000e+03
1.413000000000000000e+03
7.720000000000000000e+02
9.180000000000000000e+02
1.090000000000000000e+02
2.199000000000000000e+03
1.689000000000000000e+03
1.000000000000000000e+02
4.880000000000000000e+02
1.080000000000000000e+02
4.500000000000000000e+01
2.160000000000000000e+02
2.198000000000000000e+03
1.020000000000000000e+02
9.330000000000000000e+02
7.830000000000000000e+02
5.700000000000000000e+02
9.240000000000000000e+02
9.740000000000000000e+02
1.805000000000000000e+03
5.560000000000000000e+02
5.420000000000000000e+02
1.050000000000000000e+02
1.408000000000000000e+03
1.690000000000000000e+03
1.070000000000000000e+02
2.309000000000000000e+03
1.299000000000000000e+03
4.910000000000000000e+02
7.180000000000000000e+02
8.090000000000000000e+02
1.369000000000000000e+03
1.034000000000000000e+03
6.100000000000000000e+02
6.980000000000000000e+02
8.380000000000000000e+02
4.560000000000000000e+02
8.120000000000000000e+02
1.894000000000000000e+03
9.200000000000000000e+02
5.680000000000000000e+02
1.600000000000000000e+02
4.400000000000000000e+01
1.028000000000000000e+03
5.570000000000000000e+02
1.235000000000000000e+03
8.690000000000000000e+02
1.655000000000000000e+03
