9.010000000000000000e+02
1.016000000000000000e+03
4.860000000000000000e+02
4.190000000000000000e+02
4.960000000000000000e+02
7.230000000000000000e+02
8.620000000000000000e+02
1.019000000000000000e+03
8.000000000000000000e+02
6.630000000000000000e+02
8.030000000000000000e+02
5.360000000000000000e+02
7.970000000000000000e+02
5.460000000000000000e+02
1.245000000000000000e+03
9.620000000000000000e+02
1.078000000000000000e+03
6.840000000000000000e+02
4.360000000000000000e+02
4.240000000000000000e+02
1.189000000000000000e+03
1.383000000000000000e+03
8.020000000000000000e+02
1.760000000000000000e+03
8.420000000000000000e+02
1.013000000000000000e+03
5.350000000000000000e+02
9.180000000000000000e+02
7.240000000000000000e+02
8.780000000000000000e+02
1.319000000000000000e+03
4.260000000000000000e+02
7.430000000000000000e+02
1.082000000000000000e+03
7.190000000000000000e+02
5.450000000000000000e+02
6.160000000000000000e+02
1.139000000000000000e+03
4.980000000000000000e+02
7.830000000000000000e+02
4.070000000000000000e+02
3.060000000000000000e+02
1.127000000000000000e+03
8.040000000000000000e+02
1.142000000000000000e+03
7.370000000000000000e+02
7.710000000000000000e+02
1.458000000000000000e+03
1.199000000000000000e+03
9.020000000000000000e+02
