6.270000000000000000e+02
8.000000000000000000e+02
3.200000000000000000e+02
3.800000000000000000e+02
1.300000000000000000e+01
4.880000000000000000e+02
1.011000000000000000e+03
1.570000000000000000e+02
7.650000000000000000e+02
2.250000000000000000e+02
4.310000000000000000e+02
6.740000000000000000e+02
1.530000000000000000e+02
5.250000000000000000e+02
4.540000000000000000e+02
9.520000000000000000e+02
1.580000000000000000e+02
5.270000000000000000e+02
8.200000000000000000e+01
3.860000000000000000e+02
5.200000000000000000e+02
2.240000000000000000e+02
1.010000000000000000e+03
6.230000000000000000e+02
4.970000000000000000e+02
9.900000000000000000e+02
4.670000000000000000e+02
5.580000000000000000e+02
2.880000000000000000e+02
8.010000000000000000e+02
1.500000000000000000e+01
2.760000000000000000e+02
7.340000000000000000e+02
9.820000000000000000e+02
1.880000000000000000e+02
3.210000000000000000e+02
5.210000000000000000e+02
5.000000000000000000e+01
3.750000000000000000e+02
3.840000000000000000e+02
3.150000000000000000e+02
9.590000000000000000e+02
3.540000000000000000e+02
7.040000000000000000e+02
5.240000000000000000e+02
7.300000000000000000e+01
9.540000000000000000e+02
5.910000000000000000e+02
2.560000000000000000e+02
1.400000000000000000e+01
