1.670000000000000000e+03
9.783000000000000000e+03
6.914000000000000000e+03
3.982000000000000000e+03
1.811000000000000000e+03
8.316000000000000000e+03
4.030000000000000000e+02
6.501000000000000000e+03
1.521000000000000000e+03
7.074000000000000000e+03
5.991000000000000000e+03
5.795000000000000000e+03
8.397000000000000000e+03
7.195000000000000000e+03
6.294000000000000000e+03
9.278000000000000000e+03
2.529000000000000000e+03
7.733000000000000000e+03
9.981000000000000000e+03
8.000000000000000000e+02
7.887000000000000000e+03
2.643000000000000000e+03
9.923000000000000000e+03
2.100000000000000000e+03
6.600000000000000000e+02
1.060000000000000000e+02
5.183000000000000000e+03
2.603000000000000000e+03
2.300000000000000000e+02
5.192000000000000000e+03
7.561000000000000000e+03
2.154000000000000000e+03
9.487000000000000000e+03
9.388000000000000000e+03
5.630000000000000000e+03
5.495000000000000000e+03
6.000000000000000000e+00
4.322000000000000000e+03
7.800000000000000000e+03
2.500000000000000000e+01
2.567000000000000000e+03
8.652000000000000000e+03
7.650000000000000000e+02
9.995000000000000000e+03
3.297000000000000000e+03
6.139000000000000000e+03
3.381000000000000000e+03
4.985000000000000000e+03
8.976000000000000000e+03
5.375000000000000000e+03
