1.540000000000000000e+03
9.783000000000000000e+03
9.586000000000000000e+03
7.747000000000000000e+03
2.408000000000000000e+03
8.652000000000000000e+03
7.650000000000000000e+02
9.995000000000000000e+03
7.520000000000000000e+03
2.567000000000000000e+03
9.511000000000000000e+03
3.381000000000000000e+03
7.665000000000000000e+03
6.600000000000000000e+02
3.577000000000000000e+03
1.521000000000000000e+03
4.967000000000000000e+03
5.991000000000000000e+03
9.800000000000000000e+03
9.487000000000000000e+03
2.830000000000000000e+03
5.630000000000000000e+03
5.192000000000000000e+03
8.445000000000000000e+03
2.154000000000000000e+03
5.084000000000000000e+03
9.821000000000000000e+03
4.754000000000000000e+03
9.368000000000000000e+03
7.111000000000000000e+03
2.932000000000000000e+03
6.000000000000000000e+00
6.501000000000000000e+03
4.030000000000000000e+02
1.060000000000000000e+02
6.932000000000000000e+03
8.550000000000000000e+03
8.087000000000000000e+03
4.188000000000000000e+03
2.509000000000000000e+03
9.275000000000000000e+03
5.121000000000000000e+03
6.139000000000000000e+03
3.780000000000000000e+03
8.518000000000000000e+03
6.093000000000000000e+03
9.179000000000000000e+03
5.420000000000000000e+03
7.887000000000000000e+03
1.605000000000000000e+03
