1.870000000000000000e+03
3.817000000000000000e+03
3.442000000000000000e+03
1.676000000000000000e+03
3.138000000000000000e+03
4.317000000000000000e+03
3.158000000000000000e+03
3.610000000000000000e+03
4.740000000000000000e+02
4.009000000000000000e+03
3.307000000000000000e+03
4.200000000000000000e+03
1.194000000000000000e+03
4.156000000000000000e+03
8.500000000000000000e+01
1.544000000000000000e+03
1.635000000000000000e+03
9.750000000000000000e+02
1.532000000000000000e+03
2.329000000000000000e+03
6.020000000000000000e+02
4.129000000000000000e+03
2.210000000000000000e+03
1.210000000000000000e+02
2.979000000000000000e+03
4.900000000000000000e+02
3.460000000000000000e+03
4.425000000000000000e+03
3.488000000000000000e+03
4.345000000000000000e+03
7.430000000000000000e+02
4.096000000000000000e+03
2.644000000000000000e+03
1.014000000000000000e+03
9.530000000000000000e+02
3.850000000000000000e+02
2.766000000000000000e+03
8.810000000000000000e+02
7.860000000000000000e+02
2.274000000000000000e+03
6.770000000000000000e+02
1.515000000000000000e+03
1.638000000000000000e+03
3.484000000000000000e+03
2.910000000000000000e+02
1.929000000000000000e+03
4.433000000000000000e+03
2.471000000000000000e+03
5.910000000000000000e+02
8.460000000000000000e+02
