1.870000000000000000e+03
3.386000000000000000e+03
1.500000000000000000e+02
2.403000000000000000e+03
2.427000000000000000e+03
4.156000000000000000e+03
8.500000000000000000e+01
1.862000000000000000e+03
3.715000000000000000e+03
2.870000000000000000e+03
3.786000000000000000e+03
3.158000000000000000e+03
1.304000000000000000e+03
2.512000000000000000e+03
2.910000000000000000e+02
2.873000000000000000e+03
4.082000000000000000e+03
2.329000000000000000e+03
1.845000000000000000e+03
3.077000000000000000e+03
4.369000000000000000e+03
3.817000000000000000e+03
1.145000000000000000e+03
4.149000000000000000e+03
3.790000000000000000e+02
3.992000000000000000e+03
1.329000000000000000e+03
1.339000000000000000e+03
2.668000000000000000e+03
1.235000000000000000e+03
5.400000000000000000e+01
2.858000000000000000e+03
3.270000000000000000e+03
2.292000000000000000e+03
1.194000000000000000e+03
1.053000000000000000e+03
3.120000000000000000e+02
3.729000000000000000e+03
1.896000000000000000e+03
1.014000000000000000e+03
2.644000000000000000e+03
4.096000000000000000e+03
7.430000000000000000e+02
4.345000000000000000e+03
3.488000000000000000e+03
3.307000000000000000e+03
9.680000000000000000e+02
2.266000000000000000e+03
1.298000000000000000e+03
1.335000000000000000e+03
