7.076000000000000000e+03
4.350000000000000000e+02
6.967000000000000000e+03
3.150000000000000000e+02
6.966000000000000000e+03
4.370000000000000000e+02
7.189000000000000000e+03
6.670000000000000000e+02
7.077000000000000000e+03
2.090000000000000000e+02
7.190000000000000000e+03
2.110000000000000000e+02
6.853000000000000000e+03
7.670000000000000000e+02
6.965000000000000000e+03
6.660000000000000000e+02
7.078000000000000000e+03
9.506000000000000000e+03
8.758000000000000000e+03
9.507000000000000000e+03
7.856000000000000000e+03
9.388000000000000000e+03
1.010200000000000000e+04
9.389000000000000000e+03
7.505000000000000000e+03
9.277000000000000000e+03
8.854000000000000000e+03
9.498000000000000000e+03
9.305000000000000000e+03
9.281000000000000000e+03
7.188000000000000000e+03
9.282000000000000000e+03
7.301000000000000000e+03
3.180000000000000000e+02
7.415000000000000000e+03
4.340000000000000000e+02
4.720000000000000000e+03
4.270000000000000000e+02
6.294000000000000000e+03
9.600000000000000000e+01
6.630000000000000000e+03
9.800000000000000000e+01
6.742000000000000000e+03
3.160000000000000000e+02
6.501000000000000000e+03
1.000000000000000000e+02
6.850000000000000000e+03
2.100000000000000000e+02
6.963000000000000000e+03
9.621000000000000000e+03
