6.966000000000000000e+03
4.370000000000000000e+02
6.965000000000000000e+03
9.507000000000000000e+03
7.190000000000000000e+03
2.110000000000000000e+02
6.853000000000000000e+03
7.670000000000000000e+02
7.077000000000000000e+03
2.090000000000000000e+02
6.501000000000000000e+03
1.000000000000000000e+02
6.967000000000000000e+03
3.150000000000000000e+02
6.294000000000000000e+03
5.460000000000000000e+02
7.189000000000000000e+03
6.670000000000000000e+02
7.188000000000000000e+03
8.950000000000000000e+02
6.851000000000000000e+03
9.621000000000000000e+03
7.078000000000000000e+03
9.281000000000000000e+03
7.076000000000000000e+03
5.450000000000000000e+02
6.854000000000000000e+03
5.560000000000000000e+02
6.855000000000000000e+03
7.281000000000000000e+03
6.070000000000000000e+03
9.198000000000000000e+03
5.845000000000000000e+03
7.169000000000000000e+03
6.408000000000000000e+03
7.624000000000000000e+03
9.972000000000000000e+03
7.287000000000000000e+03
6.000000000000000000e+00
7.399000000000000000e+03
9.751000000000000000e+03
6.388000000000000000e+03
9.970000000000000000e+03
6.838000000000000000e+03
3.160000000000000000e+02
6.389000000000000000e+03
1.190000000000000000e+02
2.695000000000000000e+03
2.000000000000000000e+00
5.939000000000000000e+03
