6.966000000000000000e+03
9.600000000000000000e+01
6.967000000000000000e+03
3.150000000000000000e+02
7.077000000000000000e+03
7.670000000000000000e+02
7.190000000000000000e+03
2.110000000000000000e+02
6.294000000000000000e+03
4.270000000000000000e+02
6.181000000000000000e+03
3.160000000000000000e+02
6.501000000000000000e+03
9.700000000000000000e+01
6.613000000000000000e+03
9.864000000000000000e+03
7.287000000000000000e+03
9.972000000000000000e+03
6.389000000000000000e+03
1.000000000000000000e+02
7.076000000000000000e+03
9.281000000000000000e+03
6.965000000000000000e+03
4.370000000000000000e+02
7.189000000000000000e+03
6.670000000000000000e+02
6.854000000000000000e+03
8.950000000000000000e+02
6.964000000000000000e+03
6.710000000000000000e+02
7.078000000000000000e+03
9.619000000000000000e+03
6.853000000000000000e+03
7.650000000000000000e+02
6.182000000000000000e+03
5.460000000000000000e+02
6.518000000000000000e+03
7.281000000000000000e+03
5.396000000000000000e+03
7.057000000000000000e+03
5.284000000000000000e+03
9.198000000000000000e+03
6.070000000000000000e+03
7.282000000000000000e+03
6.404000000000000000e+03
6.660000000000000000e+02
6.628000000000000000e+03
9.507000000000000000e+03
6.852000000000000000e+03
9.282000000000000000e+03
