6.966000000000000000e+03
9.600000000000000000e+01
7.190000000000000000e+03
9.282000000000000000e+03
7.189000000000000000e+03
6.670000000000000000e+02
6.965000000000000000e+03
4.370000000000000000e+02
6.967000000000000000e+03
9.700000000000000000e+01
6.853000000000000000e+03
2.110000000000000000e+02
6.294000000000000000e+03
3.160000000000000000e+02
6.613000000000000000e+03
9.751000000000000000e+03
7.830000000000000000e+02
9.864000000000000000e+03
4.498000000000000000e+03
1.000000000000000000e+02
7.077000000000000000e+03
2.090000000000000000e+02
6.501000000000000000e+03
3.150000000000000000e+02
8.854000000000000000e+03
3.090000000000000000e+02
8.966000000000000000e+03
8.300000000000000000e+01
8.517000000000000000e+03
2.060000000000000000e+02
9.755000000000000000e+03
4.240000000000000000e+02
6.406000000000000000e+03
4.270000000000000000e+02
4.716000000000000000e+03
8.400000000000000000e+01
5.845000000000000000e+03
9.678000000000000000e+03
5.732000000000000000e+03
9.620000000000000000e+03
7.191000000000000000e+03
9.619000000000000000e+03
7.078000000000000000e+03
6.660000000000000000e+02
6.854000000000000000e+03
8.950000000000000000e+02
6.851000000000000000e+03
8.900000000000000000e+01
6.629000000000000000e+03
9.800000000000000000e+01
