4.162000000000000000e+03
2.710000000000000000e+03
4.261000000000000000e+03
4.646000000000000000e+03
3.988000000000000000e+03
4.283000000000000000e+03
3.077000000000000000e+03
4.237000000000000000e+03
3.380000000000000000e+03
3.349000000000000000e+03
1.672000000000000000e+03
2.585000000000000000e+03
4.532000000000000000e+03
4.959000000000000000e+03
1.121000000000000000e+03
4.107000000000000000e+03
2.188000000000000000e+03
1.815000000000000000e+03
2.421000000000000000e+03
4.212000000000000000e+03
4.842000000000000000e+03
3.660000000000000000e+03
1.971000000000000000e+03
8.000000000000000000e+01
1.127000000000000000e+03
4.685000000000000000e+03
1.832000000000000000e+03
4.203000000000000000e+03
4.087000000000000000e+03
2.816000000000000000e+03
5.711000000000000000e+03
2.496000000000000000e+03
3.620000000000000000e+03
2.679000000000000000e+03
3.257000000000000000e+03
3.170000000000000000e+03
3.799000000000000000e+03
3.378000000000000000e+03
4.338000000000000000e+03
3.344000000000000000e+03
4.977000000000000000e+03
1.790000000000000000e+03
4.270000000000000000e+02
2.372000000000000000e+03
2.190000000000000000e+02
3.648000000000000000e+03
3.668000000000000000e+03
3.455000000000000000e+03
1.522000000000000000e+03
4.450000000000000000e+03
