2.585000000000000000e+03
4.532000000000000000e+03
2.710000000000000000e+03
4.087000000000000000e+03
4.237000000000000000e+03
4.162000000000000000e+03
1.348000000000000000e+03
4.107000000000000000e+03
1.300000000000000000e+02
1.815000000000000000e+03
4.789000000000000000e+03
3.660000000000000000e+03
2.188000000000000000e+03
5.183000000000000000e+03
4.646000000000000000e+03
2.430000000000000000e+03
4.283000000000000000e+03
3.077000000000000000e+03
3.170000000000000000e+03
1.886000000000000000e+03
4.959000000000000000e+03
4.275000000000000000e+03
4.518000000000000000e+03
3.076000000000000000e+03
4.685000000000000000e+03
1.313000000000000000e+03
4.203000000000000000e+03
5.840000000000000000e+02
3.762000000000000000e+03
4.977000000000000000e+03
5.190000000000000000e+03
2.677000000000000000e+03
3.455000000000000000e+03
2.656000000000000000e+03
4.155000000000000000e+03
5.742000000000000000e+03
3.994000000000000000e+03
4.156000000000000000e+03
5.171000000000000000e+03
3.620000000000000000e+03
2.679000000000000000e+03
3.257000000000000000e+03
4.842000000000000000e+03
1.948000000000000000e+03
4.852000000000000000e+03
1.176000000000000000e+03
3.380000000000000000e+03
3.349000000000000000e+03
6.420000000000000000e+02
3.845000000000000000e+03
