2.585000000000000000e+03
4.532000000000000000e+03
2.710000000000000000e+03
5.703000000000000000e+03
4.646000000000000000e+03
2.430000000000000000e+03
4.237000000000000000e+03
4.793000000000000000e+03
3.474000000000000000e+03
4.162000000000000000e+03
1.348000000000000000e+03
4.107000000000000000e+03
2.188000000000000000e+03
3.077000000000000000e+03
5.679000000000000000e+03
1.815000000000000000e+03
3.175000000000000000e+03
4.959000000000000000e+03
4.275000000000000000e+03
2.679000000000000000e+03
4.434000000000000000e+03
4.842000000000000000e+03
3.950000000000000000e+02
4.207000000000000000e+03
2.965000000000000000e+03
3.845000000000000000e+03
4.832000000000000000e+03
5.915000000000000000e+03
3.595000000000000000e+03
4.283000000000000000e+03
2.697000000000000000e+03
4.212000000000000000e+03
3.380000000000000000e+03
3.349000000000000000e+03
2.665000000000000000e+03
4.977000000000000000e+03
3.170000000000000000e+03
3.799000000000000000e+03
3.455000000000000000e+03
3.323000000000000000e+03
2.361000000000000000e+03
2.496000000000000000e+03
3.620000000000000000e+03
4.155000000000000000e+03
5.898000000000000000e+03
4.518000000000000000e+03
3.245000000000000000e+03
2.400000000000000000e+03
2.461000000000000000e+03
3.919000000000000000e+03
