3.270000000000000000e+02
2.050000000000000000e+02
3.280000000000000000e+02
8.900000000000000000e+01
3.290000000000000000e+02
3.070000000000000000e+02
3.260000000000000000e+02
3.040000000000000000e+02
1.640000000000000000e+02
9.500000000000000000e+01
3.250000000000000000e+02
1.200000000000000000e+02
2.040000000000000000e+02
3.140000000000000000e+02
3.860000000000000000e+02
4.700000000000000000e+01
3.380000000000000000e+02
2.140000000000000000e+02
4.500000000000000000e+01
1.970000000000000000e+02
1.900000000000000000e+01
2.030000000000000000e+02
1.650000000000000000e+02
3.310000000000000000e+02
9.400000000000000000e+01
3.370000000000000000e+02
2.770000000000000000e+02
3.300000000000000000e+02
2.290000000000000000e+02
1.620000000000000000e+02
4.390000000000000000e+02
3.700000000000000000e+02
2.950000000000000000e+02
3.400000000000000000e+02
1.550000000000000000e+02
2.670000000000000000e+02
2.760000000000000000e+02
3.820000000000000000e+02
6.900000000000000000e+01
2.100000000000000000e+02
3.320000000000000000e+02
1.810000000000000000e+02
3.540000000000000000e+02
8.300000000000000000e+01
2.930000000000000000e+02
2.310000000000000000e+02
3.620000000000000000e+02
3.970000000000000000e+02
2.080000000000000000e+02
2.940000000000000000e+02
