4.652000000000000000e+03
1.470000000000000000e+03
2.717000000000000000e+03
4.306000000000000000e+03
2.653000000000000000e+03
5.234000000000000000e+03
4.517000000000000000e+03
4.993000000000000000e+03
9.000000000000000000e+01
2.138000000000000000e+03
3.570000000000000000e+03
3.745000000000000000e+03
5.075000000000000000e+03
3.689000000000000000e+03
2.643000000000000000e+03
3.937000000000000000e+03
1.789000000000000000e+03
3.760000000000000000e+02
4.305000000000000000e+03
1.771000000000000000e+03
4.359000000000000000e+03
2.054000000000000000e+03
4.295000000000000000e+03
4.425000000000000000e+03
8.480000000000000000e+02
4.043000000000000000e+03
2.710000000000000000e+03
3.850000000000000000e+02
1.490000000000000000e+02
4.736000000000000000e+03
2.013000000000000000e+03
1.758000000000000000e+03
1.500000000000000000e+02
3.803000000000000000e+03
1.557000000000000000e+03
3.335000000000000000e+03
4.761000000000000000e+03
4.944000000000000000e+03
1.599000000000000000e+03
9.770000000000000000e+02
7.170000000000000000e+02
3.191000000000000000e+03
2.730000000000000000e+02
4.293000000000000000e+03
2.781000000000000000e+03
3.500000000000000000e+01
2.232000000000000000e+03
1.478000000000000000e+03
2.384000000000000000e+03
2.738000000000000000e+03
