5.234000000000000000e+03
2.717000000000000000e+03
4.306000000000000000e+03
2.653000000000000000e+03
1.789000000000000000e+03
3.745000000000000000e+03
4.348000000000000000e+03
4.517000000000000000e+03
2.543000000000000000e+03
1.771000000000000000e+03
3.191000000000000000e+03
4.652000000000000000e+03
1.470000000000000000e+03
5.380000000000000000e+03
3.471000000000000000e+03
3.270000000000000000e+02
2.138000000000000000e+03
1.378000000000000000e+03
5.188000000000000000e+03
2.013000000000000000e+03
1.000000000000000000e+03
4.702000000000000000e+03
3.803000000000000000e+03
1.910000000000000000e+03
5.256000000000000000e+03
4.455000000000000000e+03
2.710000000000000000e+03
4.933000000000000000e+03
2.674000000000000000e+03
3.080000000000000000e+02
2.384000000000000000e+03
2.738000000000000000e+03
3.598000000000000000e+03
4.469000000000000000e+03
2.232000000000000000e+03
3.500000000000000000e+01
4.736000000000000000e+03
1.599000000000000000e+03
2.643000000000000000e+03
5.445000000000000000e+03
3.570000000000000000e+03
3.937000000000000000e+03
2.068000000000000000e+03
4.095000000000000000e+03
4.540000000000000000e+03
1.490000000000000000e+02
8.800000000000000000e+01
4.363000000000000000e+03
2.054000000000000000e+03
4.359000000000000000e+03
