3.527000000000000000e+03
2.865000000000000000e+03
5.371000000000000000e+03
4.073000000000000000e+03
1.083000000000000000e+03
3.601000000000000000e+03
4.030000000000000000e+03
1.947000000000000000e+03
5.101000000000000000e+03
5.148000000000000000e+03
9.990000000000000000e+02
5.068000000000000000e+03
4.419000000000000000e+03
1.200000000000000000e+02
1.983000000000000000e+03
4.217000000000000000e+03
2.278000000000000000e+03
1.221000000000000000e+03
2.095000000000000000e+03
4.429000000000000000e+03
1.485000000000000000e+03
6.630000000000000000e+02
1.987000000000000000e+03
5.119000000000000000e+03
6.450000000000000000e+02
3.129000000000000000e+03
1.945000000000000000e+03
2.446000000000000000e+03
2.664000000000000000e+03
1.461000000000000000e+03
5.336000000000000000e+03
6.810000000000000000e+02
3.995000000000000000e+03
1.773000000000000000e+03
6.080000000000000000e+02
1.555000000000000000e+03
2.431000000000000000e+03
4.568000000000000000e+03
3.608000000000000000e+03
3.474000000000000000e+03
3.873000000000000000e+03
1.829000000000000000e+03
4.945000000000000000e+03
1.220000000000000000e+03
4.048000000000000000e+03
4.436000000000000000e+03
1.276000000000000000e+03
1.518000000000000000e+03
1.275000000000000000e+03
5.389000000000000000e+03
