3.527000000000000000e+03
2.865000000000000000e+03
5.371000000000000000e+03
5.426000000000000000e+03
9.990000000000000000e+02
1.947000000000000000e+03
4.030000000000000000e+03
3.601000000000000000e+03
1.083000000000000000e+03
4.073000000000000000e+03
6.630000000000000000e+02
3.983000000000000000e+03
5.213000000000000000e+03
1.220000000000000000e+03
4.048000000000000000e+03
1.983000000000000000e+03
4.217000000000000000e+03
1.200000000000000000e+02
2.192000000000000000e+03
2.095000000000000000e+03
4.429000000000000000e+03
2.916000000000000000e+03
5.655000000000000000e+03
1.945000000000000000e+03
3.129000000000000000e+03
2.431000000000000000e+03
4.100000000000000000e+03
2.266000000000000000e+03
5.183000000000000000e+03
5.148000000000000000e+03
5.389000000000000000e+03
5.595000000000000000e+03
2.609000000000000000e+03
2.203000000000000000e+03
2.653000000000000000e+03
1.276000000000000000e+03
2.861000000000000000e+03
7.410000000000000000e+02
5.654000000000000000e+03
4.844000000000000000e+03
4.417000000000000000e+03
1.518000000000000000e+03
1.303000000000000000e+03
5.299000000000000000e+03
2.540000000000000000e+03
1.461000000000000000e+03
4.637000000000000000e+03
3.783000000000000000e+03
3.716000000000000000e+03
6.810000000000000000e+02
