3.527000000000000000e+03
4.073000000000000000e+03
1.983000000000000000e+03
4.217000000000000000e+03
1.947000000000000000e+03
9.990000000000000000e+02
2.540000000000000000e+03
5.299000000000000000e+03
2.095000000000000000e+03
4.429000000000000000e+03
1.200000000000000000e+02
4.436000000000000000e+03
5.654000000000000000e+03
1.220000000000000000e+03
4.048000000000000000e+03
1.168000000000000000e+03
3.783000000000000000e+03
2.861000000000000000e+03
7.410000000000000000e+02
3.945000000000000000e+03
1.083000000000000000e+03
3.601000000000000000e+03
5.371000000000000000e+03
3.936000000000000000e+03
2.192000000000000000e+03
3.716000000000000000e+03
6.810000000000000000e+02
2.865000000000000000e+03
6.630000000000000000e+02
3.983000000000000000e+03
3.744000000000000000e+03
5.099000000000000000e+03
5.655000000000000000e+03
1.945000000000000000e+03
3.129000000000000000e+03
2.431000000000000000e+03
1.999000000000000000e+03
2.430000000000000000e+03
5.213000000000000000e+03
2.609000000000000000e+03
4.858000000000000000e+03
2.203000000000000000e+03
4.569000000000000000e+03
1.555000000000000000e+03
4.776000000000000000e+03
2.395000000000000000e+03
2.944000000000000000e+03
1.648000000000000000e+03
4.403000000000000000e+03
9.080000000000000000e+02
