3.527000000000000000e+03
2.865000000000000000e+03
2.192000000000000000e+03
4.073000000000000000e+03
5.371000000000000000e+03
5.426000000000000000e+03
9.990000000000000000e+02
1.947000000000000000e+03
4.030000000000000000e+03
3.601000000000000000e+03
1.083000000000000000e+03
2.095000000000000000e+03
4.429000000000000000e+03
1.200000000000000000e+02
1.983000000000000000e+03
4.217000000000000000e+03
2.540000000000000000e+03
5.299000000000000000e+03
3.573000000000000000e+03
1.902000000000000000e+03
5.084000000000000000e+03
4.048000000000000000e+03
1.220000000000000000e+03
5.213000000000000000e+03
2.609000000000000000e+03
1.945000000000000000e+03
2.446000000000000000e+03
2.664000000000000000e+03
1.771000000000000000e+03
2.985000000000000000e+03
1.518000000000000000e+03
1.276000000000000000e+03
1.168000000000000000e+03
3.783000000000000000e+03
2.861000000000000000e+03
7.410000000000000000e+02
3.945000000000000000e+03
6.630000000000000000e+02
3.983000000000000000e+03
1.400000000000000000e+02
5.574000000000000000e+03
1.295000000000000000e+03
1.461000000000000000e+03
5.068000000000000000e+03
4.419000000000000000e+03
1.221000000000000000e+03
2.278000000000000000e+03
4.930000000000000000e+03
6.370000000000000000e+02
6.810000000000000000e+02
