3.527000000000000000e+03
2.865000000000000000e+03
2.192000000000000000e+03
4.073000000000000000e+03
5.371000000000000000e+03
2.193000000000000000e+03
9.990000000000000000e+02
2.095000000000000000e+03
4.429000000000000000e+03
1.947000000000000000e+03
4.030000000000000000e+03
3.601000000000000000e+03
1.083000000000000000e+03
3.700000000000000000e+03
3.783000000000000000e+03
2.861000000000000000e+03
7.410000000000000000e+02
1.586000000000000000e+03
6.810000000000000000e+02
2.075000000000000000e+03
1.983000000000000000e+03
4.217000000000000000e+03
9.160000000000000000e+02
1.200000000000000000e+02
4.419000000000000000e+03
5.068000000000000000e+03
1.461000000000000000e+03
2.540000000000000000e+03
5.299000000000000000e+03
3.164000000000000000e+03
6.630000000000000000e+02
3.983000000000000000e+03
4.690000000000000000e+03
1.945000000000000000e+03
5.655000000000000000e+03
1.430000000000000000e+02
2.111000000000000000e+03
4.048000000000000000e+03
1.220000000000000000e+03
3.995000000000000000e+03
6.450000000000000000e+02
3.500000000000000000e+03
2.446000000000000000e+03
2.278000000000000000e+03
1.221000000000000000e+03
5.654000000000000000e+03
4.844000000000000000e+03
2.011000000000000000e+03
5.213000000000000000e+03
3.873000000000000000e+03
