1.082000000000000000e+03
1.865000000000000000e+03
1.024000000000000000e+03
1.866000000000000000e+03
9.620000000000000000e+02
1.926000000000000000e+03
1.022000000000000000e+03
1.987000000000000000e+03
9.020000000000000000e+02
1.927000000000000000e+03
8.420000000000000000e+02
1.017000000000000000e+03
7.820000000000000000e+02
1.019000000000000000e+03
7.230000000000000000e+02
6.580000000000000000e+02
7.830000000000000000e+02
7.180000000000000000e+02
8.430000000000000000e+02
1.863000000000000000e+03
2.037000000000000000e+03
1.804000000000000000e+03
2.038000000000000000e+03
1.745000000000000000e+03
1.977000000000000000e+03
1.684000000000000000e+03
1.979000000000000000e+03
1.805000000000000000e+03
1.359000000000000000e+03
1.142000000000000000e+03
1.299000000000000000e+03
1.023000000000000000e+03
1.189000000000000000e+03
9.630000000000000000e+02
1.248000000000000000e+03
9.030000000000000000e+02
1.867000000000000000e+03
9.640000000000000000e+02
1.924000000000000000e+03
1.733000000000000000e+03
2.046000000000000000e+03
1.734000000000000000e+03
2.107000000000000000e+03
1.614000000000000000e+03
2.170000000000000000e+03
1.324000000000000000e+03
2.171000000000000000e+03
1.202000000000000000e+03
1.992000000000000000e+03
1.263000000000000000e+03
