2.419000000000000000e+03
1.261000000000000000e+03
2.309000000000000000e+03
1.299000000000000000e+03
2.199000000000000000e+03
1.060000000000000000e+02
2.198000000000000000e+03
1.080000000000000000e+02
2.197000000000000000e+03
1.640000000000000000e+02
4.400000000000000000e+01
1.630000000000000000e+02
2.196000000000000000e+03
1.090000000000000000e+02
2.254000000000000000e+03
2.190000000000000000e+02
2.253000000000000000e+03
1.020000000000000000e+02
2.363000000000000000e+03
1.315000000000000000e+03
2.364000000000000000e+03
1.774000000000000000e+03
2.418000000000000000e+03
1.319000000000000000e+03
1.720000000000000000e+03
2.252000000000000000e+03
6.200000000000000000e+02
7.830000000000000000e+02
8.100000000000000000e+02
8.380000000000000000e+02
9.290000000000000000e+02
7.280000000000000000e+02
7.710000000000000000e+02
1.095000000000000000e+03
8.250000000000000000e+02
5.650000000000000000e+02
1.034000000000000000e+03
1.050000000000000000e+02
4.880000000000000000e+02
5.700000000000000000e+02
8.210000000000000000e+02
3.870000000000000000e+02
8.740000000000000000e+02
6.060000000000000000e+02
8.630000000000000000e+02
6.600000000000000000e+02
4.850000000000000000e+02
1.369000000000000000e+03
1.040000000000000000e+03
1.000000000000000000e+02
