9.020000000000000000e+02
1.927000000000000000e+03
1.022000000000000000e+03
1.926000000000000000e+03
2.037000000000000000e+03
1.865000000000000000e+03
1.024000000000000000e+03
1.866000000000000000e+03
9.640000000000000000e+02
1.805000000000000000e+03
2.038000000000000000e+03
1.745000000000000000e+03
2.096000000000000000e+03
1.744000000000000000e+03
1.919000000000000000e+03
1.803000000000000000e+03
1.917000000000000000e+03
1.804000000000000000e+03
1.856000000000000000e+03
1.863000000000000000e+03
9.620000000000000000e+02
1.987000000000000000e+03
1.082000000000000000e+03
2.047000000000000000e+03
9.030000000000000000e+02
1.925000000000000000e+03
8.430000000000000000e+02
4.860000000000000000e+02
6.590000000000000000e+02
7.230000000000000000e+02
1.019000000000000000e+03
8.420000000000000000e+02
4.960000000000000000e+02
9.010000000000000000e+02
1.016000000000000000e+03
9.610000000000000000e+02
1.624000000000000000e+03
3.670000000000000000e+02
1.142000000000000000e+03
2.171000000000000000e+03
1.263000000000000000e+03
2.172000000000000000e+03
1.323000000000000000e+03
1.929000000000000000e+03
1.915000000000000000e+03
1.928000000000000000e+03
1.914000000000000000e+03
2.107000000000000000e+03
1.614000000000000000e+03
2.170000000000000000e+03
