9.020000000000000000e+02
1.927000000000000000e+03
1.022000000000000000e+03
1.865000000000000000e+03
9.620000000000000000e+02
1.926000000000000000e+03
1.082000000000000000e+03
6.570000000000000000e+02
7.230000000000000000e+02
1.019000000000000000e+03
9.030000000000000000e+02
1.866000000000000000e+03
9.640000000000000000e+02
1.867000000000000000e+03
1.024000000000000000e+03
1.805000000000000000e+03
2.038000000000000000e+03
1.745000000000000000e+03
2.096000000000000000e+03
1.744000000000000000e+03
2.037000000000000000e+03
1.803000000000000000e+03
1.979000000000000000e+03
1.684000000000000000e+03
1.977000000000000000e+03
1.263000000000000000e+03
2.172000000000000000e+03
1.203000000000000000e+03
1.992000000000000000e+03
1.143000000000000000e+03
2.171000000000000000e+03
1.324000000000000000e+03
3.060000000000000000e+02
8.430000000000000000e+02
4.250000000000000000e+02
8.420000000000000000e+02
6.580000000000000000e+02
7.830000000000000000e+02
7.180000000000000000e+02
6.640000000000000000e+02
6.590000000000000000e+02
4.860000000000000000e+02
5.980000000000000000e+02
9.010000000000000000e+02
9.560000000000000000e+02
9.610000000000000000e+02
1.016000000000000000e+03
2.107000000000000000e+03
1.083000000000000000e+03
2.109000000000000000e+03
