9.020000000000000000e+02
6.580000000000000000e+02
9.620000000000000000e+02
6.570000000000000000e+02
1.082000000000000000e+03
1.926000000000000000e+03
1.022000000000000000e+03
1.927000000000000000e+03
9.640000000000000000e+02
1.866000000000000000e+03
1.024000000000000000e+03
1.865000000000000000e+03
2.037000000000000000e+03
1.805000000000000000e+03
2.038000000000000000e+03
1.745000000000000000e+03
2.096000000000000000e+03
1.744000000000000000e+03
1.142000000000000000e+03
2.171000000000000000e+03
1.202000000000000000e+03
2.170000000000000000e+03
1.614000000000000000e+03
2.172000000000000000e+03
1.263000000000000000e+03
3.670000000000000000e+02
6.590000000000000000e+02
7.230000000000000000e+02
1.019000000000000000e+03
8.420000000000000000e+02
1.928000000000000000e+03
1.143000000000000000e+03
1.867000000000000000e+03
1.660000000000000000e+03
1.868000000000000000e+03
1.203000000000000000e+03
1.992000000000000000e+03
1.081000000000000000e+03
2.047000000000000000e+03
1.083000000000000000e+03
2.112000000000000000e+03
1.323000000000000000e+03
1.869000000000000000e+03
1.136000000000000000e+03
9.010000000000000000e+02
9.560000000000000000e+02
8.410000000000000000e+02
8.960000000000000000e+02
1.382000000000000000e+03
5.980000000000000000e+02
