[20, 24, 41, 46, 47, 61, 68, 69, 70, 77, 87, ]
[0, 15, 23, 24, 36, 45, 47, 52, 62, 66, 75, 82, 87, ]
[0, 7, 12, 14, 18, 19, 21, 24, 25, 30, 49, 55, 56, 59, 64, 71, 75, 77, 86, ]
[0, 15, 23, 24, 36, 45, 47, 52, 62, 66, 75, 82, 87, ]
[20, 24, 41, 46, 47, 61, 68, 69, 70, 77, 87, ]
[4, 14, 15, 17, 33, 45, 51, 52, 54, 55, 58, 61, 62, 64, 65, 72, 80, 81, 83, 84, 85, ]
[1, 4, 8, 10, 12, 13, 15, 16, 26, 33, 34, 49, 50, 55, 56, 59, 64, 71, 75, 77, 86, ]
[15, 17, 33, 45, 54, 58, 61, 62, 64, 65, 72, 80, 81, 83, 84, 85, ]
[2, 4, 7, 21, 49, 55, 56, 59, 64, 71, 75, 77, 86, ]
[1, 2, 4, 5, 7, 21, 44, 46, 51, 55, 56, 57, 60, 61, 64, 65, 71, 74, 79, 82, 85, ]
[5, 6, 7, 10, 12, 14, 18, 19, 30, 32, 33, 34, 35, 36, 37, 45, 48, 49, 52, 57, 63, 64, 67, 71, 72, 73, 76, 78, 80, 82, 86, ]
[1, 4, 8, 10, 12, 13, 15, 16, 26, 33, 34, 49, 50, 55, 56, 59, 64, 71, 75, 77, 86, ]
[0, 1, 2, 3, 5, 9, 11, 12, 15, 16, 17, 18, 19, 20, 21, 26, 27, 28, 30, 31, 33, 53, 54, 67, 68, 69, 74, 78, 85, 86, ]
[2, 4, 7, 21, 49, 55, 56, 59, 64, 71, 75, 77, 86, ]
[0, 3, 6, 7, 9, 11, 14, 19, 20, 21, 22, 23, 24, 29, 31, 32, 35, 39, 41, 45, 46, 49, 54, 55, 56, 60, 62, 63, 66, 67, 68, 73, 77, 80, 85, 86, ]