2.430000000000000000e+02
7.570000000000000000e+02
1.687000000000000000e+03
2.142000000000000000e+03
3.982000000000000000e+03
7.219000000000000000e+03
3.457000000000000000e+03
8.206000000000000000e+03
2.636000000000000000e+03
2.190000000000000000e+02
8.289000000000000000e+03
8.377000000000000000e+03
5.119000000000000000e+03
4.197000000000000000e+03
1.288000000000000000e+03
9.134000000000000000e+03
6.685000000000000000e+03
2.240000000000000000e+02
8.322000000000000000e+03
5.873000000000000000e+03
5.004000000000000000e+03
9.274000000000000000e+03
4.350000000000000000e+02
9.992000000000000000e+03
2.190000000000000000e+03
2.709000000000000000e+03
7.635000000000000000e+03
2.037000000000000000e+03
7.211000000000000000e+03
3.854000000000000000e+03
7.747000000000000000e+03
1.533000000000000000e+03
2.183000000000000000e+03
8.935000000000000000e+03
6.566000000000000000e+03
1.540000000000000000e+02
2.203000000000000000e+03
6.427000000000000000e+03
2.176000000000000000e+03
2.357000000000000000e+03
3.447000000000000000e+03
2.255000000000000000e+03
1.054000000000000000e+03
3.381000000000000000e+03
6.163000000000000000e+03
5.399000000000000000e+03
5.045000000000000000e+03
2.850000000000000000e+03
1.955000000000000000e+03
3.256000000000000000e+03
