7.768000000000000000e+03
9.153000000000000000e+03
3.610000000000000000e+02
6.649000000000000000e+03
7.335000000000000000e+03
5.093000000000000000e+03
4.082000000000000000e+03
1.009100000000000000e+04
2.046000000000000000e+03
1.945000000000000000e+03
5.740000000000000000e+02
7.350000000000000000e+02
9.250000000000000000e+03
5.104000000000000000e+03
4.329000000000000000e+03
8.082000000000000000e+03
6.500000000000000000e+01
2.467000000000000000e+03
4.920000000000000000e+02
9.613000000000000000e+03
3.445000000000000000e+03
1.050000000000000000e+02
1.019500000000000000e+04
1.061200000000000000e+04
6.911000000000000000e+03
1.009200000000000000e+04
5.031000000000000000e+03
5.261000000000000000e+03
9.396000000000000000e+03
1.114300000000000000e+04
5.262000000000000000e+03
8.781000000000000000e+03
9.356000000000000000e+03
9.076000000000000000e+03
3.664000000000000000e+03
5.900000000000000000e+03
8.031000000000000000e+03
1.016800000000000000e+04
8.250000000000000000e+02
4.580000000000000000e+02
1.810000000000000000e+02
5.379000000000000000e+03
7.518000000000000000e+03
7.221000000000000000e+03
3.742000000000000000e+03
1.936000000000000000e+03
9.193000000000000000e+03
1.017800000000000000e+04
8.010000000000000000e+03
6.830000000000000000e+02
