7.768000000000000000e+03
7.335000000000000000e+03
3.610000000000000000e+02
4.920000000000000000e+02
9.153000000000000000e+03
2.046000000000000000e+03
9.613000000000000000e+03
9.076000000000000000e+03
7.221000000000000000e+03
9.250000000000000000e+03
1.009100000000000000e+04
3.834000000000000000e+03
3.406000000000000000e+03
8.082000000000000000e+03
3.113000000000000000e+03
6.649000000000000000e+03
4.103000000000000000e+03
9.396000000000000000e+03
1.263000000000000000e+03
8.031000000000000000e+03
1.842000000000000000e+03
6.123000000000000000e+03
7.518000000000000000e+03
9.356000000000000000e+03
9.193000000000000000e+03
8.880000000000000000e+03
1.032600000000000000e+04
3.385000000000000000e+03
1.114300000000000000e+04
1.009200000000000000e+04
1.061200000000000000e+04
3.445000000000000000e+03
3.740000000000000000e+02
3.664000000000000000e+03
1.945000000000000000e+03
8.962000000000000000e+03
5.093000000000000000e+03
9.138000000000000000e+03
3.315000000000000000e+03
1.862000000000000000e+03
6.500000000000000000e+01
6.911000000000000000e+03
3.742000000000000000e+03
5.740000000000000000e+02
4.580000000000000000e+02
4.051000000000000000e+03
5.104000000000000000e+03
4.457000000000000000e+03
7.820000000000000000e+03
4.441000000000000000e+03
