1.870000000000000000e+03
4.050000000000000000e+02
9.750000000000000000e+02
1.385000000000000000e+03
1.878000000000000000e+03
3.158000000000000000e+03
3.790000000000000000e+02
1.405000000000000000e+03
2.908000000000000000e+03
4.156000000000000000e+03
1.194000000000000000e+03
3.400000000000000000e+02
1.014000000000000000e+03
1.464000000000000000e+03
1.038000000000000000e+03
4.308000000000000000e+03
1.544000000000000000e+03
3.423000000000000000e+03
8.640000000000000000e+02
3.912000000000000000e+03
1.454000000000000000e+03
3.817000000000000000e+03
2.446000000000000000e+03
2.292000000000000000e+03
1.829000000000000000e+03
7.380000000000000000e+02
3.476000000000000000e+03
6.250000000000000000e+02
2.660000000000000000e+02
4.262000000000000000e+03
3.387000000000000000e+03
7.080000000000000000e+02
2.410000000000000000e+03
2.664000000000000000e+03
2.471000000000000000e+03
2.801000000000000000e+03
3.307000000000000000e+03
2.329000000000000000e+03
2.244000000000000000e+03
1.018000000000000000e+03
2.584000000000000000e+03
3.404000000000000000e+03
2.870000000000000000e+03
2.540000000000000000e+03
3.077000000000000000e+03
2.910000000000000000e+02
1.210000000000000000e+02
3.488000000000000000e+03
8.030000000000000000e+02
8.840000000000000000e+02
