1.870000000000000000e+03
3.817000000000000000e+03
2.071000000000000000e+03
3.912000000000000000e+03
2.172000000000000000e+03
2.275000000000000000e+03
3.077000000000000000e+03
1.920000000000000000e+03
3.158000000000000000e+03
1.638000000000000000e+03
2.403000000000000000e+03
8.240000000000000000e+02
3.786000000000000000e+03
1.194000000000000000e+03
4.156000000000000000e+03
1.410000000000000000e+03
8.840000000000000000e+02
2.430000000000000000e+02
2.584000000000000000e+03
3.900000000000000000e+03
3.488000000000000000e+03
8.460000000000000000e+02
2.801000000000000000e+03
2.406000000000000000e+03
1.500000000000000000e+02
4.200000000000000000e+03
4.297000000000000000e+03
4.279000000000000000e+03
3.326000000000000000e+03
2.847000000000000000e+03
2.794000000000000000e+03
4.204000000000000000e+03
3.304000000000000000e+03
3.790000000000000000e+02
9.840000000000000000e+02
2.245000000000000000e+03
2.446000000000000000e+03
3.337000000000000000e+03
3.897000000000000000e+03
4.007000000000000000e+03
2.329000000000000000e+03
8.030000000000000000e+02
1.597000000000000000e+03
1.709000000000000000e+03
2.660000000000000000e+02
2.618000000000000000e+03
8.640000000000000000e+02
4.234000000000000000e+03
8.900000000000000000e+01
1.325000000000000000e+03
