1.870000000000000000e+03
1.929000000000000000e+03
3.271000000000000000e+03
2.010000000000000000e+03
4.302000000000000000e+03
3.786000000000000000e+03
1.077000000000000000e+03
9.620000000000000000e+02
4.420000000000000000e+03
4.156000000000000000e+03
3.931000000000000000e+03
1.175000000000000000e+03
2.131000000000000000e+03
4.425000000000000000e+03
4.009000000000000000e+03
4.280000000000000000e+03
2.394000000000000000e+03
1.513000000000000000e+03
9.750000000000000000e+02
1.154000000000000000e+03
1.503000000000000000e+03
2.975000000000000000e+03
2.878000000000000000e+03
2.329000000000000000e+03
8.640000000000000000e+02
4.204000000000000000e+03
3.817000000000000000e+03
1.485000000000000000e+03
1.867000000000000000e+03
2.471000000000000000e+03
1.544000000000000000e+03
7.380000000000000000e+02
1.597000000000000000e+03
8.240000000000000000e+02
2.292000000000000000e+03
3.490000000000000000e+03
7.080000000000000000e+02
2.090000000000000000e+02
8.500000000000000000e+01
8.460000000000000000e+02
2.794000000000000000e+03
3.158000000000000000e+03
1.813000000000000000e+03
2.910000000000000000e+02
3.912000000000000000e+03
8.900000000000000000e+01
4.262000000000000000e+03
2.483000000000000000e+03
3.696000000000000000e+03
2.446000000000000000e+03
