6.966000000000000000e+03
4.350000000000000000e+02
6.501000000000000000e+03
8.950000000000000000e+02
9.277000000000000000e+03
8.854000000000000000e+03
7.190000000000000000e+03
4.000000000000000000e+00
6.660000000000000000e+02
5.063000000000000000e+03
2.805000000000000000e+03
3.150000000000000000e+02
6.967000000000000000e+03
7.281000000000000000e+03
7.077000000000000000e+03
9.864000000000000000e+03
6.710000000000000000e+02
6.613000000000000000e+03
9.281000000000000000e+03
5.845000000000000000e+03
7.512000000000000000e+03
1.000000000000000000e+02
7.076000000000000000e+03
9.751000000000000000e+03
6.670000000000000000e+02
6.389000000000000000e+03
8.936000000000000000e+03
6.853000000000000000e+03
8.517000000000000000e+03
3.160000000000000000e+02
8.415000000000000000e+03
9.568000000000000000e+03
6.404000000000000000e+03
9.521000000000000000e+03
6.051000000000000000e+03
7.810000000000000000e+02
6.965000000000000000e+03
5.530000000000000000e+02
5.000000000000000000e+00
4.703000000000000000e+03
9.278000000000000000e+03
6.964000000000000000e+03
6.700000000000000000e+02
7.625000000000000000e+03
9.755000000000000000e+03
4.386000000000000000e+03
5.450000000000000000e+02
8.758000000000000000e+03
6.294000000000000000e+03
1.152000000000000000e+03
