6.966000000000000000e+03
9.600000000000000000e+01
6.501000000000000000e+03
9.751000000000000000e+03
7.790000000000000000e+02
7.190000000000000000e+03
8.950000000000000000e+02
8.937000000000000000e+03
8.854000000000000000e+03
6.967000000000000000e+03
3.160000000000000000e+02
6.613000000000000000e+03
7.810000000000000000e+02
9.864000000000000000e+03
6.710000000000000000e+02
9.618000000000000000e+03
6.965000000000000000e+03
9.198000000000000000e+03
5.845000000000000000e+03
6.670000000000000000e+02
1.019400000000000000e+04
6.051000000000000000e+03
7.076000000000000000e+03
9.755000000000000000e+03
3.090000000000000000e+02
9.846000000000000000e+03
7.077000000000000000e+03
6.680000000000000000e+02
9.206000000000000000e+03
9.970000000000000000e+03
6.389000000000000000e+03
8.938000000000000000e+03
6.700000000000000000e+02
6.853000000000000000e+03
2.750000000000000000e+02
1.200000000000000000e+02
7.800000000000000000e+02
2.060000000000000000e+02
7.189000000000000000e+03
7.281000000000000000e+03
5.063000000000000000e+03
6.660000000000000000e+02
8.532000000000000000e+03
9.752000000000000000e+03
1.028500000000000000e+04
3.150000000000000000e+02
6.838000000000000000e+03
9.191000000000000000e+03
6.404000000000000000e+03
9.568000000000000000e+03
