4.162000000000000000e+03
2.710000000000000000e+03
3.077000000000000000e+03
2.585000000000000000e+03
1.815000000000000000e+03
4.283000000000000000e+03
3.595000000000000000e+03
4.959000000000000000e+03
3.455000000000000000e+03
4.107000000000000000e+03
4.977000000000000000e+03
4.237000000000000000e+03
1.973000000000000000e+03
3.170000000000000000e+03
4.793000000000000000e+03
2.996000000000000000e+03
4.518000000000000000e+03
2.397000000000000000e+03
4.646000000000000000e+03
3.380000000000000000e+03
3.660000000000000000e+03
5.171000000000000000e+03
8.000000000000000000e+01
4.685000000000000000e+03
7.730000000000000000e+02
1.522000000000000000e+03
3.921000000000000000e+03
4.842000000000000000e+03
4.212000000000000000e+03
3.950000000000000000e+02
2.428000000000000000e+03
5.004000000000000000e+03
2.679000000000000000e+03
5.634000000000000000e+03
2.430000000000000000e+03
2.965000000000000000e+03
5.598000000000000000e+03
4.395000000000000000e+03
5.744000000000000000e+03
2.659000000000000000e+03
3.275000000000000000e+03
2.488000000000000000e+03
3.620000000000000000e+03
5.574000000000000000e+03
5.076000000000000000e+03
3.762000000000000000e+03
3.893000000000000000e+03
5.742000000000000000e+03
1.767000000000000000e+03
3.145000000000000000e+03
