3.280000000000000000e+02
2.140000000000000000e+02
3.040000000000000000e+02
8.900000000000000000e+01
3.270000000000000000e+02
3.260000000000000000e+02
3.290000000000000000e+02
4.390000000000000000e+02
3.070000000000000000e+02
2.330000000000000000e+02
1.640000000000000000e+02
4.500000000000000000e+01
3.250000000000000000e+02
2.040000000000000000e+02
3.300000000000000000e+02
3.370000000000000000e+02
4.700000000000000000e+01
3.820000000000000000e+02
6.200000000000000000e+01
1.630000000000000000e+02
2.050000000000000000e+02
4.900000000000000000e+01
2.000000000000000000e+02
2.940000000000000000e+02
3.360000000000000000e+02
6.900000000000000000e+01
3.380000000000000000e+02
1.550000000000000000e+02
1.650000000000000000e+02
4.440000000000000000e+02
6.000000000000000000e+01
3.220000000000000000e+02
1.620000000000000000e+02
5.400000000000000000e+01
3.230000000000000000e+02
1.970000000000000000e+02
2.670000000000000000e+02
7.400000000000000000e+01
1.700000000000000000e+02
2.420000000000000000e+02
3.340000000000000000e+02
3.130000000000000000e+02
5.200000000000000000e+01
3.310000000000000000e+02
2.130000000000000000e+02
3.330000000000000000e+02
1.740000000000000000e+02
1.360000000000000000e+02
1.470000000000000000e+02
2.100000000000000000e+01
