4.652000000000000000e+03
1.470000000000000000e+03
2.717000000000000000e+03
5.380000000000000000e+03
5.234000000000000000e+03
2.653000000000000000e+03
4.306000000000000000e+03
4.517000000000000000e+03
4.736000000000000000e+03
3.745000000000000000e+03
3.803000000000000000e+03
2.138000000000000000e+03
1.771000000000000000e+03
4.348000000000000000e+03
2.013000000000000000e+03
2.665000000000000000e+03
2.543000000000000000e+03
4.293000000000000000e+03
3.570000000000000000e+03
3.760000000000000000e+02
3.191000000000000000e+03
4.944000000000000000e+03
5.256000000000000000e+03
2.911000000000000000e+03
3.598000000000000000e+03
3.270000000000000000e+02
3.689000000000000000e+03
2.643000000000000000e+03
4.305000000000000000e+03
2.756000000000000000e+03
3.592000000000000000e+03
9.000000000000000000e+01
3.937000000000000000e+03
2.674000000000000000e+03
4.455000000000000000e+03
8.480000000000000000e+02
3.335000000000000000e+03
4.761000000000000000e+03
4.425000000000000000e+03
1.264000000000000000e+03
2.710000000000000000e+03
2.068000000000000000e+03
4.730000000000000000e+02
2.054000000000000000e+03
3.471000000000000000e+03
8.550000000000000000e+02
4.202000000000000000e+03
5.386000000000000000e+03
2.232000000000000000e+03
4.290000000000000000e+03
