3.527000000000000000e+03
2.865000000000000000e+03
2.095000000000000000e+03
1.083000000000000000e+03
2.446000000000000000e+03
5.371000000000000000e+03
3.601000000000000000e+03
1.983000000000000000e+03
9.080000000000000000e+02
6.810000000000000000e+02
4.073000000000000000e+03
6.630000000000000000e+02
2.266000000000000000e+03
1.276000000000000000e+03
2.192000000000000000e+03
2.861000000000000000e+03
4.569000000000000000e+03
1.200000000000000000e+02
1.750000000000000000e+03
1.220000000000000000e+03
1.947000000000000000e+03
4.436000000000000000e+03
1.902000000000000000e+03
3.783000000000000000e+03
5.213000000000000000e+03
5.526000000000000000e+03
2.540000000000000000e+03
2.203000000000000000e+03
4.867000000000000000e+03
3.873000000000000000e+03
2.052000000000000000e+03
9.990000000000000000e+02
1.686000000000000000e+03
2.609000000000000000e+03
9.160000000000000000e+02
1.302000000000000000e+03
5.084000000000000000e+03
2.821000000000000000e+03
5.654000000000000000e+03
2.572000000000000000e+03
1.365000000000000000e+03
5.223000000000000000e+03
2.915000000000000000e+03
3.129000000000000000e+03
3.983000000000000000e+03
1.945000000000000000e+03
2.977000000000000000e+03
5.165000000000000000e+03
5.074000000000000000e+03
4.429000000000000000e+03
