2.430000000000000000e+02
7.977000000000000000e+03
5.153000000000000000e+03
4.068000000000000000e+03
9.275000000000000000e+03
1.288000000000000000e+03
1.882000000000000000e+03
7.556000000000000000e+03
2.190000000000000000e+02
2.142000000000000000e+03
3.982000000000000000e+03
8.377000000000000000e+03
8.289000000000000000e+03
1.180000000000000000e+02
6.685000000000000000e+03
2.850000000000000000e+03
5.004000000000000000e+03
4.193000000000000000e+03
4.197000000000000000e+03
3.150000000000000000e+02
7.219000000000000000e+03
3.220000000000000000e+03
5.119000000000000000e+03
6.566000000000000000e+03
5.046000000000000000e+03
8.322000000000000000e+03
3.160000000000000000e+03
2.636000000000000000e+03
2.357000000000000000e+03
6.000000000000000000e+02
3.507000000000000000e+03
4.054000000000000000e+03
6.522000000000000000e+03
3.447000000000000000e+03
9.274000000000000000e+03
3.441000000000000000e+03
9.605000000000000000e+03
3.652000000000000000e+03
9.134000000000000000e+03
7.259000000000000000e+03
1.461000000000000000e+03
7.830000000000000000e+03
1.054000000000000000e+03
2.276000000000000000e+03
5.994000000000000000e+03
8.006000000000000000e+03
7.747000000000000000e+03
5.186000000000000000e+03
1.333000000000000000e+03
7.636000000000000000e+03
