1.670000000000000000e+03
2.176000000000000000e+03
6.113000000000000000e+03
6.522000000000000000e+03
1.288000000000000000e+03
6.566000000000000000e+03
8.322000000000000000e+03
9.274000000000000000e+03
5.004000000000000000e+03
2.357000000000000000e+03
1.045000000000000000e+03
6.427000000000000000e+03
7.666000000000000000e+03
9.275000000000000000e+03
2.190000000000000000e+02
8.326000000000000000e+03
1.488000000000000000e+03
2.850000000000000000e+03
1.183000000000000000e+03
6.927000000000000000e+03
6.163000000000000000e+03
3.652000000000000000e+03
4.193000000000000000e+03
8.289000000000000000e+03
8.377000000000000000e+03
9.134000000000000000e+03
3.441000000000000000e+03
5.219000000000000000e+03
5.119000000000000000e+03
3.447000000000000000e+03
5.399000000000000000e+03
2.430000000000000000e+02
6.685000000000000000e+03
3.982000000000000000e+03
5.873000000000000000e+03
3.160000000000000000e+03
1.831000000000000000e+03
2.754000000000000000e+03
5.046000000000000000e+03
7.219000000000000000e+03
2.784000000000000000e+03
3.150000000000000000e+02
1.567000000000000000e+03
7.318000000000000000e+03
3.854000000000000000e+03
1.533000000000000000e+03
7.570000000000000000e+02
4.197000000000000000e+03
8.541000000000000000e+03
8.501000000000000000e+03
