1.540000000000000000e+03
6.007000000000000000e+03
8.377000000000000000e+03
8.200000000000000000e+03
8.603000000000000000e+03
1.288000000000000000e+03
8.322000000000000000e+03
2.142000000000000000e+03
9.134000000000000000e+03
5.633000000000000000e+03
7.583000000000000000e+03
7.219000000000000000e+03
3.160000000000000000e+03
5.004000000000000000e+03
6.566000000000000000e+03
8.326000000000000000e+03
2.357000000000000000e+03
5.119000000000000000e+03
3.447000000000000000e+03
6.522000000000000000e+03
2.850000000000000000e+03
9.274000000000000000e+03
6.927000000000000000e+03
2.390000000000000000e+03
3.100000000000000000e+02
2.190000000000000000e+02
7.556000000000000000e+03
2.636000000000000000e+03
2.037000000000000000e+03
2.308000000000000000e+03
5.186000000000000000e+03
1.292000000000000000e+03
3.652000000000000000e+03
5.046000000000000000e+03
7.747000000000000000e+03
9.275000000000000000e+03
2.255000000000000000e+03
1.045000000000000000e+03
4.054000000000000000e+03
4.193000000000000000e+03
4.318000000000000000e+03
9.605000000000000000e+03
4.197000000000000000e+03
2.532000000000000000e+03
1.831000000000000000e+03
7.259000000000000000e+03
1.485000000000000000e+03
5.389000000000000000e+03
2.979000000000000000e+03
1.488000000000000000e+03
