1.670000000000000000e+03
2.176000000000000000e+03
5.005000000000000000e+03
5.004000000000000000e+03
1.288000000000000000e+03
6.566000000000000000e+03
8.377000000000000000e+03
8.200000000000000000e+03
1.003000000000000000e+03
3.982000000000000000e+03
7.570000000000000000e+02
3.160000000000000000e+03
8.501000000000000000e+03
2.190000000000000000e+02
8.289000000000000000e+03
2.636000000000000000e+03
2.850000000000000000e+03
5.119000000000000000e+03
8.322000000000000000e+03
9.274000000000000000e+03
2.142000000000000000e+03
2.357000000000000000e+03
2.430000000000000000e+02
1.589000000000000000e+03
2.255000000000000000e+03
2.983000000000000000e+03
7.219000000000000000e+03
4.054000000000000000e+03
5.219000000000000000e+03
2.461000000000000000e+03
9.134000000000000000e+03
5.633000000000000000e+03
7.259000000000000000e+03
3.447000000000000000e+03
3.652000000000000000e+03
2.183000000000000000e+03
6.522000000000000000e+03
4.466000000000000000e+03
3.150000000000000000e+02
3.100000000000000000e+02
9.127000000000000000e+03
4.193000000000000000e+03
4.350000000000000000e+02
2.351000000000000000e+03
6.163000000000000000e+03
4.383000000000000000e+03
4.579000000000000000e+03
5.399000000000000000e+03
7.556000000000000000e+03
3.034000000000000000e+03
