2.046000000000000000e+03
1.009100000000000000e+04
7.768000000000000000e+03
7.335000000000000000e+03
3.315000000000000000e+03
3.610000000000000000e+02
9.153000000000000000e+03
1.114300000000000000e+04
1.009200000000000000e+04
5.104000000000000000e+03
6.911000000000000000e+03
6.500000000000000000e+01
9.356000000000000000e+03
3.834000000000000000e+03
6.649000000000000000e+03
8.082000000000000000e+03
9.142000000000000000e+03
1.016800000000000000e+04
8.880000000000000000e+03
1.945000000000000000e+03
9.138000000000000000e+03
4.632000000000000000e+03
3.445000000000000000e+03
4.051000000000000000e+03
7.597000000000000000e+03
4.329000000000000000e+03
8.046000000000000000e+03
8.010000000000000000e+03
5.255000000000000000e+03
9.076000000000000000e+03
1.651000000000000000e+03
4.580000000000000000e+02
1.936000000000000000e+03
9.613000000000000000e+03
8.379000000000000000e+03
1.061200000000000000e+04
5.093000000000000000e+03
6.123000000000000000e+03
3.664000000000000000e+03
9.193000000000000000e+03
8.962000000000000000e+03
4.469000000000000000e+03
7.880000000000000000e+03
9.250000000000000000e+03
8.031000000000000000e+03
6.324000000000000000e+03
1.088700000000000000e+04
8.781000000000000000e+03
7.994000000000000000e+03
2.467000000000000000e+03
