6.966000000000000000e+03
6.660000000000000000e+02
9.755000000000000000e+03
9.618000000000000000e+03
6.670000000000000000e+02
7.190000000000000000e+03
6.501000000000000000e+03
8.400000000000000000e+01
9.864000000000000000e+03
6.710000000000000000e+02
6.967000000000000000e+03
2.805000000000000000e+03
9.281000000000000000e+03
7.077000000000000000e+03
8.950000000000000000e+02
7.281000000000000000e+03
6.294000000000000000e+03
9.568000000000000000e+03
8.966000000000000000e+03
3.160000000000000000e+02
5.845000000000000000e+03
7.512000000000000000e+03
5.570000000000000000e+02
6.613000000000000000e+03
9.751000000000000000e+03
6.404000000000000000e+03
5.560000000000000000e+02
9.507000000000000000e+03
6.965000000000000000e+03
6.700000000000000000e+02
9.277000000000000000e+03
8.854000000000000000e+03
4.340000000000000000e+02
9.319000000000000000e+03
6.630000000000000000e+03
5.530000000000000000e+02
8.753000000000000000e+03
6.405000000000000000e+03
3.150000000000000000e+02
2.582000000000000000e+03
5.590000000000000000e+02
7.415000000000000000e+03
1.788000000000000000e+03
9.166000000000000000e+03
5.000000000000000000e+00
6.293000000000000000e+03
6.690000000000000000e+02
8.872000000000000000e+03
9.956000000000000000e+03
5.396000000000000000e+03
