3.527000000000000000e+03
2.865000000000000000e+03
1.983000000000000000e+03
5.213000000000000000e+03
4.073000000000000000e+03
1.083000000000000000e+03
6.630000000000000000e+02
2.446000000000000000e+03
3.873000000000000000e+03
5.654000000000000000e+03
5.371000000000000000e+03
1.750000000000000000e+03
9.990000000000000000e+02
1.947000000000000000e+03
3.262000000000000000e+03
1.220000000000000000e+03
1.276000000000000000e+03
2.609000000000000000e+03
2.266000000000000000e+03
2.192000000000000000e+03
2.572000000000000000e+03
4.436000000000000000e+03
1.200000000000000000e+02
3.789000000000000000e+03
9.080000000000000000e+02
1.365000000000000000e+03
3.601000000000000000e+03
3.709000000000000000e+03
1.302000000000000000e+03
2.821000000000000000e+03
2.431000000000000000e+03
5.299000000000000000e+03
2.095000000000000000e+03
6.810000000000000000e+02
4.569000000000000000e+03
3.164000000000000000e+03
3.787000000000000000e+03
2.944000000000000000e+03
3.783000000000000000e+03
5.084000000000000000e+03
5.628000000000000000e+03
2.203000000000000000e+03
4.429000000000000000e+03
2.220000000000000000e+03
1.902000000000000000e+03
6.450000000000000000e+02
4.197000000000000000e+03
4.048000000000000000e+03
3.744000000000000000e+03
1.555000000000000000e+03
