1.022000000000000000e+03
1.927000000000000000e+03
3.670000000000000000e+02
1.323000000000000000e+03
2.171000000000000000e+03
1.081000000000000000e+03
1.805000000000000000e+03
2.337000000000000000e+03
1.024000000000000000e+03
4.860000000000000000e+02
1.865000000000000000e+03
1.082000000000000000e+03
2.038000000000000000e+03
1.385000000000000000e+03
2.107000000000000000e+03
1.136000000000000000e+03
1.202000000000000000e+03
1.992000000000000000e+03
4.260000000000000000e+02
1.866000000000000000e+03
9.020000000000000000e+02
1.745000000000000000e+03
1.142000000000000000e+03
3.090000000000000000e+02
1.324000000000000000e+03
2.170000000000000000e+03
9.620000000000000000e+02
1.926000000000000000e+03
4.190000000000000000e+02
1.203000000000000000e+03
2.172000000000000000e+03
1.686000000000000000e+03
9.610000000000000000e+02
2.500000000000000000e+02
9.640000000000000000e+02
1.868000000000000000e+03
2.338000000000000000e+03
1.383000000000000000e+03
1.021000000000000000e+03
1.624000000000000000e+03
1.614000000000000000e+03
9.600000000000000000e+02
2.169000000000000000e+03
1.084000000000000000e+03
4.270000000000000000e+02
1.806000000000000000e+03
1.266000000000000000e+03
1.979000000000000000e+03
9.010000000000000000e+02
2.232000000000000000e+03
