2.419000000000000000e+03
1.665000000000000000e+03
1.778000000000000000e+03
2.199000000000000000e+03
1.000000000000000000e+02
1.040000000000000000e+03
2.309000000000000000e+03
1.308000000000000000e+03
1.640000000000000000e+02
1.101000000000000000e+03
6.200000000000000000e+02
1.299000000000000000e+03
2.363000000000000000e+03
1.090000000000000000e+02
2.358000000000000000e+03
2.198000000000000000e+03
7.830000000000000000e+02
1.720000000000000000e+03
2.364000000000000000e+03
5.700000000000000000e+02
2.418000000000000000e+03
1.355000000000000000e+03
2.252000000000000000e+03
2.190000000000000000e+02
1.020000000000000000e+02
1.095000000000000000e+03
2.253000000000000000e+03
6.730000000000000000e+02
1.060000000000000000e+02
1.666000000000000000e+03
2.254000000000000000e+03
7.710000000000000000e+02
1.417000000000000000e+03
7.840000000000000000e+02
2.307000000000000000e+03
1.630000000000000000e+02
1.261000000000000000e+03
9.200000000000000000e+01
1.608000000000000000e+03
2.414000000000000000e+03
7.280000000000000000e+02
5.650000000000000000e+02
6.600000000000000000e+02
2.306000000000000000e+03
1.610000000000000000e+03
1.151000000000000000e+03
2.197000000000000000e+03
1.080000000000000000e+02
1.775000000000000000e+03
2.160000000000000000e+02
