[896, 662, 107]
[896, 711, 272, 0]
[896, 362, 50, 78]
[896, 551, 532, 261]
[896, 534, 465, 658]
[896, 147, 444, 318]
[896, 28, 0]
[896, 934, 9]
[896, 39, 56]
[896, 235, 891, 26]
[896, 296, 174, 901]
[896, 868, 422, 284]
[896, 836, 215, 17, 0]
[896, 148, 627, 313, 0]
[896, 459, 396, 281]
[896, 506, 891, 0]
[896, 810, 805, 404]
[896, 382, 301, 6]
[896, 372, 244, 0]
[896, 479, 924, 236]
[896, 495, 407, 434]
[896, 453, 869, 23]
[896, 180, 448, 1003, 14]
[896, 173, 439, 44]
[896, 739, 986, 679, 790]
[896, 301, 248, 871]
[896, 923, 56, 0]
[896, 823, 790, 165]
[896, 796, 776, 1]
[896, 532, 730]
[896, 191, 707, 68]
[896, 69, 557, 2]
[896, 133, 201, 23]
[896, 61, 437, 272]
[896, 662, 220, 237]
[896, 70, 226, 471]
[896, 256, 532, 25]
[896, 336, 11, 7]
[896, 427, 991]
[896, 462]