[11, 14, 16, 19, 21, 24, 25, 26, 27, 28, 29, 31, 33, 34, 41, 45, 48, 50, 52, 54, 55, 56, 58, 59, 60, 65, 67, 70, 73, 75, 77, 78, 79, 81, 83, 86, 87, 89, ]
[0, 3, 12, 19, 20, 21, 23, 25, 27, 31, 35, 36, 38, 41, 42, 45, 47, 49, 55, 59, 63, 67, 68, 70, 75, 79, 80, 81, 85, 87, 89, ]
[0, 1, 3, 6, 7, 9, 11, 12, 15, 24, 25, 27, 29, 31, 32, 35, 43, 44, 45, 46, 49, 51, 53, 55, 56, 60, 66, 67, 68, 75, 77, 80, 85, 86, 88, ]
[9, 15, 16, 17, 23, 24, 25, 29, 33, 35, 37, 38, 39, 45, 52, 54, 57, 58, 62, 64, 72, 83, 85, ]
[1, 4, 7, 9, 13, 15, 16, 17, 18, 19, 21, 22, 25, 27, 33, 35, 40, 41, 48, 49, 52, 54, 62, 64, 66, 72, 75, 82, 83, 85, 87, 89, ]
[0, 7, 8, 9, 17, 19, 22, 25, 27, 29, 32, 33, 37, 38, 42, 46, 48, 49, 52, 53, 55, 57, 59, 61, 63, 65, 67, 71, 74, 78, 80, 84, 86, 88, 89, ]
[0, 12, 13, 14, 18, 19, 21, 22, 23, 24, 27, 35, 37, 38, 42, 43, 45, 48, 50, 57, 62, 67, 71, 72, 73, 76, 79, 80, 81, 82, 84, 85, 86, 87, 89, ]
[0, 2, 4, 6, 7, 8, 11, 13, 14, 15, 17, 19, 21, 23, 24, 25, 27, 28, 29, 30, 31, 40, 45, 54, 68, 74, 75, 78, 81, 83, 86, 87, 89, ]
[0, 3, 4, 6, 7, 8, 9, 10, 17, 19, 21, 25, 26, 27, 28, 29, 30, 31, 32, 36, 40, 42, 43, 44, 48, 50, 51, 53, 58, 59, 63, 65, 66, 67, 69, 71, 75, 80, 82, 83, 84, 85, 86, 87, ]
[1, 6, 8, 9, 10, 11, 12, 13, 15, 21, 23, 24, 26, 29, 30, 31, 33, 34, 35, 36, 39, 45, 46, 48, 49, 50, 52, 53, 54, 57, 60, 65, 66, 67, 69, 73, 75, 78, 79, 83, 85, 86, 87, 88, 89, ]
[0, 2, 4, 6, 7, 9, 13, 16, 19, 27, 31, 37, 38, 40, 45, 47, 51, 52, 56, 57, 60, 63, 64, 65, 67, 71, 79, 80, 85, 87, 89, ]
[0, 2, 4, 6, 8, 16, 18, 21, 23, 25, 27, 28, 29, 30, 32, 33, 35, 36, 40, 41, 43, 44, 46, 49, 51, 53, 55, 57, 60, 65, 66, 68, 74, 75, 80, 81, 82, 84, 85, 86, 87, 88, ]
[0, 2, 3, 5, 7, 10, 13, 15, 21, 23, 28, 33, 39, 43, 46, 49, 52, 56, 59, 64, 67, 68, 70, 71, 73, 75, 77, 83, 89, ]
[0, 1, 2, 3, 5, 6, 7, 8, 11, 12, 18, 19, 21, 22, 23, 24, 25, 26, 27, 29, 31, 37, 40, 43, 45, 47, 49, 50, 52, 53, 55, 57, 59, 61, 62, 63, 65, 66, 74, 75, 77, 79, 80, 82, 83, 88, ]
[0, 1, 2, 6, 8, 9, 11, 12, 14, 16, 22, 34, 37, 41, 43, 49, 50, 51, 53, 55, 56, 57, 59, 60, 61, 64, 65, 66, 71, 74, 75, 81, 82, 85, 87, ]