[5, 7, 10, 12, 14, 16, 18, 19, 21, 23, 25, 27, 28, 29, 31, 33, 38, 41, 43, 44, 45, 46, 48, 52, 57, 58, 59, 62, 63, 65, 67, 71, 72, 73, 74, 75, 77, 79, 81, 83, 85, 86, 87, 89, ]
[3, 5, 9, 15, 17, 20, 23, 24, 25, 27, 29, 30, 34, 39, 41, 45, 46, 48, 50, 52, 56, 57, 59, 63, 68, 69, 70, 71, 75, 76, 77, 78, 80, 81, 82, 83, 85, 86, 87, 88, 89, ]
[3, 5, 6, 7, 9, 16, 17, 21, 22, 25, 26, 27, 29, 31, 34, 35, 36, 41, 45, 48, 49, 51, 52, 53, 55, 56, 59, 66, 70, 73, 75, 77, 79, 83, 85, 86, 89, ]
[4, 5, 7, 13, 14, 17, 22, 23, 25, 27, 28, 29, 33, 35, 36, 37, 39, 41, 43, 46, 54, 57, 62, 64, 81, 83, 85, 87, ]
[0, 4, 5, 7, 9, 10, 11, 13, 15, 17, 18, 19, 20, 21, 22, 23, 24, 25, 27, 33, 35, 40, 43, 52, 54, 56, 62, 64, 66, 67, 75, 76, 77, 79, 82, 85, 87, 89, ]
[0, 7, 10, 13, 21, 25, 27, 29, 32, 33, 34, 38, 42, 50, 53, 55, 57, 59, 61, 63, 65, 67, 68, 77, 82, 83, 88, 89, ]
[2, 7, 10, 14, 16, 18, 19, 25, 27, 29, 30, 31, 33, 34, 35, 36, 37, 40, 43, 44, 45, 49, 57, 60, 63, 64, 71, 73, 74, 76, 79, 80, 81, 83, 84, 85, 86, 87, 88, 89, ]
[0, 2, 3, 6, 11, 15, 17, 19, 21, 23, 24, 27, 28, 29, 30, 31, 32, 33, 35, 40, 52, 66, 67, 79, 82, 84, 85, 86, 87, ]
[0, 1, 8, 10, 13, 15, 16, 18, 19, 21, 24, 26, 27, 28, 29, 30, 31, 35, 36, 38, 41, 42, 43, 48, 50, 51, 53, 56, 57, 63, 65, 67, 70, 73, 75, 77, 81, 85, 87, ]
[3, 5, 6, 7, 8, 14, 15, 17, 19, 21, 26, 30, 31, 33, 35, 37, 39, 40, 41, 43, 46, 48, 50, 53, 54, 56, 60, 65, 67, 71, 75, 81, 82, 83, 84, 85, 86, 87, 88, 89, ]
[0, 1, 2, 5, 7, 9, 13, 15, 16, 29, 30, 31, 32, 34, 38, 41, 44, 47, 54, 55, 57, 59, 60, 61, 63, 67, 69, 83, 84, 87, 89, ]
[0, 2, 4, 6, 7, 8, 11, 15, 18, 20, 25, 28, 29, 32, 33, 35, 44, 45, 46, 49, 51, 52, 53, 57, 60, 62, 64, 66, 68, 69, 70, 76, 77, 79, 82, 85, 86, 88, 89, ]
[0, 2, 3, 5, 10, 13, 15, 20, 21, 23, 30, 31, 33, 39, 43, 46, 49, 53, 59, 64, 68, 70, 71, 73, 75, 77, 83, 85, 87, 89, ]
[2, 3, 4, 6, 7, 8, 9, 10, 11, 12, 13, 17, 19, 23, 24, 25, 26, 27, 29, 30, 45, 47, 49, 50, 53, 54, 57, 59, 60, 61, 63, 65, 66, 67, 68, 77, 82, 83, 85, 86, ]
[2, 3, 5, 6, 7, 8, 10, 11, 14, 17, 22, 24, 30, 31, 34, 36, 41, 45, 49, 50, 51, 53, 55, 57, 59, 60, 61, 63, 64, 65, 70, 71, 74, 79, 82, 89, ]