6.000000000000000000e+01
2.680000000000000000e+02
2.570000000000000000e+02
1.200000000000000000e+01
3.600000000000000000e+01
2.400000000000000000e+01
2.100000000000000000e+01
1.400000000000000000e+01
3.770000000000000000e+02
1.220000000000000000e+02
1.500000000000000000e+01
8.900000000000000000e+01
2.110000000000000000e+02
4.090000000000000000e+02
3.980000000000000000e+02
3.400000000000000000e+01
3.890000000000000000e+02
8.000000000000000000e+00
2.810000000000000000e+02
1.600000000000000000e+02
2.620000000000000000e+02
2.300000000000000000e+01
6.200000000000000000e+01
4.010000000000000000e+02
2.310000000000000000e+02
1.800000000000000000e+01
4.440000000000000000e+02
4.290000000000000000e+02
1.930000000000000000e+02
3.300000000000000000e+01
3.470000000000000000e+02
4.150000000000000000e+02
5.300000000000000000e+01
1.130000000000000000e+02
2.170000000000000000e+02
2.200000000000000000e+01
3.490000000000000000e+02
2.010000000000000000e+02
3.400000000000000000e+02
3.900000000000000000e+02
4.180000000000000000e+02
1.060000000000000000e+02
3.680000000000000000e+02
4.230000000000000000e+02
4.110000000000000000e+02
8.100000000000000000e+01
1.590000000000000000e+02
3.180000000000000000e+02
3.000000000000000000e+01
2.500000000000000000e+01
