5.000000000000000000e+01
2.400000000000000000e+01
2.680000000000000000e+02
2.570000000000000000e+02
4.290000000000000000e+02
3.980000000000000000e+02
1.500000000000000000e+01
6.200000000000000000e+01
8.000000000000000000e+00
1.130000000000000000e+02
4.110000000000000000e+02
2.110000000000000000e+02
3.770000000000000000e+02
3.400000000000000000e+01
1.970000000000000000e+02
8.900000000000000000e+01
3.180000000000000000e+02
2.600000000000000000e+01
8.100000000000000000e+01
2.100000000000000000e+01
1.400000000000000000e+01
1.060000000000000000e+02
8.600000000000000000e+01
4.090000000000000000e+02
1.050000000000000000e+02
1.200000000000000000e+01
3.200000000000000000e+01
3.900000000000000000e+02
2.200000000000000000e+01
2.500000000000000000e+01
4.540000000000000000e+02
2.300000000000000000e+01
1.300000000000000000e+01
1.800000000000000000e+01
1.930000000000000000e+02
1.600000000000000000e+02
3.000000000000000000e+01
3.300000000000000000e+01
1.790000000000000000e+02
3.210000000000000000e+02
8.300000000000000000e+01
1.220000000000000000e+02
2.260000000000000000e+02
2.010000000000000000e+02
3.360000000000000000e+02
3.100000000000000000e+02
1.470000000000000000e+02
4.230000000000000000e+02
4.600000000000000000e+01
4.160000000000000000e+02
