9.020000000000000000e+02
6.580000000000000000e+02
1.878000000000000000e+03
1.926000000000000000e+03
2.337000000000000000e+03
1.263000000000000000e+03
4.260000000000000000e+02
1.576000000000000000e+03
1.136000000000000000e+03
8.020000000000000000e+02
2.171000000000000000e+03
1.660000000000000000e+03
1.142000000000000000e+03
1.761000000000000000e+03
1.383000000000000000e+03
2.375000000000000000e+03
3.670000000000000000e+02
7.960000000000000000e+02
8.420000000000000000e+02
1.865000000000000000e+03
2.037000000000000000e+03
1.584000000000000000e+03
1.517000000000000000e+03
1.082000000000000000e+03
2.338000000000000000e+03
4.860000000000000000e+02
1.686000000000000000e+03
1.016000000000000000e+03
1.639000000000000000e+03
1.238000000000000000e+03
9.010000000000000000e+02
2.172000000000000000e+03
1.024000000000000000e+03
1.996000000000000000e+03
1.805000000000000000e+03
6.570000000000000000e+02
1.581000000000000000e+03
1.081000000000000000e+03
1.992000000000000000e+03
7.970000000000000000e+02
3.080000000000000000e+02
1.189000000000000000e+03
1.682000000000000000e+03
2.382000000000000000e+03
1.022000000000000000e+03
1.927000000000000000e+03
2.399000000000000000e+03
1.257000000000000000e+03
7.360000000000000000e+02
1.758000000000000000e+03
