1.082000000000000000e+03
6.580000000000000000e+02
1.865000000000000000e+03
2.337000000000000000e+03
1.996000000000000000e+03
4.260000000000000000e+02
8.430000000000000000e+02
2.038000000000000000e+03
1.878000000000000000e+03
1.383000000000000000e+03
8.020000000000000000e+02
2.171000000000000000e+03
1.016000000000000000e+03
1.517000000000000000e+03
8.420000000000000000e+02
1.926000000000000000e+03
1.701000000000000000e+03
1.238000000000000000e+03
1.081000000000000000e+03
7.370000000000000000e+02
4.860000000000000000e+02
1.614000000000000000e+03
1.805000000000000000e+03
2.338000000000000000e+03
1.024000000000000000e+03
1.992000000000000000e+03
1.521000000000000000e+03
1.202000000000000000e+03
1.019000000000000000e+03
9.620000000000000000e+02
1.639000000000000000e+03
1.867000000000000000e+03
1.816000000000000000e+03
3.080000000000000000e+02
1.263000000000000000e+03
2.172000000000000000e+03
2.399000000000000000e+03
1.257000000000000000e+03
7.960000000000000000e+02
1.022000000000000000e+03
2.037000000000000000e+03
1.686000000000000000e+03
8.620000000000000000e+02
3.670000000000000000e+02
1.866000000000000000e+03
1.359000000000000000e+03
1.142000000000000000e+03
1.641000000000000000e+03
1.503000000000000000e+03
9.560000000000000000e+02
