9.010000000000000000e+02
9.560000000000000000e+02
2.171000000000000000e+03
1.517000000000000000e+03
1.263000000000000000e+03
2.337000000000000000e+03
1.865000000000000000e+03
8.620000000000000000e+02
2.038000000000000000e+03
4.860000000000000000e+02
1.878000000000000000e+03
1.082000000000000000e+03
5.370000000000000000e+02
1.581000000000000000e+03
1.383000000000000000e+03
1.927000000000000000e+03
1.996000000000000000e+03
7.230000000000000000e+02
2.338000000000000000e+03
1.136000000000000000e+03
2.172000000000000000e+03
3.080000000000000000e+02
1.081000000000000000e+03
7.960000000000000000e+02
1.805000000000000000e+03
1.584000000000000000e+03
1.024000000000000000e+03
1.019000000000000000e+03
1.761000000000000000e+03
9.620000000000000000e+02
1.992000000000000000e+03
1.759000000000000000e+03
1.202000000000000000e+03
4.270000000000000000e+02
1.238000000000000000e+03
8.020000000000000000e+02
2.232000000000000000e+03
1.816000000000000000e+03
1.323000000000000000e+03
1.866000000000000000e+03
1.016000000000000000e+03
2.399000000000000000e+03
9.020000000000000000e+02
6.840000000000000000e+02
1.919000000000000000e+03
4.260000000000000000e+02
7.970000000000000000e+02
1.926000000000000000e+03
1.022000000000000000e+03
5.980000000000000000e+02
