1.670000000000000000e+03
2.176000000000000000e+03
8.200000000000000000e+03
7.570000000000000000e+02
3.982000000000000000e+03
7.556000000000000000e+03
8.290000000000000000e+02
9.388000000000000000e+03
6.600000000000000000e+02
7.800000000000000000e+03
4.322000000000000000e+03
8.600000000000000000e+01
2.603000000000000000e+03
6.294000000000000000e+03
4.030000000000000000e+02
1.511000000000000000e+03
2.500000000000000000e+01
6.537000000000000000e+03
2.300000000000000000e+02
9.368000000000000000e+03
2.529000000000000000e+03
8.735000000000000000e+03
9.487000000000000000e+03
8.486000000000000000e+03
6.501000000000000000e+03
9.981000000000000000e+03
2.567000000000000000e+03
9.995000000000000000e+03
5.000000000000000000e+00
5.630000000000000000e+03
2.027000000000000000e+03
9.923000000000000000e+03
9.821000000000000000e+03
3.297000000000000000e+03
1.353000000000000000e+03
9.738000000000000000e+03
1.060000000000000000e+02
5.023000000000000000e+03
6.290000000000000000e+03
9.087000000000000000e+03
4.252000000000000000e+03
7.561000000000000000e+03
7.792000000000000000e+03
4.290000000000000000e+02
4.347000000000000000e+03
6.000000000000000000e+00
4.868000000000000000e+03
1.042000000000000000e+03
1.912000000000000000e+03
9.178000000000000000e+03
