7.768000000000000000e+03
3.354000000000000000e+03
4.920000000000000000e+02
9.153000000000000000e+03
3.610000000000000000e+02
2.547000000000000000e+03
9.673000000000000000e+03
5.382000000000000000e+03
3.113000000000000000e+03
7.209000000000000000e+03
4.249000000000000000e+03
9.214000000000000000e+03
9.250000000000000000e+03
1.013400000000000000e+04
2.934000000000000000e+03
6.009000000000000000e+03
5.286000000000000000e+03
8.950000000000000000e+03
6.217000000000000000e+03
2.630000000000000000e+02
1.642000000000000000e+03
1.002900000000000000e+04
7.124000000000000000e+03
9.812000000000000000e+03
1.005300000000000000e+04
1.150000000000000000e+03
9.525000000000000000e+03
3.877000000000000000e+03
7.950000000000000000e+03
3.712000000000000000e+03
7.580000000000000000e+02
2.803000000000000000e+03
9.458000000000000000e+03
3.417000000000000000e+03
1.115800000000000000e+04
7.718000000000000000e+03
5.967000000000000000e+03
9.582000000000000000e+03
3.044000000000000000e+03
7.420000000000000000e+03
8.199000000000000000e+03
6.755000000000000000e+03
1.398000000000000000e+03
1.148000000000000000e+03
6.590000000000000000e+02
4.494000000000000000e+03
5.420000000000000000e+03
8.367000000000000000e+03
7.943000000000000000e+03
5.711000000000000000e+03
