1.800000000000000000e+02
1.800000000000000000e+01
0.000000000000000000e+00
9.300000000000000000e+01
3.600000000000000000e+01
9.600000000000000000e+01
7.100000000000000000e+01
1.990000000000000000e+02
1.970000000000000000e+02
1.320000000000000000e+02
5.400000000000000000e+01
9.900000000000000000e+01
3.400000000000000000e+01
1.920000000000000000e+02
9.000000000000000000e+00
1.910000000000000000e+02
1.510000000000000000e+02
3.200000000000000000e+01
6.500000000000000000e+01
1.050000000000000000e+02
6.000000000000000000e+00
7.900000000000000000e+01
5.200000000000000000e+01
3.300000000000000000e+01
3.500000000000000000e+01
1.180000000000000000e+02
4.300000000000000000e+01
8.700000000000000000e+01
6.700000000000000000e+01
1.020000000000000000e+02
4.500000000000000000e+01
1.790000000000000000e+02
2.110000000000000000e+02
1.400000000000000000e+02
1.140000000000000000e+02
4.100000000000000000e+01
1.380000000000000000e+02
8.000000000000000000e+01
1.900000000000000000e+01
1.470000000000000000e+02
1.500000000000000000e+02
1.260000000000000000e+02
1.730000000000000000e+02
1.160000000000000000e+02
5.500000000000000000e+01
1.630000000000000000e+02
1.700000000000000000e+01
1.650000000000000000e+02
6.900000000000000000e+01
1.590000000000000000e+02
