1.870000000000000000e+03
4.050000000000000000e+02
2.847000000000000000e+03
1.014000000000000000e+03
3.488000000000000000e+03
4.345000000000000000e+03
3.759000000000000000e+03
4.114000000000000000e+03
5.050000000000000000e+02
2.858000000000000000e+03
3.270000000000000000e+03
1.290000000000000000e+02
1.813000000000000000e+03
4.262000000000000000e+03
9.680000000000000000e+02
9.840000000000000000e+02
6.250000000000000000e+02
3.817000000000000000e+03
2.292000000000000000e+03
1.199000000000000000e+03
1.077000000000000000e+03
4.156000000000000000e+03
3.158000000000000000e+03
3.912000000000000000e+03
1.194000000000000000e+03
3.786000000000000000e+03
2.554000000000000000e+03
9.750000000000000000e+02
3.729000000000000000e+03
3.423000000000000000e+03
4.425000000000000000e+03
2.910000000000000000e+02
4.200000000000000000e+01
1.929000000000000000e+03
8.370000000000000000e+02
2.748000000000000000e+03
1.417000000000000000e+03
2.584000000000000000e+03
1.190000000000000000e+03
1.544000000000000000e+03
2.635000000000000000e+03
2.471000000000000000e+03
3.775000000000000000e+03
1.410000000000000000e+03
4.412000000000000000e+03
4.129000000000000000e+03
2.941000000000000000e+03
3.337000000000000000e+03
1.075000000000000000e+03
2.618000000000000000e+03
