2.585000000000000000e+03
5.603000000000000000e+03
1.978000000000000000e+03
4.237000000000000000e+03
2.430000000000000000e+03
2.679000000000000000e+03
1.966000000000000000e+03
3.044000000000000000e+03
2.208000000000000000e+03
2.710000000000000000e+03
2.111000000000000000e+03
2.690000000000000000e+03
3.648000000000000000e+03
4.720000000000000000e+02
3.762000000000000000e+03
5.628000000000000000e+03
3.474000000000000000e+03
2.697000000000000000e+03
2.762000000000000000e+03
1.815000000000000000e+03
3.358000000000000000e+03
6.880000000000000000e+02
4.203000000000000000e+03
5.840000000000000000e+02
2.188000000000000000e+03
2.084000000000000000e+03
4.522000000000000000e+03
3.724000000000000000e+03
2.816000000000000000e+03
1.870000000000000000e+03
4.842000000000000000e+03
2.555000000000000000e+03
2.400000000000000000e+03
3.114000000000000000e+03
3.845000000000000000e+03
3.400000000000000000e+01
5.069000000000000000e+03
4.646000000000000000e+03
3.993000000000000000e+03
4.155000000000000000e+03
2.810000000000000000e+02
3.514000000000000000e+03
4.685000000000000000e+03
2.317000000000000000e+03
4.800000000000000000e+01
2.239000000000000000e+03
5.387000000000000000e+03
4.085000000000000000e+03
4.107000000000000000e+03
4.553000000000000000e+03
