2.585000000000000000e+03
1.430000000000000000e+02
3.170000000000000000e+03
3.799000000000000000e+03
5.703000000000000000e+03
2.710000000000000000e+03
2.208000000000000000e+03
1.921000000000000000e+03
1.620000000000000000e+03
3.514000000000000000e+03
1.815000000000000000e+03
3.114000000000000000e+03
2.365000000000000000e+03
4.203000000000000000e+03
3.660000000000000000e+03
3.358000000000000000e+03
5.840000000000000000e+02
3.648000000000000000e+03
2.271000000000000000e+03
1.971000000000000000e+03
3.668000000000000000e+03
3.489000000000000000e+03
1.547000000000000000e+03
2.188000000000000000e+03
4.107000000000000000e+03
4.894000000000000000e+03
4.842000000000000000e+03
5.387000000000000000e+03
2.697000000000000000e+03
1.948000000000000000e+03
3.724000000000000000e+03
2.400000000000000000e+03
2.084000000000000000e+03
4.522000000000000000e+03
3.023000000000000000e+03
3.993000000000000000e+03
5.600000000000000000e+01
5.679000000000000000e+03
3.038000000000000000e+03
3.845000000000000000e+03
2.180000000000000000e+03
7.160000000000000000e+02
1.322000000000000000e+03
3.083000000000000000e+03
3.233000000000000000e+03
4.832000000000000000e+03
2.884000000000000000e+03
5.850000000000000000e+02
3.044000000000000000e+03
7.390000000000000000e+02
