2.585000000000000000e+03
4.532000000000000000e+03
3.170000000000000000e+03
1.430000000000000000e+02
3.799000000000000000e+03
4.237000000000000000e+03
3.380000000000000000e+03
3.407000000000000000e+03
2.188000000000000000e+03
4.842000000000000000e+03
5.635000000000000000e+03
3.919000000000000000e+03
4.203000000000000000e+03
4.522000000000000000e+03
3.648000000000000000e+03
5.840000000000000000e+02
2.372000000000000000e+03
4.852000000000000000e+03
2.710000000000000000e+03
2.133000000000000000e+03
5.703000000000000000e+03
2.084000000000000000e+03
2.690000000000000000e+03
3.474000000000000000e+03
2.430000000000000000e+03
4.155000000000000000e+03
3.845000000000000000e+03
3.114000000000000000e+03
5.596000000000000000e+03
2.882000000000000000e+03
9.300000000000000000e+02
3.044000000000000000e+03
2.365000000000000000e+03
3.227000000000000000e+03
2.400000000000000000e+03
4.300000000000000000e+01
5.679000000000000000e+03
4.085000000000000000e+03
2.485000000000000000e+03
3.397000000000000000e+03
3.668000000000000000e+03
3.724000000000000000e+03
1.664000000000000000e+03
4.926000000000000000e+03
9.100000000000000000e+02
3.358000000000000000e+03
4.800000000000000000e+01
1.620000000000000000e+03
4.860000000000000000e+03
4.646000000000000000e+03
