4.652000000000000000e+03
1.470000000000000000e+03
3.270000000000000000e+02
2.717000000000000000e+03
1.910000000000000000e+03
3.803000000000000000e+03
5.234000000000000000e+03
1.573000000000000000e+03
3.191000000000000000e+03
4.306000000000000000e+03
2.653000000000000000e+03
4.425000000000000000e+03
4.293000000000000000e+03
2.138000000000000000e+03
2.911000000000000000e+03
4.517000000000000000e+03
4.363000000000000000e+03
1.789000000000000000e+03
4.404000000000000000e+03
1.898000000000000000e+03
1.478000000000000000e+03
4.290000000000000000e+03
2.108000000000000000e+03
1.771000000000000000e+03
4.305000000000000000e+03
4.627000000000000000e+03
1.599000000000000000e+03
7.900000000000000000e+01
4.705000000000000000e+03
1.202000000000000000e+03
4.631000000000000000e+03
2.967000000000000000e+03
1.226000000000000000e+03
1.170000000000000000e+02
2.370000000000000000e+02
2.851000000000000000e+03
5.256000000000000000e+03
2.444000000000000000e+03
2.696000000000000000e+03
4.252000000000000000e+03
5.313000000000000000e+03
4.286000000000000000e+03
5.503000000000000000e+03
2.342000000000000000e+03
2.384000000000000000e+03
8.020000000000000000e+02
9.210000000000000000e+02
3.066000000000000000e+03
2.127000000000000000e+03
5.188000000000000000e+03
