9.020000000000000000e+02
1.927000000000000000e+03
2.337000000000000000e+03
4.860000000000000000e+02
1.383000000000000000e+03
5.980000000000000000e+02
7.970000000000000000e+02
1.082000000000000000e+03
1.521000000000000000e+03
1.077000000000000000e+03
2.171000000000000000e+03
1.996000000000000000e+03
1.878000000000000000e+03
1.914000000000000000e+03
1.865000000000000000e+03
1.584000000000000000e+03
1.263000000000000000e+03
1.660000000000000000e+03
1.582000000000000000e+03
1.517000000000000000e+03
1.700000000000000000e+03
2.056000000000000000e+03
1.522000000000000000e+03
1.854000000000000000e+03
1.644000000000000000e+03
1.804000000000000000e+03
1.876000000000000000e+03
1.821000000000000000e+03
1.422000000000000000e+03
1.938000000000000000e+03
2.096000000000000000e+03
2.057000000000000000e+03
2.366000000000000000e+03
1.622000000000000000e+03
1.188000000000000000e+03
1.760000000000000000e+03
1.581000000000000000e+03
1.523000000000000000e+03
1.613000000000000000e+03
1.990000000000000000e+03
1.936000000000000000e+03
2.154000000000000000e+03
1.758000000000000000e+03
2.322000000000000000e+03
2.055000000000000000e+03
1.458000000000000000e+03
1.643000000000000000e+03
2.364000000000000000e+03
2.377000000000000000e+03
1.617000000000000000e+03
