[71, 144, 186, 225, 473, 504, 515, ]
[0, 38, 193, 396, 471, 520, 538, 576, ]
[3, 389, 576, 580, ]
[394, 428, 470, 513, 520, 533, 572, 616, ]
[5, 19, 35, 114, 220, 286, 395, 466, 512, ]
[182, 202, 210, 415, 569, ]
[25, 133, 177, 362, 425, 494, 513, ]
[0, 1, 168, 417, 584, ]
[3, 9, 169, 215, ]
[9, 102, 146, 305, 395, 426, 514, ]
[7, 186, 393, 395, 431, 460, ]
[46, 165, 175, 214, 234, ]
[7, 8, 196, 298, 370, 435, ]
[1, 111, 170, 189, 206, 371, ]
[1, 28, 99, 176, 265, 549, ]
[226, 254, 395, 401, 457, 488, ]
[171, 184, 392, 393, ]
[8, 23, 205, 216, ]
[76, 106, 413, 415, 445, 491, ]
[70, 198, 361, 487, 527, 576, ]
[4, 122, 215, 332, 456, ]
[4, 27, 471, 479, 480, 485, 572, ]
[1, 42, 140, 326, 432, 582, ]
[5, 170, 411, 473, 584, ]
[10, 21, 179, 477, ]
[389, 483, 494, 580, ]