1.870000000000000000e+03
3.386000000000000000e+03
9.750000000000000000e+02
4.420000000000000000e+03
3.729000000000000000e+03
3.111000000000000000e+03
9.620000000000000000e+02
3.786000000000000000e+03
1.761000000000000000e+03
3.912000000000000000e+03
2.554000000000000000e+03
3.033000000000000000e+03
2.359000000000000000e+03
4.262000000000000000e+03
3.759000000000000000e+03
4.560000000000000000e+02
3.897000000000000000e+03
2.801000000000000000e+03
1.199000000000000000e+03
3.604000000000000000e+03
2.172000000000000000e+03
1.451000000000000000e+03
3.770000000000000000e+02
3.540000000000000000e+03
3.180000000000000000e+02
1.290000000000000000e+02
2.800000000000000000e+01
3.454000000000000000e+03
3.000000000000000000e+00
3.298000000000000000e+03
1.464000000000000000e+03
1.053000000000000000e+03
4.414000000000000000e+03
2.847000000000000000e+03
3.862000000000000000e+03
1.857000000000000000e+03
4.189000000000000000e+03
6.970000000000000000e+02
3.476000000000000000e+03
3.975000000000000000e+03
4.011000000000000000e+03
2.941000000000000000e+03
1.650000000000000000e+03
1.318000000000000000e+03
2.602000000000000000e+03
2.748000000000000000e+03
1.929000000000000000e+03
4.200000000000000000e+01
3.000000000000000000e+03
8.230000000000000000e+02
