1.870000000000000000e+03
3.817000000000000000e+03
2.446000000000000000e+03
3.912000000000000000e+03
2.172000000000000000e+03
1.920000000000000000e+03
3.975000000000000000e+03
1.290000000000000000e+02
6.970000000000000000e+02
3.180000000000000000e+02
9.680000000000000000e+02
2.030000000000000000e+02
1.650000000000000000e+03
1.075000000000000000e+03
2.847000000000000000e+03
1.917000000000000000e+03
1.318000000000000000e+03
3.786000000000000000e+03
3.410000000000000000e+02
3.759000000000000000e+03
1.230000000000000000e+03
4.308000000000000000e+03
2.941000000000000000e+03
4.300000000000000000e+03
4.200000000000000000e+01
2.801000000000000000e+03
3.770000000000000000e+02
2.584000000000000000e+03
1.410000000000000000e+03
1.199000000000000000e+03
1.053000000000000000e+03
4.046000000000000000e+03
2.797000000000000000e+03
3.333000000000000000e+03
3.660000000000000000e+03
9.950000000000000000e+02
2.740000000000000000e+03
1.857000000000000000e+03
1.666000000000000000e+03
4.039000000000000000e+03
1.024000000000000000e+03
2.274000000000000000e+03
3.775000000000000000e+03
3.990000000000000000e+02
1.464000000000000000e+03
2.554000000000000000e+03
4.153000000000000000e+03
3.521000000000000000e+03
1.544000000000000000e+03
2.748000000000000000e+03
