6.966000000000000000e+03
4.370000000000000000e+02
9.872000000000000000e+03
9.166000000000000000e+03
4.716000000000000000e+03
3.150000000000000000e+02
1.157000000000000000e+03
8.532000000000000000e+03
7.673000000000000000e+03
9.282000000000000000e+03
9.120000000000000000e+03
7.281000000000000000e+03
6.128000000000000000e+03
1.162000000000000000e+03
8.241000000000000000e+03
2.795000000000000000e+03
3.042000000000000000e+03
8.711000000000000000e+03
9.389000000000000000e+03
4.528000000000000000e+03
1.009800000000000000e+04
1.158000000000000000e+03
7.967000000000000000e+03
1.867000000000000000e+03
3.160000000000000000e+02
8.006000000000000000e+03
8.774000000000000000e+03
3.599000000000000000e+03
5.465000000000000000e+03
9.353000000000000000e+03
9.510000000000000000e+03
7.685000000000000000e+03
9.700000000000000000e+02
8.531000000000000000e+03
2.455000000000000000e+03
6.210000000000000000e+02
2.485000000000000000e+03
4.309000000000000000e+03
5.762000000000000000e+03
9.394000000000000000e+03
7.612000000000000000e+03
1.047000000000000000e+03
4.529000000000000000e+03
8.380000000000000000e+03
2.928000000000000000e+03
1.044000000000000000e+03
2.536000000000000000e+03
1.507000000000000000e+03
8.771000000000000000e+03
3.013000000000000000e+03
