6.966000000000000000e+03
4.370000000000000000e+02
9.281000000000000000e+03
7.729000000000000000e+03
4.717000000000000000e+03
4.198000000000000000e+03
8.532000000000000000e+03
8.290000000000000000e+02
7.650000000000000000e+02
7.673000000000000000e+03
6.347000000000000000e+03
8.503000000000000000e+03
7.190000000000000000e+03
9.395000000000000000e+03
1.157000000000000000e+03
8.711000000000000000e+03
6.128000000000000000e+03
4.528000000000000000e+03
4.157000000000000000e+03
7.612000000000000000e+03
3.995000000000000000e+03
9.167000000000000000e+03
9.353000000000000000e+03
2.090000000000000000e+03
2.144000000000000000e+03
2.455000000000000000e+03
8.531000000000000000e+03
8.458000000000000000e+03
6.210000000000000000e+02
8.050000000000000000e+03
1.017900000000000000e+04
4.529000000000000000e+03
1.158000000000000000e+03
1.695000000000000000e+03
8.056000000000000000e+03
9.394000000000000000e+03
5.762000000000000000e+03
3.013000000000000000e+03
1.867000000000000000e+03
5.791000000000000000e+03
7.878000000000000000e+03
3.969000000000000000e+03
2.485000000000000000e+03
2.795000000000000000e+03
8.501000000000000000e+03
7.414000000000000000e+03
4.640000000000000000e+03
9.400000000000000000e+02
9.391000000000000000e+03
1.804000000000000000e+03
