6.966000000000000000e+03
4.370000000000000000e+02
7.170000000000000000e+03
4.828000000000000000e+03
9.281000000000000000e+03
1.009700000000000000e+04
1.042000000000000000e+03
2.313000000000000000e+03
8.458000000000000000e+03
9.810000000000000000e+02
4.640000000000000000e+03
4.945000000000000000e+03
1.158000000000000000e+03
8.532000000000000000e+03
1.118000000000000000e+03
9.167000000000000000e+03
7.673000000000000000e+03
7.729000000000000000e+03
2.911000000000000000e+03
8.290000000000000000e+02
4.939000000000000000e+03
9.618000000000000000e+03
8.662000000000000000e+03
4.085000000000000000e+03
1.157000000000000000e+03
4.529000000000000000e+03
2.484000000000000000e+03
8.380000000000000000e+03
2.790000000000000000e+03
7.878000000000000000e+03
8.055000000000000000e+03
4.528000000000000000e+03
2.455000000000000000e+03
2.593000000000000000e+03
3.500000000000000000e+01
1.052000000000000000e+03
8.879000000000000000e+03
5.426000000000000000e+03
1.867000000000000000e+03
5.900000000000000000e+03
3.713000000000000000e+03
9.001000000000000000e+03
3.631000000000000000e+03
3.995000000000000000e+03
7.418000000000000000e+03
1.029100000000000000e+04
1.009800000000000000e+04
5.090000000000000000e+02
9.238000000000000000e+03
4.198000000000000000e+03
