5.234000000000000000e+03
2.717000000000000000e+03
7.900000000000000000e+01
2.691000000000000000e+03
8.020000000000000000e+02
1.910000000000000000e+03
2.390000000000000000e+02
4.631000000000000000e+03
4.517000000000000000e+03
2.108000000000000000e+03
1.478000000000000000e+03
4.306000000000000000e+03
2.653000000000000000e+03
3.547000000000000000e+03
4.333000000000000000e+03
2.079000000000000000e+03
4.652000000000000000e+03
1.304000000000000000e+03
1.211000000000000000e+03
2.272000000000000000e+03
1.202000000000000000e+03
5.503000000000000000e+03
3.745000000000000000e+03
2.543000000000000000e+03
2.370000000000000000e+02
7.710000000000000000e+02
4.738000000000000000e+03
2.354000000000000000e+03
5.256000000000000000e+03
4.945000000000000000e+03
1.599000000000000000e+03
1.565000000000000000e+03
3.606000000000000000e+03
3.674000000000000000e+03
4.989000000000000000e+03
4.290000000000000000e+02
2.248000000000000000e+03
5.324000000000000000e+03
1.732000000000000000e+03
2.013000000000000000e+03
5.476000000000000000e+03
2.570000000000000000e+03
1.789000000000000000e+03
1.865000000000000000e+03
2.444000000000000000e+03
2.384000000000000000e+03
1.543000000000000000e+03
8.030000000000000000e+02
2.227000000000000000e+03
2.130000000000000000e+02
