4.652000000000000000e+03
4.306000000000000000e+03
3.191000000000000000e+03
2.653000000000000000e+03
1.910000000000000000e+03
1.789000000000000000e+03
2.717000000000000000e+03
4.989000000000000000e+03
4.294000000000000000e+03
1.226000000000000000e+03
8.510000000000000000e+02
4.517000000000000000e+03
2.851000000000000000e+03
2.108000000000000000e+03
5.256000000000000000e+03
1.170000000000000000e+02
5.313000000000000000e+03
2.967000000000000000e+03
5.476000000000000000e+03
4.631000000000000000e+03
1.898000000000000000e+03
1.478000000000000000e+03
1.573000000000000000e+03
5.234000000000000000e+03
5.503000000000000000e+03
2.370000000000000000e+02
1.625000000000000000e+03
4.738000000000000000e+03
7.710000000000000000e+02
7.900000000000000000e+01
1.599000000000000000e+03
1.202000000000000000e+03
4.293000000000000000e+03
4.627000000000000000e+03
4.290000000000000000e+02
1.304000000000000000e+03
3.606000000000000000e+03
2.911000000000000000e+03
2.691000000000000000e+03
8.020000000000000000e+02
4.290000000000000000e+03
1.668000000000000000e+03
3.830000000000000000e+02
3.745000000000000000e+03
2.348000000000000000e+03
4.210000000000000000e+03
4.460000000000000000e+02
5.548000000000000000e+03
1.310000000000000000e+03
3.066000000000000000e+03
