3.527000000000000000e+03
2.865000000000000000e+03
2.095000000000000000e+03
2.192000000000000000e+03
5.068000000000000000e+03
5.371000000000000000e+03
3.119000000000000000e+03
1.276000000000000000e+03
1.168000000000000000e+03
5.704000000000000000e+03
3.601000000000000000e+03
2.861000000000000000e+03
3.321000000000000000e+03
4.073000000000000000e+03
4.030000000000000000e+03
1.947000000000000000e+03
1.586000000000000000e+03
2.075000000000000000e+03
1.983000000000000000e+03
1.302000000000000000e+03
2.944000000000000000e+03
1.648000000000000000e+03
5.475000000000000000e+03
1.612000000000000000e+03
9.990000000000000000e+02
2.982000000000000000e+03
3.283000000000000000e+03
3.916000000000000000e+03
2.985000000000000000e+03
4.048000000000000000e+03
1.220000000000000000e+03
2.372000000000000000e+03
5.120000000000000000e+02
4.429000000000000000e+03
1.987000000000000000e+03
1.200000000000000000e+02
9.840000000000000000e+02
1.663000000000000000e+03
3.983000000000000000e+03
6.630000000000000000e+02
4.776000000000000000e+03
2.395000000000000000e+03
9.500000000000000000e+02
1.518000000000000000e+03
2.870000000000000000e+02
2.896000000000000000e+03
4.819000000000000000e+03
3.936000000000000000e+03
4.100000000000000000e+03
1.344000000000000000e+03
