1.082000000000000000e+03
1.865000000000000000e+03
1.798000000000000000e+03
2.337000000000000000e+03
1.673000000000000000e+03
1.996000000000000000e+03
2.172000000000000000e+03
1.503000000000000000e+03
1.521000000000000000e+03
1.643000000000000000e+03
1.263000000000000000e+03
1.915000000000000000e+03
1.867000000000000000e+03
1.938000000000000000e+03
1.660000000000000000e+03
2.322000000000000000e+03
2.057000000000000000e+03
1.990000000000000000e+03
2.154000000000000000e+03
2.366000000000000000e+03
1.553000000000000000e+03
1.804000000000000000e+03
1.522000000000000000e+03
1.760000000000000000e+03
2.037000000000000000e+03
2.056000000000000000e+03
1.422000000000000000e+03
1.937000000000000000e+03
1.383000000000000000e+03
1.927000000000000000e+03
1.582000000000000000e+03
1.973000000000000000e+03
1.579000000000000000e+03
8.420000000000000000e+02
1.672000000000000000e+03
1.517000000000000000e+03
1.866000000000000000e+03
2.377000000000000000e+03
1.878000000000000000e+03
1.936000000000000000e+03
2.038000000000000000e+03
1.143000000000000000e+03
1.849000000000000000e+03
1.926000000000000000e+03
1.644000000000000000e+03
2.096000000000000000e+03
2.365000000000000000e+03
1.876000000000000000e+03
1.622000000000000000e+03
1.700000000000000000e+03
