5.000000000000000000e+01
1.130000000000000000e+02
4.150000000000000000e+02
6.900000000000000000e+01
2.100000000000000000e+01
1.500000000000000000e+01
2.480000000000000000e+02
3.200000000000000000e+01
1.210000000000000000e+02
2.170000000000000000e+02
2.400000000000000000e+01
2.990000000000000000e+02
2.310000000000000000e+02
3.100000000000000000e+02
1.620000000000000000e+02
7.100000000000000000e+01
8.300000000000000000e+01
4.110000000000000000e+02
4.540000000000000000e+02
6.200000000000000000e+01
1.960000000000000000e+02
1.470000000000000000e+02
2.980000000000000000e+02
3.300000000000000000e+01
3.370000000000000000e+02
3.680000000000000000e+02
3.600000000000000000e+01
1.800000000000000000e+01
2.180000000000000000e+02
6.300000000000000000e+01
3.980000000000000000e+02
2.420000000000000000e+02
5.900000000000000000e+01
6.500000000000000000e+01
1.220000000000000000e+02
1.340000000000000000e+02
1.930000000000000000e+02
2.270000000000000000e+02
3.080000000000000000e+02
2.840000000000000000e+02
2.940000000000000000e+02
3.800000000000000000e+01
7.700000000000000000e+01
2.530000000000000000e+02
1.400000000000000000e+01
3.000000000000000000e+01
3.400000000000000000e+01
7.300000000000000000e+01
3.590000000000000000e+02
1.200000000000000000e+01
