5.000000000000000000e+01
4.150000000000000000e+02
2.480000000000000000e+02
6.900000000000000000e+01
1.130000000000000000e+02
3.400000000000000000e+01
2.990000000000000000e+02
7.100000000000000000e+01
1.800000000000000000e+01
6.300000000000000000e+01
3.800000000000000000e+01
1.210000000000000000e+02
3.540000000000000000e+02
2.100000000000000000e+01
2.400000000000000000e+01
7.700000000000000000e+01
2.530000000000000000e+02
2.940000000000000000e+02
4.540000000000000000e+02
1.620000000000000000e+02
2.610000000000000000e+02
3.210000000000000000e+02
3.680000000000000000e+02
3.700000000000000000e+02
1.220000000000000000e+02
3.200000000000000000e+01
3.300000000000000000e+01
2.310000000000000000e+02
1.000000000000000000e+00
3.100000000000000000e+02
3.370000000000000000e+02
8.000000000000000000e+00
4.180000000000000000e+02
2.850000000000000000e+02
4.090000000000000000e+02
3.770000000000000000e+02
3.650000000000000000e+02
3.720000000000000000e+02
1.960000000000000000e+02
1.500000000000000000e+01
3.040000000000000000e+02
3.610000000000000000e+02
2.170000000000000000e+02
1.060000000000000000e+02
1.930000000000000000e+02
3.050000000000000000e+02
6.200000000000000000e+01
2.050000000000000000e+02
1.200000000000000000e+01
2.300000000000000000e+01
