6.110000000000000000e+02
2.600000000000000000e+01
4.300000000000000000e+01
2.900000000000000000e+01
9.790000000000000000e+02
2.800000000000000000e+01
7.380000000000000000e+02
2.400000000000000000e+01
5.200000000000000000e+02
2.700000000000000000e+01
1.012000000000000000e+03
6.300000000000000000e+01
4.100000000000000000e+01
2.300000000000000000e+01
9.510000000000000000e+02
5.750000000000000000e+02
2.500000000000000000e+01
7.040000000000000000e+02
5.900000000000000000e+01
9.320000000000000000e+02
3.100000000000000000e+01
8.520000000000000000e+02
3.010000000000000000e+02
3.000000000000000000e+01
8.600000000000000000e+01
8.540000000000000000e+02
2.200000000000000000e+01
8.170000000000000000e+02
6.200000000000000000e+01
7.980000000000000000e+02
5.800000000000000000e+01
9.470000000000000000e+02
1.016000000000000000e+03
7.950000000000000000e+02
9.100000000000000000e+01
3.490000000000000000e+02
6.000000000000000000e+01
1.600000000000000000e+02
2.100000000000000000e+01
9.910000000000000000e+02
7.390000000000000000e+02
1.260000000000000000e+02
7.610000000000000000e+02
5.300000000000000000e+01
1.021000000000000000e+03
9.300000000000000000e+01
2.690000000000000000e+02
5.700000000000000000e+01
9.900000000000000000e+01
9.940000000000000000e+02
