7.768000000000000000e+03
3.354000000000000000e+03
9.153000000000000000e+03
1.114300000000000000e+04
3.610000000000000000e+02
4.920000000000000000e+02
8.781000000000000000e+03
2.046000000000000000e+03
7.335000000000000000e+03
3.315000000000000000e+03
5.740000000000000000e+02
1.017800000000000000e+04
3.834000000000000000e+03
8.082000000000000000e+03
8.880000000000000000e+03
6.649000000000000000e+03
4.082000000000000000e+03
3.742000000000000000e+03
1.009100000000000000e+04
1.936000000000000000e+03
1.061200000000000000e+04
9.613000000000000000e+03
8.379000000000000000e+03
1.016800000000000000e+04
1.128000000000000000e+03
4.441000000000000000e+03
5.900000000000000000e+03
3.113000000000000000e+03
9.193000000000000000e+03
8.031000000000000000e+03
5.379000000000000000e+03
5.093000000000000000e+03
4.329000000000000000e+03
1.114200000000000000e+04
4.051000000000000000e+03
4.580000000000000000e+02
1.945000000000000000e+03
3.664000000000000000e+03
2.480000000000000000e+03
5.104000000000000000e+03
1.009200000000000000e+04
2.467000000000000000e+03
3.930000000000000000e+02
6.500000000000000000e+01
8.010000000000000000e+03
7.518000000000000000e+03
6.324000000000000000e+03
4.103000000000000000e+03
7.092000000000000000e+03
9.356000000000000000e+03
