1.870000000000000000e+03
3.912000000000000000e+03
3.817000000000000000e+03
2.446000000000000000e+03
2.172000000000000000e+03
1.920000000000000000e+03
3.729000000000000000e+03
2.428000000000000000e+03
3.077000000000000000e+03
4.345000000000000000e+03
1.194000000000000000e+03
2.403000000000000000e+03
1.014000000000000000e+03
3.488000000000000000e+03
1.439000000000000000e+03
3.158000000000000000e+03
3.786000000000000000e+03
2.406000000000000000e+03
8.640000000000000000e+02
3.792000000000000000e+03
4.290000000000000000e+02
9.030000000000000000e+02
9.750000000000000000e+02
1.758000000000000000e+03
3.604000000000000000e+03
2.910000000000000000e+02
2.465000000000000000e+03
1.950000000000000000e+03
3.852000000000000000e+03
1.077000000000000000e+03
3.614000000000000000e+03
1.417000000000000000e+03
8.030000000000000000e+02
3.490000000000000000e+03
2.584000000000000000e+03
2.794000000000000000e+03
4.156000000000000000e+03
8.500000000000000000e+01
2.847000000000000000e+03
3.990000000000000000e+02
1.410000000000000000e+03
7.550000000000000000e+02
1.228000000000000000e+03
8.840000000000000000e+02
9.840000000000000000e+02
3.237000000000000000e+03
4.149000000000000000e+03
6.670000000000000000e+02
2.664000000000000000e+03
8.460000000000000000e+02
