6.966000000000000000e+03
9.507000000000000000e+03
8.950000000000000000e+02
1.022100000000000000e+04
8.758000000000000000e+03
6.000000000000000000e+00
7.190000000000000000e+03
9.277000000000000000e+03
6.670000000000000000e+02
8.854000000000000000e+03
6.501000000000000000e+03
3.150000000000000000e+02
6.967000000000000000e+03
5.450000000000000000e+02
7.077000000000000000e+03
5.939000000000000000e+03
9.387000000000000000e+03
9.751000000000000000e+03
6.710000000000000000e+02
6.965000000000000000e+03
3.135000000000000000e+03
7.287000000000000000e+03
9.864000000000000000e+03
9.957000000000000000e+03
6.660000000000000000e+02
6.853000000000000000e+03
1.010200000000000000e+04
8.936000000000000000e+03
3.160000000000000000e+02
8.517000000000000000e+03
7.625000000000000000e+03
7.076000000000000000e+03
9.388000000000000000e+03
7.856000000000000000e+03
9.972000000000000000e+03
9.568000000000000000e+03
6.294000000000000000e+03
7.399000000000000000e+03
8.966000000000000000e+03
5.460000000000000000e+02
5.845000000000000000e+03
6.613000000000000000e+03
9.841000000000000000e+03
8.930000000000000000e+02
7.281000000000000000e+03
1.010700000000000000e+04
6.854000000000000000e+03
6.700000000000000000e+02
9.600000000000000000e+01
7.189000000000000000e+03
