9.020000000000000000e+02
1.927000000000000000e+03
2.337000000000000000e+03
4.260000000000000000e+02
1.082000000000000000e+03
2.171000000000000000e+03
1.324000000000000000e+03
1.805000000000000000e+03
6.570000000000000000e+02
1.081000000000000000e+03
7.830000000000000000e+02
1.865000000000000000e+03
3.670000000000000000e+02
1.022000000000000000e+03
2.038000000000000000e+03
1.926000000000000000e+03
1.024000000000000000e+03
1.202000000000000000e+03
1.992000000000000000e+03
9.620000000000000000e+02
1.866000000000000000e+03
1.383000000000000000e+03
2.172000000000000000e+03
3.080000000000000000e+02
8.420000000000000000e+02
1.017000000000000000e+03
2.107000000000000000e+03
1.323000000000000000e+03
9.010000000000000000e+02
1.686000000000000000e+03
4.240000000000000000e+02
2.338000000000000000e+03
9.640000000000000000e+02
1.142000000000000000e+03
1.868000000000000000e+03
4.270000000000000000e+02
1.745000000000000000e+03
4.760000000000000000e+02
9.610000000000000000e+02
1.263000000000000000e+03
2.169000000000000000e+03
4.860000000000000000e+02
1.084000000000000000e+03
2.096000000000000000e+03
1.863000000000000000e+03
1.021000000000000000e+03
1.019000000000000000e+03
2.170000000000000000e+03
1.260000000000000000e+03
7.230000000000000000e+02
