7.768000000000000000e+03
3.113000000000000000e+03
4.249000000000000000e+03
3.610000000000000000e+02
4.920000000000000000e+02
9.250000000000000000e+03
4.303000000000000000e+03
2.365000000000000000e+03
7.037000000000000000e+03
7.943000000000000000e+03
5.286000000000000000e+03
3.250000000000000000e+02
4.801000000000000000e+03
7.580000000000000000e+02
4.700000000000000000e+01
6.496000000000000000e+03
1.073200000000000000e+04
2.880000000000000000e+02
7.335000000000000000e+03
1.560000000000000000e+03
5.224000000000000000e+03
7.552000000000000000e+03
6.749000000000000000e+03
5.362000000000000000e+03
3.129000000000000000e+03
1.763000000000000000e+03
1.345000000000000000e+03
5.558000000000000000e+03
5.841000000000000000e+03
6.336000000000000000e+03
3.977000000000000000e+03
4.181000000000000000e+03
2.157000000000000000e+03
4.413000000000000000e+03
5.405000000000000000e+03
2.199000000000000000e+03
2.630000000000000000e+02
6.590000000000000000e+02
5.673000000000000000e+03
4.706000000000000000e+03
5.967000000000000000e+03
4.127000000000000000e+03
6.702000000000000000e+03
8.963000000000000000e+03
5.438000000000000000e+03
9.582000000000000000e+03
3.044000000000000000e+03
2.159000000000000000e+03
8.884000000000000000e+03
5.677000000000000000e+03
