1.800000000000000000e+02
1.800000000000000000e+01
0.000000000000000000e+00
9.300000000000000000e+01
1.910000000000000000e+02
3.600000000000000000e+01
1.920000000000000000e+02
5.400000000000000000e+01
2.110000000000000000e+02
1.320000000000000000e+02
3.200000000000000000e+01
7.100000000000000000e+01
1.510000000000000000e+02
1.970000000000000000e+02
9.000000000000000000e+00
9.900000000000000000e+01
6.500000000000000000e+01
1.020000000000000000e+02
3.400000000000000000e+01
1.050000000000000000e+02
6.000000000000000000e+00
5.200000000000000000e+01
4.300000000000000000e+01
3.500000000000000000e+01
3.300000000000000000e+01
7.900000000000000000e+01
8.700000000000000000e+01
3.100000000000000000e+01
1.790000000000000000e+02
1.180000000000000000e+02
1.140000000000000000e+02
1.500000000000000000e+02
4.100000000000000000e+01
4.500000000000000000e+01
1.160000000000000000e+02
1.990000000000000000e+02
1.470000000000000000e+02
6.700000000000000000e+01
1.760000000000000000e+02
1.010000000000000000e+02
1.380000000000000000e+02
1.260000000000000000e+02
8.000000000000000000e+01
5.500000000000000000e+01
1.630000000000000000e+02
8.600000000000000000e+01
1.730000000000000000e+02
1.740000000000000000e+02
8.100000000000000000e+01
1.200000000000000000e+01
