1.870000000000000000e+03
3.817000000000000000e+03
3.386000000000000000e+03
1.230000000000000000e+03
3.158000000000000000e+03
9.750000000000000000e+02
3.729000000000000000e+03
1.868000000000000000e+03
2.172000000000000000e+03
4.204000000000000000e+03
2.847000000000000000e+03
2.584000000000000000e+03
1.503000000000000000e+03
3.792000000000000000e+03
3.786000000000000000e+03
3.912000000000000000e+03
1.077000000000000000e+03
3.466000000000000000e+03
3.857000000000000000e+03
1.604000000000000000e+03
1.175000000000000000e+03
1.709000000000000000e+03
1.878000000000000000e+03
1.194000000000000000e+03
1.544000000000000000e+03
2.602000000000000000e+03
1.929000000000000000e+03
2.664000000000000000e+03
3.077000000000000000e+03
2.870000000000000000e+03
2.941000000000000000e+03
3.307000000000000000e+03
1.014000000000000000e+03
2.406000000000000000e+03
2.171000000000000000e+03
3.902000000000000000e+03
4.425000000000000000e+03
3.488000000000000000e+03
1.268000000000000000e+03
2.801000000000000000e+03
2.010000000000000000e+03
4.251000000000000000e+03
4.420000000000000000e+03
6.970000000000000000e+02
7.550000000000000000e+02
2.953000000000000000e+03
2.394000000000000000e+03
1.290000000000000000e+02
3.852000000000000000e+03
2.625000000000000000e+03
