1.870000000000000000e+03
1.929000000000000000e+03
9.560000000000000000e+02
3.333000000000000000e+03
2.370000000000000000e+03
3.884000000000000000e+03
4.425000000000000000e+03
3.488000000000000000e+03
3.490000000000000000e+03
4.130000000000000000e+02
3.912000000000000000e+03
2.618000000000000000e+03
2.910000000000000000e+02
3.902000000000000000e+03
3.897000000000000000e+03
3.337000000000000000e+03
4.156000000000000000e+03
1.175000000000000000e+03
4.280000000000000000e+03
9.620000000000000000e+02
4.420000000000000000e+03
9.750000000000000000e+02
3.729000000000000000e+03
2.394000000000000000e+03
8.460000000000000000e+02
1.154000000000000000e+03
2.979000000000000000e+03
8.240000000000000000e+02
3.307000000000000000e+03
3.817000000000000000e+03
1.280000000000000000e+02
2.847000000000000000e+03
3.158000000000000000e+03
3.775000000000000000e+03
2.794000000000000000e+03
4.314000000000000000e+03
3.786000000000000000e+03
1.878000000000000000e+03
1.813000000000000000e+03
1.950000000000000000e+03
2.635000000000000000e+03
4.251000000000000000e+03
4.095000000000000000e+03
1.194000000000000000e+03
1.180000000000000000e+02
1.075000000000000000e+03
1.709000000000000000e+03
3.309000000000000000e+03
2.801000000000000000e+03
2.761000000000000000e+03
