1.870000000000000000e+03
3.775000000000000000e+03
3.386000000000000000e+03
5.050000000000000000e+02
3.817000000000000000e+03
3.912000000000000000e+03
2.172000000000000000e+03
3.790000000000000000e+03
1.014000000000000000e+03
7.380000000000000000e+02
2.446000000000000000e+03
3.158000000000000000e+03
6.360000000000000000e+02
2.761000000000000000e+03
1.878000000000000000e+03
1.194000000000000000e+03
4.156000000000000000e+03
9.750000000000000000e+02
8.640000000000000000e+02
2.870000000000000000e+03
3.786000000000000000e+03
3.521000000000000000e+03
1.500000000000000000e+02
9.840000000000000000e+02
9.680000000000000000e+02
1.950000000000000000e+03
3.307000000000000000e+03
3.759000000000000000e+03
1.075000000000000000e+03
2.847000000000000000e+03
1.145000000000000000e+03
2.801000000000000000e+03
3.729000000000000000e+03
1.077000000000000000e+03
2.403000000000000000e+03
8.460000000000000000e+02
2.664000000000000000e+03
2.329000000000000000e+03
5.310000000000000000e+02
1.604000000000000000e+03
1.813000000000000000e+03
4.234000000000000000e+03
4.308000000000000000e+03
4.129000000000000000e+03
3.488000000000000000e+03
2.292000000000000000e+03
3.884000000000000000e+03
2.394000000000000000e+03
2.908000000000000000e+03
1.868000000000000000e+03
