9.100000000000000000e+01
1.100000000000000000e+01
5.000000000000000000e+00
5.700000000000000000e+01
9.300000000000000000e+01
1.600000000000000000e+01
7.400000000000000000e+01
6.800000000000000000e+01
9.600000000000000000e+01
1.540000000000000000e+02
7.900000000000000000e+01
1.140000000000000000e+02
7.300000000000000000e+01
1.170000000000000000e+02
2.000000000000000000e+00
1.600000000000000000e+02
8.800000000000000000e+01
7.200000000000000000e+01
5.400000000000000000e+01
1.430000000000000000e+02
4.400000000000000000e+01
5.900000000000000000e+01
1.800000000000000000e+01
2.300000000000000000e+01
1.110000000000000000e+02
1.300000000000000000e+01
1.210000000000000000e+02
1.330000000000000000e+02
2.900000000000000000e+01
1.000000000000000000e+01
3.100000000000000000e+01
1.070000000000000000e+02
4.800000000000000000e+01
1.180000000000000000e+02
1.400000000000000000e+01
3.300000000000000000e+01
1.090000000000000000e+02
1.580000000000000000e+02
4.500000000000000000e+01
1.530000000000000000e+02
2.400000000000000000e+01
1.080000000000000000e+02
9.700000000000000000e+01
1.200000000000000000e+02
5.300000000000000000e+01
2.000000000000000000e+01
1.020000000000000000e+02
8.900000000000000000e+01
1.510000000000000000e+02
2.100000000000000000e+01
