6.966000000000000000e+03
5.450000000000000000e+02
6.501000000000000000e+03
8.950000000000000000e+02
9.281000000000000000e+03
7.189000000000000000e+03
7.729000000000000000e+03
3.135000000000000000e+03
9.277000000000000000e+03
6.710000000000000000e+02
7.190000000000000000e+03
3.150000000000000000e+02
9.198000000000000000e+03
1.152000000000000000e+03
8.234000000000000000e+03
9.395000000000000000e+03
8.532000000000000000e+03
6.670000000000000000e+02
6.740000000000000000e+03
9.167000000000000000e+03
1.788000000000000000e+03
2.297000000000000000e+03
8.940000000000000000e+02
9.282000000000000000e+03
7.077000000000000000e+03
1.044000000000000000e+03
8.233000000000000000e+03
7.281000000000000000e+03
9.506000000000000000e+03
6.853000000000000000e+03
9.600000000000000000e+01
1.119000000000000000e+03
1.151000000000000000e+03
1.960000000000000000e+03
7.612000000000000000e+03
7.415000000000000000e+03
7.640000000000000000e+02
8.169000000000000000e+03
9.169000000000000000e+03
1.157000000000000000e+03
4.529000000000000000e+03
1.009800000000000000e+04
2.485000000000000000e+03
9.353000000000000000e+03
2.455000000000000000e+03
9.510000000000000000e+03
8.531000000000000000e+03
7.673000000000000000e+03
6.210000000000000000e+02
9.507000000000000000e+03
