6.966000000000000000e+03
9.600000000000000000e+01
6.501000000000000000e+03
9.751000000000000000e+03
8.950000000000000000e+02
8.937000000000000000e+03
9.198000000000000000e+03
7.190000000000000000e+03
6.670000000000000000e+02
9.506000000000000000e+03
1.961000000000000000e+03
9.755000000000000000e+03
6.240000000000000000e+02
1.158000000000000000e+03
8.532000000000000000e+03
9.282000000000000000e+03
6.660000000000000000e+02
6.967000000000000000e+03
3.160000000000000000e+02
2.119000000000000000e+03
1.582000000000000000e+03
1.269000000000000000e+03
6.710000000000000000e+02
9.618000000000000000e+03
8.234000000000000000e+03
1.044000000000000000e+03
8.408000000000000000e+03
9.167000000000000000e+03
7.830000000000000000e+02
7.189000000000000000e+03
3.135000000000000000e+03
7.729000000000000000e+03
9.395000000000000000e+03
4.717000000000000000e+03
8.233000000000000000e+03
1.157000000000000000e+03
8.059000000000000000e+03
8.418000000000000000e+03
6.520000000000000000e+02
8.241000000000000000e+03
9.353000000000000000e+03
6.230000000000000000e+02
9.281000000000000000e+03
1.009800000000000000e+04
2.344000000000000000e+03
1.396000000000000000e+03
3.150000000000000000e+02
2.485000000000000000e+03
9.277000000000000000e+03
7.078000000000000000e+03
