7.076000000000000000e+03
9.281000000000000000e+03
6.670000000000000000e+02
9.751000000000000000e+03
6.500000000000000000e+03
3.135000000000000000e+03
7.189000000000000000e+03
8.950000000000000000e+02
9.506000000000000000e+03
8.758000000000000000e+03
4.370000000000000000e+02
6.966000000000000000e+03
1.152000000000000000e+03
1.006900000000000000e+04
9.755000000000000000e+03
8.393000000000000000e+03
7.190000000000000000e+03
3.150000000000000000e+02
9.198000000000000000e+03
9.169000000000000000e+03
8.458000000000000000e+03
1.151000000000000000e+03
7.077000000000000000e+03
6.660000000000000000e+02
2.790000000000000000e+03
7.505000000000000000e+03
8.936000000000000000e+03
1.736000000000000000e+03
6.710000000000000000e+02
6.967000000000000000e+03
9.282000000000000000e+03
3.160000000000000000e+02
8.759000000000000000e+03
2.296000000000000000e+03
1.158000000000000000e+03
9.387000000000000000e+03
8.940000000000000000e+02
2.485000000000000000e+03
9.510000000000000000e+03
1.044000000000000000e+03
8.234000000000000000e+03
8.532000000000000000e+03
7.613000000000000000e+03
9.395000000000000000e+03
6.240000000000000000e+02
7.673000000000000000e+03
8.380000000000000000e+03
9.085000000000000000e+03
7.078000000000000000e+03
9.727000000000000000e+03
