6.966000000000000000e+03
9.507000000000000000e+03
9.872000000000000000e+03
8.950000000000000000e+02
3.135000000000000000e+03
6.501000000000000000e+03
3.150000000000000000e+02
7.190000000000000000e+03
9.277000000000000000e+03
1.022100000000000000e+04
7.452000000000000000e+03
8.532000000000000000e+03
9.953000000000000000e+03
1.152000000000000000e+03
8.627000000000000000e+03
9.281000000000000000e+03
6.967000000000000000e+03
6.670000000000000000e+02
8.936000000000000000e+03
1.961000000000000000e+03
8.974000000000000000e+03
9.387000000000000000e+03
6.710000000000000000e+02
8.759000000000000000e+03
2.569000000000000000e+03
9.510000000000000000e+03
7.076000000000000000e+03
7.673000000000000000e+03
3.160000000000000000e+02
1.158000000000000000e+03
9.282000000000000000e+03
7.729000000000000000e+03
2.485000000000000000e+03
8.940000000000000000e+02
9.167000000000000000e+03
8.533000000000000000e+03
2.795000000000000000e+03
1.157000000000000000e+03
6.128000000000000000e+03
8.528000000000000000e+03
9.389000000000000000e+03
1.119000000000000000e+03
8.233000000000000000e+03
6.210000000000000000e+02
3.042000000000000000e+03
1.009800000000000000e+04
9.506000000000000000e+03
7.078000000000000000e+03
2.201000000000000000e+03
6.520000000000000000e+02
