1.520000000000000000e+02
5.600000000000000000e+01
2.140000000000000000e+02
9.500000000000000000e+01
1.220000000000000000e+02
4.700000000000000000e+01
1.680000000000000000e+02
5.700000000000000000e+01
1.420000000000000000e+02
2.300000000000000000e+02
1.370000000000000000e+02
6.700000000000000000e+01
1.270000000000000000e+02
7.100000000000000000e+01
1.980000000000000000e+02
1.560000000000000000e+02
8.200000000000000000e+01
1.130000000000000000e+02
3.000000000000000000e+00
9.200000000000000000e+01
9.600000000000000000e+01
1.670000000000000000e+02
1.550000000000000000e+02
2.130000000000000000e+02
7.200000000000000000e+01
6.800000000000000000e+01
1.100000000000000000e+02
1.120000000000000000e+02
1.020000000000000000e+02
1.070000000000000000e+02
2.370000000000000000e+02
6.900000000000000000e+01
2.290000000000000000e+02
1.700000000000000000e+02
9.700000000000000000e+01
1.410000000000000000e+02
1.380000000000000000e+02
1.110000000000000000e+02
5.300000000000000000e+01
1.280000000000000000e+02
8.700000000000000000e+01
1.690000000000000000e+02
1.710000000000000000e+02
8.300000000000000000e+01
2.310000000000000000e+02
1.260000000000000000e+02
8.100000000000000000e+01
7.600000000000000000e+01
2.000000000000000000e+00
1.740000000000000000e+02
