2.585000000000000000e+03
3.287000000000000000e+03
1.815000000000000000e+03
2.505000000000000000e+03
3.114000000000000000e+03
3.044000000000000000e+03
4.789000000000000000e+03
3.737000000000000000e+03
3.961000000000000000e+03
2.679000000000000000e+03
5.628000000000000000e+03
3.648000000000000000e+03
3.668000000000000000e+03
3.474000000000000000e+03
5.703000000000000000e+03
3.845000000000000000e+03
2.365000000000000000e+03
2.400000000000000000e+03
2.084000000000000000e+03
1.664000000000000000e+03
2.188000000000000000e+03
3.215000000000000000e+03
1.405000000000000000e+03
2.407000000000000000e+03
4.203000000000000000e+03
5.069000000000000000e+03
4.842000000000000000e+03
1.311000000000000000e+03
3.660000000000000000e+03
4.155000000000000000e+03
3.903000000000000000e+03
1.493000000000000000e+03
5.840000000000000000e+02
3.083000000000000000e+03
5.679000000000000000e+03
2.690000000000000000e+03
2.710000000000000000e+03
3.993000000000000000e+03
3.199000000000000000e+03
4.522000000000000000e+03
3.397000000000000000e+03
4.107000000000000000e+03
5.600000000000000000e+01
3.947000000000000000e+03
3.358000000000000000e+03
5.040000000000000000e+02
2.766000000000000000e+03
3.070000000000000000e+02
1.948000000000000000e+03
1.921000000000000000e+03
