4.162000000000000000e+03
2.710000000000000000e+03
5.703000000000000000e+03
3.762000000000000000e+03
1.921000000000000000e+03
5.596000000000000000e+03
2.188000000000000000e+03
5.840000000000000000e+02
4.842000000000000000e+03
4.203000000000000000e+03
5.390000000000000000e+03
2.084000000000000000e+03
1.127000000000000000e+03
3.474000000000000000e+03
4.959000000000000000e+03
3.724000000000000000e+03
4.087000000000000000e+03
4.237000000000000000e+03
2.690000000000000000e+03
3.648000000000000000e+03
4.520000000000000000e+02
4.685000000000000000e+03
9.100000000000000000e+02
1.774000000000000000e+03
4.107000000000000000e+03
4.024000000000000000e+03
2.766000000000000000e+03
2.365000000000000000e+03
2.400000000000000000e+03
3.886000000000000000e+03
2.443000000000000000e+03
5.679000000000000000e+03
3.397000000000000000e+03
1.948000000000000000e+03
4.155000000000000000e+03
3.070000000000000000e+02
3.514000000000000000e+03
3.358000000000000000e+03
3.400000000000000000e+01
5.128000000000000000e+03
3.853000000000000000e+03
3.909000000000000000e+03
2.906000000000000000e+03
3.845000000000000000e+03
2.337000000000000000e+03
2.780000000000000000e+03
3.614000000000000000e+03
3.114000000000000000e+03
2.372000000000000000e+03
1.815000000000000000e+03
