2.585000000000000000e+03
4.532000000000000000e+03
5.161000000000000000e+03
4.842000000000000000e+03
2.133000000000000000e+03
2.710000000000000000e+03
5.596000000000000000e+03
1.127000000000000000e+03
2.188000000000000000e+03
4.168000000000000000e+03
3.114000000000000000e+03
3.961000000000000000e+03
5.840000000000000000e+02
3.762000000000000000e+03
2.084000000000000000e+03
4.087000000000000000e+03
4.203000000000000000e+03
1.815000000000000000e+03
1.921000000000000000e+03
6.880000000000000000e+02
3.358000000000000000e+03
2.690000000000000000e+03
3.648000000000000000e+03
5.703000000000000000e+03
3.474000000000000000e+03
3.919000000000000000e+03
4.685000000000000000e+03
9.100000000000000000e+02
4.155000000000000000e+03
1.620000000000000000e+03
2.365000000000000000e+03
3.514000000000000000e+03
1.870000000000000000e+03
5.385000000000000000e+03
4.522000000000000000e+03
2.447000000000000000e+03
2.575000000000000000e+03
2.372000000000000000e+03
1.879000000000000000e+03
1.774000000000000000e+03
3.668000000000000000e+03
2.400000000000000000e+03
5.679000000000000000e+03
6.270000000000000000e+02
3.845000000000000000e+03
5.584000000000000000e+03
2.762000000000000000e+03
9.700000000000000000e+02
2.816000000000000000e+03
3.903000000000000000e+03
