4.652000000000000000e+03
1.470000000000000000e+03
2.717000000000000000e+03
4.306000000000000000e+03
4.702000000000000000e+03
3.191000000000000000e+03
4.517000000000000000e+03
1.910000000000000000e+03
3.803000000000000000e+03
3.745000000000000000e+03
4.425000000000000000e+03
4.290000000000000000e+03
1.490000000000000000e+02
2.696000000000000000e+03
2.653000000000000000e+03
5.234000000000000000e+03
4.363000000000000000e+03
1.771000000000000000e+03
7.900000000000000000e+01
1.478000000000000000e+03
4.705000000000000000e+03
1.202000000000000000e+03
4.631000000000000000e+03
2.384000000000000000e+03
2.851000000000000000e+03
4.627000000000000000e+03
2.967000000000000000e+03
4.469000000000000000e+03
2.933000000000000000e+03
2.674000000000000000e+03
1.303000000000000000e+03
1.304000000000000000e+03
2.248000000000000000e+03
8.010000000000000000e+02
8.800000000000000000e+01
4.945000000000000000e+03
3.606000000000000000e+03
3.749000000000000000e+03
4.290000000000000000e+02
8.510000000000000000e+02
5.271000000000000000e+03
2.348000000000000000e+03
1.625000000000000000e+03
9.750000000000000000e+02
2.370000000000000000e+02
3.674000000000000000e+03
5.249000000000000000e+03
5.055000000000000000e+03
2.349000000000000000e+03
3.520000000000000000e+03
