5.234000000000000000e+03
2.717000000000000000e+03
3.803000000000000000e+03
4.517000000000000000e+03
7.900000000000000000e+01
1.910000000000000000e+03
2.691000000000000000e+03
4.652000000000000000e+03
1.478000000000000000e+03
4.306000000000000000e+03
2.653000000000000000e+03
4.348000000000000000e+03
3.745000000000000000e+03
2.342000000000000000e+03
4.631000000000000000e+03
4.768000000000000000e+03
4.243000000000000000e+03
2.138000000000000000e+03
8.020000000000000000e+02
5.503000000000000000e+03
2.075000000000000000e+03
1.789000000000000000e+03
8.490000000000000000e+02
1.898000000000000000e+03
3.830000000000000000e+02
1.573000000000000000e+03
1.500000000000000000e+02
3.020000000000000000e+03
4.761000000000000000e+03
4.890000000000000000e+02
3.471000000000000000e+03
3.018000000000000000e+03
7.710000000000000000e+02
4.738000000000000000e+03
1.565000000000000000e+03
1.819000000000000000e+03
2.248000000000000000e+03
2.108000000000000000e+03
2.570000000000000000e+03
2.444000000000000000e+03
1.865000000000000000e+03
3.674000000000000000e+03
2.370000000000000000e+02
2.354000000000000000e+03
5.324000000000000000e+03
1.625000000000000000e+03
4.469000000000000000e+03
4.943000000000000000e+03
1.599000000000000000e+03
1.202000000000000000e+03
