4.652000000000000000e+03
1.470000000000000000e+03
2.717000000000000000e+03
4.306000000000000000e+03
3.191000000000000000e+03
2.653000000000000000e+03
1.910000000000000000e+03
3.803000000000000000e+03
5.234000000000000000e+03
4.517000000000000000e+03
7.900000000000000000e+01
2.911000000000000000e+03
4.363000000000000000e+03
1.771000000000000000e+03
2.138000000000000000e+03
4.293000000000000000e+03
1.789000000000000000e+03
8.510000000000000000e+02
4.404000000000000000e+03
1.478000000000000000e+03
2.674000000000000000e+03
4.469000000000000000e+03
2.696000000000000000e+03
3.745000000000000000e+03
1.898000000000000000e+03
1.573000000000000000e+03
2.543000000000000000e+03
8.800000000000000000e+01
4.290000000000000000e+03
2.152000000000000000e+03
2.360000000000000000e+03
4.290000000000000000e+02
4.858000000000000000e+03
4.705000000000000000e+03
2.248000000000000000e+03
2.933000000000000000e+03
2.108000000000000000e+03
1.520000000000000000e+03
4.631000000000000000e+03
1.202000000000000000e+03
2.384000000000000000e+03
4.821000000000000000e+03
5.503000000000000000e+03
1.565000000000000000e+03
1.304000000000000000e+03
5.476000000000000000e+03
2.967000000000000000e+03
8.030000000000000000e+02
7.730000000000000000e+02
1.499000000000000000e+03
