4.652000000000000000e+03
1.470000000000000000e+03
2.378000000000000000e+03
2.717000000000000000e+03
3.803000000000000000e+03
1.910000000000000000e+03
4.306000000000000000e+03
4.517000000000000000e+03
3.191000000000000000e+03
4.348000000000000000e+03
4.290000000000000000e+03
2.653000000000000000e+03
5.234000000000000000e+03
7.900000000000000000e+01
4.290000000000000000e+02
5.256000000000000000e+03
2.696000000000000000e+03
4.286000000000000000e+03
8.800000000000000000e+01
2.543000000000000000e+03
1.478000000000000000e+03
4.404000000000000000e+03
4.293000000000000000e+03
1.573000000000000000e+03
2.674000000000000000e+03
1.898000000000000000e+03
1.789000000000000000e+03
4.363000000000000000e+03
2.967000000000000000e+03
2.342000000000000000e+03
3.768000000000000000e+03
8.510000000000000000e+02
4.631000000000000000e+03
1.202000000000000000e+03
2.710000000000000000e+03
6.720000000000000000e+02
1.304000000000000000e+03
2.348000000000000000e+03
4.580000000000000000e+03
2.370000000000000000e+02
3.763000000000000000e+03
7.710000000000000000e+02
2.127000000000000000e+03
8.020000000000000000e+02
2.530000000000000000e+02
3.932000000000000000e+03
3.547000000000000000e+03
1.520000000000000000e+03
2.075000000000000000e+03
4.043000000000000000e+03
