3.527000000000000000e+03
2.865000000000000000e+03
2.095000000000000000e+03
1.612000000000000000e+03
6.810000000000000000e+02
1.586000000000000000e+03
3.283000000000000000e+03
1.947000000000000000e+03
1.570000000000000000e+02
2.861000000000000000e+03
2.075000000000000000e+03
4.100000000000000000e+03
3.916000000000000000e+03
2.985000000000000000e+03
4.048000000000000000e+03
1.508000000000000000e+03
4.816000000000000000e+03
1.344000000000000000e+03
5.542000000000000000e+03
3.415000000000000000e+03
9.500000000000000000e+02
3.160000000000000000e+03
2.773000000000000000e+03
3.119000000000000000e+03
1.663000000000000000e+03
9.990000000000000000e+02
2.501000000000000000e+03
2.914000000000000000e+03
3.321000000000000000e+03
4.348000000000000000e+03
2.880000000000000000e+03
5.710000000000000000e+03
5.704000000000000000e+03
5.568000000000000000e+03
2.982000000000000000e+03
2.772000000000000000e+03
1.355000000000000000e+03
5.574000000000000000e+03
3.196000000000000000e+03
2.720000000000000000e+02
3.408000000000000000e+03
3.750000000000000000e+02
5.036000000000000000e+03
5.691000000000000000e+03
1.767000000000000000e+03
2.713000000000000000e+03
4.030000000000000000e+03
1.353000000000000000e+03
5.656000000000000000e+03
7.250000000000000000e+02
