3.527000000000000000e+03
2.865000000000000000e+03
2.095000000000000000e+03
2.861000000000000000e+03
1.983000000000000000e+03
3.283000000000000000e+03
1.276000000000000000e+03
2.075000000000000000e+03
1.612000000000000000e+03
3.119000000000000000e+03
2.985000000000000000e+03
3.916000000000000000e+03
1.947000000000000000e+03
1.663000000000000000e+03
5.371000000000000000e+03
1.508000000000000000e+03
3.415000000000000000e+03
3.459000000000000000e+03
4.819000000000000000e+03
9.500000000000000000e+02
5.574000000000000000e+03
2.896000000000000000e+03
5.542000000000000000e+03
5.586000000000000000e+03
1.695000000000000000e+03
5.618000000000000000e+03
5.545000000000000000e+03
5.589000000000000000e+03
5.656000000000000000e+03
5.704000000000000000e+03
2.773000000000000000e+03
1.428000000000000000e+03
1.934000000000000000e+03
4.816000000000000000e+03
2.982000000000000000e+03
3.952000000000000000e+03
2.501000000000000000e+03
4.786000000000000000e+03
4.845000000000000000e+03
1.260000000000000000e+02
2.898000000000000000e+03
1.767000000000000000e+03
5.272000000000000000e+03
4.057000000000000000e+03
3.926000000000000000e+03
3.980000000000000000e+02
3.537000000000000000e+03
4.815000000000000000e+03
4.840000000000000000e+03
1.586000000000000000e+03
