3.527000000000000000e+03
4.073000000000000000e+03
4.569000000000000000e+03
5.381000000000000000e+03
1.947000000000000000e+03
4.429000000000000000e+03
8.800000000000000000e+02
2.075000000000000000e+03
1.987000000000000000e+03
5.527000000000000000e+03
3.916000000000000000e+03
9.540000000000000000e+02
9.500000000000000000e+02
3.283000000000000000e+03
4.815000000000000000e+03
3.119000000000000000e+03
5.475000000000000000e+03
3.321000000000000000e+03
4.048000000000000000e+03
4.819000000000000000e+03
5.542000000000000000e+03
3.415000000000000000e+03
2.861000000000000000e+03
1.612000000000000000e+03
2.982000000000000000e+03
1.663000000000000000e+03
1.508000000000000000e+03
2.772000000000000000e+03
1.934000000000000000e+03
2.501000000000000000e+03
4.057000000000000000e+03
5.272000000000000000e+03
4.816000000000000000e+03
1.767000000000000000e+03
2.858000000000000000e+03
5.656000000000000000e+03
1.695000000000000000e+03
3.790000000000000000e+03
3.196000000000000000e+03
5.710000000000000000e+03
5.569000000000000000e+03
4.780000000000000000e+02
2.898000000000000000e+03
2.985000000000000000e+03
5.371000000000000000e+03
1.344000000000000000e+03
3.160000000000000000e+03
3.399000000000000000e+03
2.773000000000000000e+03
2.028000000000000000e+03
