3.527000000000000000e+03
2.865000000000000000e+03
2.095000000000000000e+03
6.450000000000000000e+02
1.612000000000000000e+03
1.276000000000000000e+03
4.858000000000000000e+03
3.283000000000000000e+03
1.947000000000000000e+03
5.371000000000000000e+03
2.075000000000000000e+03
3.916000000000000000e+03
1.663000000000000000e+03
4.348000000000000000e+03
8.800000000000000000e+02
1.353000000000000000e+03
4.048000000000000000e+03
5.127000000000000000e+03
5.542000000000000000e+03
2.772000000000000000e+03
4.819000000000000000e+03
1.508000000000000000e+03
2.861000000000000000e+03
2.985000000000000000e+03
3.321000000000000000e+03
1.695000000000000000e+03
2.372000000000000000e+03
9.500000000000000000e+02
4.875000000000000000e+03
2.208000000000000000e+03
1.344000000000000000e+03
2.773000000000000000e+03
2.914000000000000000e+03
4.816000000000000000e+03
4.786000000000000000e+03
5.704000000000000000e+03
2.501000000000000000e+03
3.119000000000000000e+03
1.767000000000000000e+03
5.272000000000000000e+03
5.589000000000000000e+03
4.057000000000000000e+03
3.160000000000000000e+03
4.707000000000000000e+03
3.926000000000000000e+03
3.196000000000000000e+03
1.766000000000000000e+03
3.415000000000000000e+03
2.982000000000000000e+03
1.390000000000000000e+03
