1.082000000000000000e+03
1.927000000000000000e+03
2.337000000000000000e+03
3.670000000000000000e+02
5.980000000000000000e+02
1.383000000000000000e+03
1.701000000000000000e+03
9.620000000000000000e+02
1.996000000000000000e+03
2.171000000000000000e+03
8.020000000000000000e+02
1.016000000000000000e+03
1.517000000000000000e+03
1.915000000000000000e+03
1.878000000000000000e+03
1.263000000000000000e+03
4.860000000000000000e+02
4.190000000000000000e+02
4.960000000000000000e+02
1.194000000000000000e+03
1.758000000000000000e+03
7.230000000000000000e+02
1.127000000000000000e+03
8.620000000000000000e+02
1.643000000000000000e+03
1.791000000000000000e+03
7.360000000000000000e+02
5.360000000000000000e+02
2.056000000000000000e+03
1.760000000000000000e+03
7.440000000000000000e+02
1.522000000000000000e+03
7.970000000000000000e+02
1.422000000000000000e+03
1.189000000000000000e+03
8.000000000000000000e+02
5.450000000000000000e+02
7.430000000000000000e+02
1.458000000000000000e+03
7.110000000000000000e+02
2.217000000000000000e+03
1.245000000000000000e+03
2.366000000000000000e+03
8.630000000000000000e+02
2.377000000000000000e+03
6.640000000000000000e+02
6.400000000000000000e+02
1.938000000000000000e+03
1.859000000000000000e+03
1.876000000000000000e+03
