1.022000000000000000e+03
1.927000000000000000e+03
2.337000000000000000e+03
4.260000000000000000e+02
5.980000000000000000e+02
1.383000000000000000e+03
1.819000000000000000e+03
2.038000000000000000e+03
7.970000000000000000e+02
4.860000000000000000e+02
1.082000000000000000e+03
1.078000000000000000e+03
1.996000000000000000e+03
1.928000000000000000e+03
8.020000000000000000e+02
1.915000000000000000e+03
1.517000000000000000e+03
6.640000000000000000e+02
9.530000000000000000e+02
1.938000000000000000e+03
4.190000000000000000e+02
1.760000000000000000e+03
2.056000000000000000e+03
1.263000000000000000e+03
8.630000000000000000e+02
2.319000000000000000e+03
1.644000000000000000e+03
1.245000000000000000e+03
6.160000000000000000e+02
5.360000000000000000e+02
5.450000000000000000e+02
1.013000000000000000e+03
1.458000000000000000e+03
1.522000000000000000e+03
2.366000000000000000e+03
2.096000000000000000e+03
1.643000000000000000e+03
1.878000000000000000e+03
1.613000000000000000e+03
1.125000000000000000e+03
8.030000000000000000e+02
8.780000000000000000e+02
5.460000000000000000e+02
1.368000000000000000e+03
4.960000000000000000e+02
7.440000000000000000e+02
1.319000000000000000e+03
7.250000000000000000e+02
2.369000000000000000e+03
1.194000000000000000e+03
