1.082000000000000000e+03
1.927000000000000000e+03
2.337000000000000000e+03
1.016000000000000000e+03
3.080000000000000000e+02
2.171000000000000000e+03
1.263000000000000000e+03
2.038000000000000000e+03
1.517000000000000000e+03
8.020000000000000000e+02
1.996000000000000000e+03
8.420000000000000000e+02
1.865000000000000000e+03
1.359000000000000000e+03
1.878000000000000000e+03
1.612000000000000000e+03
1.641000000000000000e+03
1.383000000000000000e+03
1.189000000000000000e+03
1.582000000000000000e+03
4.190000000000000000e+02
1.614000000000000000e+03
1.579000000000000000e+03
2.056000000000000000e+03
1.926000000000000000e+03
1.973000000000000000e+03
1.643000000000000000e+03
2.366000000000000000e+03
1.521000000000000000e+03
1.876000000000000000e+03
1.422000000000000000e+03
1.867000000000000000e+03
1.143000000000000000e+03
1.798000000000000000e+03
1.938000000000000000e+03
1.672000000000000000e+03
1.760000000000000000e+03
1.937000000000000000e+03
1.522000000000000000e+03
2.154000000000000000e+03
2.057000000000000000e+03
1.990000000000000000e+03
1.374000000000000000e+03
1.644000000000000000e+03
2.321000000000000000e+03
1.503000000000000000e+03
1.482000000000000000e+03
2.365000000000000000e+03
2.096000000000000000e+03
1.824000000000000000e+03
