4.800000000000000000e+02
4.360000000000000000e+02
7.940000000000000000e+02
1.580000000000000000e+02
2.240000000000000000e+02
1.012000000000000000e+03
3.080000000000000000e+02
8.000000000000000000e+02
6.270000000000000000e+02
5.220000000000000000e+02
1.300000000000000000e+01
3.200000000000000000e+02
3.800000000000000000e+02
7.650000000000000000e+02
1.570000000000000000e+02
1.010000000000000000e+03
6.740000000000000000e+02
1.530000000000000000e+02
2.250000000000000000e+02
5.270000000000000000e+02
4.670000000000000000e+02
3.860000000000000000e+02
6.230000000000000000e+02
3.760000000000000000e+02
5.200000000000000000e+02
8.010000000000000000e+02
4.640000000000000000e+02
1.880000000000000000e+02
4.540000000000000000e+02
1.011000000000000000e+03
1.400000000000000000e+01
3.520000000000000000e+02
4.970000000000000000e+02
3.540000000000000000e+02
5.250000000000000000e+02
1.520000000000000000e+02
5.590000000000000000e+02
9.590000000000000000e+02
4.870000000000000000e+02
2.880000000000000000e+02
9.520000000000000000e+02
4.310000000000000000e+02
3.750000000000000000e+02
7.100000000000000000e+01
5.840000000000000000e+02
3.650000000000000000e+02
1.860000000000000000e+02
4.950000000000000000e+02
9.580000000000000000e+02
1.590000000000000000e+02
