1.120100000000000000e+04
6.030000000000000000e+03
5.610000000000000000e+02
9.078000000000000000e+03
9.052000000000000000e+03
9.477000000000000000e+03
9.970000000000000000e+03
6.701000000000000000e+03
9.406000000000000000e+03
1.083000000000000000e+04
7.100000000000000000e+01
7.003000000000000000e+03
1.231800000000000000e+04
7.549000000000000000e+03
9.919000000000000000e+03
1.270000000000000000e+03
3.674000000000000000e+03
1.311000000000000000e+03
1.214100000000000000e+04
1.223800000000000000e+04
8.658000000000000000e+03
9.491000000000000000e+03
3.856000000000000000e+03
6.298000000000000000e+03
7.395000000000000000e+03
1.177000000000000000e+03
1.124400000000000000e+04
2.192000000000000000e+03
9.848000000000000000e+03
2.601000000000000000e+03
4.824000000000000000e+03
7.650000000000000000e+03
1.878000000000000000e+03
9.250000000000000000e+02
1.235500000000000000e+04
7.413000000000000000e+03
7.540000000000000000e+03
5.871000000000000000e+03
9.129000000000000000e+03
7.827000000000000000e+03
1.061900000000000000e+04
4.625000000000000000e+03
3.334000000000000000e+03
1.193800000000000000e+04
1.250400000000000000e+04
7.749000000000000000e+03
1.131900000000000000e+04
6.580000000000000000e+02
9.847000000000000000e+03
3.478000000000000000e+03
