4.191000000000000000e+03
8.652000000000000000e+03
7.650000000000000000e+02
9.995000000000000000e+03
2.567000000000000000e+03
2.643000000000000000e+03
7.887000000000000000e+03
9.278000000000000000e+03
9.981000000000000000e+03
7.733000000000000000e+03
9.923000000000000000e+03
4.839000000000000000e+03
6.501000000000000000e+03
4.030000000000000000e+02
1.060000000000000000e+02
6.600000000000000000e+02
2.603000000000000000e+03
5.183000000000000000e+03
6.658000000000000000e+03
6.000000000000000000e+00
4.322000000000000000e+03
7.800000000000000000e+03
5.192000000000000000e+03
7.561000000000000000e+03
2.955000000000000000e+03
9.487000000000000000e+03
9.388000000000000000e+03
5.630000000000000000e+03
4.967000000000000000e+03
1.521000000000000000e+03
5.795000000000000000e+03
5.991000000000000000e+03
3.577000000000000000e+03
4.668000000000000000e+03
3.242000000000000000e+03
4.440000000000000000e+03
7.524000000000000000e+03
6.145000000000000000e+03
1.512000000000000000e+03
2.189000000000000000e+03
7.520000000000000000e+03
2.904000000000000000e+03
8.390000000000000000e+02
1.511000000000000000e+03
4.279000000000000000e+03
6.630000000000000000e+03
3.381000000000000000e+03
6.510000000000000000e+03
2.529000000000000000e+03
2.203000000000000000e+03
