2.430000000000000000e+02
9.275000000000000000e+03
5.121000000000000000e+03
8.652000000000000000e+03
7.650000000000000000e+02
9.995000000000000000e+03
9.120000000000000000e+02
9.719000000000000000e+03
6.125000000000000000e+03
2.529000000000000000e+03
7.733000000000000000e+03
9.981000000000000000e+03
8.000000000000000000e+02
6.294000000000000000e+03
9.278000000000000000e+03
9.923000000000000000e+03
2.643000000000000000e+03
7.887000000000000000e+03
1.605000000000000000e+03
6.139000000000000000e+03
1.461000000000000000e+03
8.518000000000000000e+03
2.372000000000000000e+03
7.800000000000000000e+02
3.780000000000000000e+03
3.469000000000000000e+03
2.137000000000000000e+03
6.600000000000000000e+02
1.060000000000000000e+02
4.668000000000000000e+03
2.603000000000000000e+03
6.932000000000000000e+03
5.004000000000000000e+03
9.886000000000000000e+03
9.548000000000000000e+03
2.203000000000000000e+03
2.189000000000000000e+03
2.468000000000000000e+03
7.173000000000000000e+03
9.316000000000000000e+03
7.244000000000000000e+03
3.577000000000000000e+03
5.674000000000000000e+03
8.550000000000000000e+03
1.453000000000000000e+03
4.967000000000000000e+03
7.561000000000000000e+03
5.192000000000000000e+03
4.030000000000000000e+02
4.395000000000000000e+03
