7.768000000000000000e+03
3.113000000000000000e+03
7.382000000000000000e+03
7.144000000000000000e+03
1.096700000000000000e+04
7.335000000000000000e+03
8.031000000000000000e+03
1.842000000000000000e+03
1.945000000000000000e+03
9.138000000000000000e+03
9.187000000000000000e+03
3.610000000000000000e+02
9.250000000000000000e+03
4.920000000000000000e+02
9.613000000000000000e+03
6.911000000000000000e+03
5.379000000000000000e+03
7.836000000000000000e+03
1.054500000000000000e+04
6.535000000000000000e+03
1.026400000000000000e+04
2.925000000000000000e+03
9.518000000000000000e+03
9.153000000000000000e+03
1.679000000000000000e+03
8.199000000000000000e+03
3.834000000000000000e+03
1.009100000000000000e+04
6.495000000000000000e+03
3.801000000000000000e+03
5.104000000000000000e+03
4.594000000000000000e+03
6.733000000000000000e+03
9.076000000000000000e+03
1.013000000000000000e+04
3.836000000000000000e+03
6.285000000000000000e+03
9.454000000000000000e+03
7.437000000000000000e+03
5.762000000000000000e+03
1.091100000000000000e+04
6.238000000000000000e+03
6.800000000000000000e+02
7.519000000000000000e+03
4.441000000000000000e+03
1.062900000000000000e+04
1.009200000000000000e+04
6.649000000000000000e+03
1.056800000000000000e+04
1.263000000000000000e+03
