2.046000000000000000e+03
1.009100000000000000e+04
1.945000000000000000e+03
9.138000000000000000e+03
5.104000000000000000e+03
7.335000000000000000e+03
3.610000000000000000e+02
9.250000000000000000e+03
6.566000000000000000e+03
1.009200000000000000e+04
1.114300000000000000e+04
5.255000000000000000e+03
7.350000000000000000e+02
8.046000000000000000e+03
9.153000000000000000e+03
1.679000000000000000e+03
2.280000000000000000e+03
5.740000000000000000e+02
4.329000000000000000e+03
8.437000000000000000e+03
9.613000000000000000e+03
6.911000000000000000e+03
5.379000000000000000e+03
4.920000000000000000e+02
6.762000000000000000e+03
1.017800000000000000e+04
7.880000000000000000e+03
1.042000000000000000e+04
7.768000000000000000e+03
8.239000000000000000e+03
9.586000000000000000e+03
1.263000000000000000e+03
1.056800000000000000e+04
6.500000000000000000e+01
8.880000000000000000e+02
7.165000000000000000e+03
1.032600000000000000e+04
1.112500000000000000e+04
9.673000000000000000e+03
1.107000000000000000e+04
3.373000000000000000e+03
7.751000000000000000e+03
7.518000000000000000e+03
4.051000000000000000e+03
6.708000000000000000e+03
3.113000000000000000e+03
5.747000000000000000e+03
5.939000000000000000e+03
2.631000000000000000e+03
3.462000000000000000e+03
