1.870000000000000000e+03
3.884000000000000000e+03
2.123000000000000000e+03
1.131000000000000000e+03
1.290000000000000000e+03
3.817000000000000000e+03
4.204000000000000000e+03
4.114000000000000000e+03
2.292000000000000000e+03
1.544000000000000000e+03
4.419000000000000000e+03
1.744000000000000000e+03
4.424000000000000000e+03
1.360000000000000000e+03
4.425000000000000000e+03
1.276000000000000000e+03
4.156000000000000000e+03
1.194000000000000000e+03
1.210000000000000000e+02
2.979000000000000000e+03
4.900000000000000000e+02
2.949000000000000000e+03
8.460000000000000000e+02
7.550000000000000000e+02
2.471000000000000000e+03
5.910000000000000000e+02
4.610000000000000000e+02
6.310000000000000000e+02
8.810000000000000000e+02
1.631000000000000000e+03
1.950000000000000000e+03
2.050000000000000000e+02
1.709000000000000000e+03
3.908000000000000000e+03
2.296000000000000000e+03
2.494000000000000000e+03
3.614000000000000000e+03
4.020000000000000000e+03
1.296000000000000000e+03
5.000000000000000000e+00
2.975000000000000000e+03
2.870000000000000000e+03
3.786000000000000000e+03
2.650000000000000000e+03
2.842000000000000000e+03
3.632000000000000000e+03
1.626000000000000000e+03
3.775000000000000000e+03
2.655000000000000000e+03
2.618000000000000000e+03
