1.815000000000000000e+03
4.842000000000000000e+03
4.212000000000000000e+03
2.585000000000000000e+03
4.532000000000000000e+03
2.710000000000000000e+03
3.642000000000000000e+03
4.646000000000000000e+03
1.664000000000000000e+03
4.959000000000000000e+03
4.275000000000000000e+03
4.107000000000000000e+03
2.188000000000000000e+03
4.162000000000000000e+03
1.348000000000000000e+03
2.400000000000000000e+03
2.461000000000000000e+03
3.076000000000000000e+03
4.237000000000000000e+03
4.793000000000000000e+03
3.170000000000000000e+03
3.799000000000000000e+03
4.283000000000000000e+03
2.430000000000000000e+03
5.634000000000000000e+03
3.077000000000000000e+03
2.496000000000000000e+03
3.085000000000000000e+03
1.176000000000000000e+03
3.380000000000000000e+03
3.349000000000000000e+03
6.420000000000000000e+02
5.004000000000000000e+03
2.965000000000000000e+03
3.845000000000000000e+03
3.538000000000000000e+03
3.648000000000000000e+03
2.780000000000000000e+03
2.679000000000000000e+03
3.257000000000000000e+03
3.762000000000000000e+03
2.087000000000000000e+03
1.493000000000000000e+03
4.658000000000000000e+03
4.685000000000000000e+03
2.882000000000000000e+03
3.455000000000000000e+03
2.656000000000000000e+03
2.816000000000000000e+03
2.798000000000000000e+03
