3.280000000000000000e+02
8.900000000000000000e+01
3.270000000000000000e+02
2.050000000000000000e+02
3.250000000000000000e+02
5.900000000000000000e+01
2.940000000000000000e+02
6.200000000000000000e+01
3.820000000000000000e+02
3.040000000000000000e+02
1.640000000000000000e+02
1.360000000000000000e+02
2.040000000000000000e+02
4.500000000000000000e+01
3.260000000000000000e+02
4.390000000000000000e+02
3.290000000000000000e+02
3.070000000000000000e+02
3.360000000000000000e+02
1.690000000000000000e+02
4.440000000000000000e+02
6.000000000000000000e+01
1.650000000000000000e+02
4.700000000000000000e+01
3.860000000000000000e+02
3.100000000000000000e+02
3.220000000000000000e+02
9.500000000000000000e+01
4.350000000000000000e+02
7.300000000000000000e+01
1.040000000000000000e+02
2.290000000000000000e+02
1.620000000000000000e+02
9.200000000000000000e+01
2.760000000000000000e+02
1.630000000000000000e+02
2.750000000000000000e+02
3.300000000000000000e+02
1.970000000000000000e+02
2.670000000000000000e+02
3.380000000000000000e+02
2.100000000000000000e+02
1.550000000000000000e+02
3.400000000000000000e+02
2.080000000000000000e+02
3.970000000000000000e+02
3.650000000000000000e+02
2.140000000000000000e+02
3.440000000000000000e+02
4.900000000000000000e+01
