4.652000000000000000e+03
5.113000000000000000e+03
2.717000000000000000e+03
5.234000000000000000e+03
2.653000000000000000e+03
4.306000000000000000e+03
4.517000000000000000e+03
4.348000000000000000e+03
3.745000000000000000e+03
1.470000000000000000e+03
5.380000000000000000e+03
3.471000000000000000e+03
3.672000000000000000e+03
2.138000000000000000e+03
2.947000000000000000e+03
3.500000000000000000e+01
2.232000000000000000e+03
2.075000000000000000e+03
2.643000000000000000e+03
3.689000000000000000e+03
4.736000000000000000e+03
2.013000000000000000e+03
1.000000000000000000e+03
4.702000000000000000e+03
2.696000000000000000e+03
5.256000000000000000e+03
4.455000000000000000e+03
3.803000000000000000e+03
1.910000000000000000e+03
1.573000000000000000e+03
1.758000000000000000e+03
1.771000000000000000e+03
7.900000000000000000e+01
3.935000000000000000e+03
2.911000000000000000e+03
1.560000000000000000e+03
2.967000000000000000e+03
3.335000000000000000e+03
1.478000000000000000e+03
2.543000000000000000e+03
3.760000000000000000e+02
1.789000000000000000e+03
8.480000000000000000e+02
9.000000000000000000e+01
1.599000000000000000e+03
8.120000000000000000e+02
2.756000000000000000e+03
3.570000000000000000e+03
3.937000000000000000e+03
2.665000000000000000e+03
