9.020000000000000000e+02
8.860000000000000000e+02
7.440000000000000000e+02
1.578000000000000000e+03
1.499000000000000000e+03
1.522000000000000000e+03
1.760000000000000000e+03
1.364000000000000000e+03
7.430000000000000000e+02
1.458000000000000000e+03
5.650000000000000000e+02
1.184000000000000000e+03
8.030000000000000000e+02
7.650000000000000000e+02
8.630000000000000000e+02
8.160000000000000000e+02
2.125000000000000000e+03
1.422000000000000000e+03
1.704000000000000000e+03
1.071000000000000000e+03
3.840000000000000000e+02
1.244000000000000000e+03
8.230000000000000000e+02
8.000000000000000000e+02
6.840000000000000000e+02
2.366000000000000000e+03
3.870000000000000000e+02
1.644000000000000000e+03
9.780000000000000000e+02
9.420000000000000000e+02
3.760000000000000000e+02
5.880000000000000000e+02
1.245000000000000000e+03
6.250000000000000000e+02
1.792000000000000000e+03
2.369000000000000000e+03
9.950000000000000000e+02
1.559000000000000000e+03
2.245000000000000000e+03
1.519000000000000000e+03
1.362000000000000000e+03
2.850000000000000000e+02
1.185000000000000000e+03
2.003000000000000000e+03
1.482000000000000000e+03
1.937000000000000000e+03
8.040000000000000000e+02
4.420000000000000000e+02
1.523000000000000000e+03
2.123000000000000000e+03
