1.022000000000000000e+03
3.870000000000000000e+02
1.184000000000000000e+03
7.440000000000000000e+02
2.245000000000000000e+03
1.362000000000000000e+03
8.160000000000000000e+02
1.368000000000000000e+03
1.760000000000000000e+03
1.522000000000000000e+03
2.057000000000000000e+03
5.650000000000000000e+02
7.430000000000000000e+02
1.364000000000000000e+03
2.366000000000000000e+03
1.007000000000000000e+03
2.125000000000000000e+03
8.230000000000000000e+02
1.125000000000000000e+03
8.030000000000000000e+02
2.369000000000000000e+03
1.422000000000000000e+03
1.458000000000000000e+03
1.583000000000000000e+03
2.123000000000000000e+03
1.373000000000000000e+03
1.644000000000000000e+03
1.543000000000000000e+03
8.860000000000000000e+02
3.840000000000000000e+02
1.499000000000000000e+03
1.643000000000000000e+03
4.420000000000000000e+02
8.630000000000000000e+02
1.124000000000000000e+03
8.770000000000000000e+02
6.840000000000000000e+02
1.483000000000000000e+03
9.420000000000000000e+02
8.570000000000000000e+02
1.069000000000000000e+03
1.999000000000000000e+03
8.000000000000000000e+02
1.559000000000000000e+03
2.056000000000000000e+03
1.519000000000000000e+03
1.363000000000000000e+03
1.761000000000000000e+03
8.840000000000000000e+02
1.997000000000000000e+03
