4.720000000000000000e+02
4.283000000000000000e+03
0.000000000000000000e+00
1.700000000000000000e+01
2.200000000000000000e+01
3.400000000000000000e+01
4.400000000000000000e+01
5.700000000000000000e+01
6.000000000000000000e+01
7.200000000000000000e+01
8.300000000000000000e+01
8.400000000000000000e+01
8.500000000000000000e+01
9.500000000000000000e+01
1.220000000000000000e+02
1.350000000000000000e+02
1.460000000000000000e+02
1.500000000000000000e+02
1.550000000000000000e+02
1.610000000000000000e+02
1.720000000000000000e+02
1.730000000000000000e+02
1.760000000000000000e+02
1.810000000000000000e+02
1.820000000000000000e+02
1.850000000000000000e+02
1.880000000000000000e+02
1.950000000000000000e+02
2.000000000000000000e+02
2.050000000000000000e+02
2.260000000000000000e+02
2.280000000000000000e+02
2.300000000000000000e+02
2.380000000000000000e+02
2.430000000000000000e+02
2.490000000000000000e+02
2.510000000000000000e+02
2.570000000000000000e+02
2.580000000000000000e+02
2.600000000000000000e+02
2.710000000000000000e+02
2.770000000000000000e+02
2.810000000000000000e+02
3.120000000000000000e+02
3.170000000000000000e+02
3.190000000000000000e+02
3.230000000000000000e+02
3.250000000000000000e+02
3.330000000000000000e+02
3.380000000000000000e+02
3.430000000000000000e+02
3.530000000000000000e+02
3.610000000000000000e+02
3.760000000000000000e+02
3.780000000000000000e+02
3.790000000000000000e+02
3.990000000000000000e+02
4.010000000000000000e+02
4.030000000000000000e+02
4.060000000000000000e+02
4.380000000000000000e+02
4.410000000000000000e+02
4.550000000000000000e+02
4.600000000000000000e+02
4.620000000000000000e+02
4.670000000000000000e+02
4.770000000000000000e+02
4.820000000000000000e+02
4.890000000000000000e+02
4.910000000000000000e+02
5.000000000000000000e+02
5.080000000000000000e+02
5.100000000000000000e+02
5.180000000000000000e+02
5.280000000000000000e+02
5.400000000000000000e+02
5.410000000000000000e+02
5.460000000000000000e+02
5.490000000000000000e+02
5.520000000000000000e+02
5.870000000000000000e+02
6.040000000000000000e+02
6.060000000000000000e+02
6.120000000000000000e+02
6.140000000000000000e+02
6.150000000000000000e+02
6.220000000000000000e+02
6.260000000000000000e+02
6.270000000000000000e+02
6.450000000000000000e+02
6.620000000000000000e+02
6.640000000000000000e+02
6.660000000000000000e+02
6.670000000000000000e+02
6.750000000000000000e+02
6.790000000000000000e+02
6.820000000000000000e+02
6.940000000000000000e+02
7.020000000000000000e+02
7.220000000000000000e+02
7.230000000000000000e+02
7.330000000000000000e+02
7.490000000000000000e+02
7.500000000000000000e+02
7.530000000000000000e+02
7.540000000000000000e+02
7.570000000000000000e+02
7.590000000000000000e+02
7.850000000000000000e+02
7.870000000000000000e+02
7.950000000000000000e+02
7.980000000000000000e+02
8.030000000000000000e+02
8.040000000000000000e+02
8.110000000000000000e+02
8.160000000000000000e+02
8.210000000000000000e+02
8.270000000000000000e+02
8.300000000000000000e+02
8.310000000000000000e+02
8.380000000000000000e+02
8.450000000000000000e+02
8.560000000000000000e+02
8.570000000000000000e+02
8.580000000000000000e+02
8.600000000000000000e+02
8.680000000000000000e+02
8.750000000000000000e+02
8.970000000000000000e+02
9.050000000000000000e+02
9.090000000000000000e+02
9.110000000000000000e+02
9.120000000000000000e+02
9.290000000000000000e+02
9.440000000000000000e+02
9.470000000000000000e+02
9.500000000000000000e+02
9.670000000000000000e+02
9.700000000000000000e+02
9.900000000000000000e+02
9.980000000000000000e+02
1.003000000000000000e+03
1.007000000000000000e+03
1.024000000000000000e+03
1.025000000000000000e+03
1.028000000000000000e+03
1.029000000000000000e+03
1.051000000000000000e+03
1.052000000000000000e+03
1.057000000000000000e+03
1.060000000000000000e+03
1.064000000000000000e+03
1.069000000000000000e+03
1.074000000000000000e+03
1.079000000000000000e+03
1.088000000000000000e+03
1.089000000000000000e+03
1.091000000000000000e+03
1.100000000000000000e+03
1.110000000000000000e+03
1.111000000000000000e+03
1.113000000000000000e+03
1.118000000000000000e+03
1.121000000000000000e+03
1.149000000000000000e+03
1.163000000000000000e+03
1.165000000000000000e+03
1.166000000000000000e+03
1.189000000000000000e+03
1.197000000000000000e+03
1.210000000000000000e+03
1.211000000000000000e+03
1.214000000000000000e+03
1.227000000000000000e+03
1.232000000000000000e+03
1.237000000000000000e+03
1.241000000000000000e+03
1.245000000000000000e+03
1.249000000000000000e+03
1.257000000000000000e+03
1.277000000000000000e+03
1.279000000000000000e+03
1.283000000000000000e+03
1.286000000000000000e+03
1.289000000000000000e+03
1.291000000000000000e+03
1.305000000000000000e+03
1.331000000000000000e+03
1.336000000000000000e+03
1.344000000000000000e+03
1.359000000000000000e+03
1.375000000000000000e+03
1.379000000000000000e+03
1.391000000000000000e+03
1.396000000000000000e+03
1.402000000000000000e+03
1.403000000000000000e+03
1.404000000000000000e+03
1.405000000000000000e+03
1.415000000000000000e+03
1.434000000000000000e+03
1.446000000000000000e+03
1.448000000000000000e+03
1.458000000000000000e+03
1.459000000000000000e+03
1.464000000000000000e+03
1.469000000000000000e+03
1.472000000000000000e+03
1.478000000000000000e+03
1.482000000000000000e+03
1.484000000000000000e+03
1.489000000000000000e+03
1.500000000000000000e+03
1.517000000000000000e+03
1.519000000000000000e+03
1.521000000000000000e+03
1.527000000000000000e+03
1.528000000000000000e+03
1.530000000000000000e+03
1.533000000000000000e+03
1.543000000000000000e+03
1.544000000000000000e+03
1.551000000000000000e+03
1.559000000000000000e+03
1.561000000000000000e+03
1.563000000000000000e+03
1.568000000000000000e+03
1.570000000000000000e+03
1.574000000000000000e+03
1.602000000000000000e+03
1.603000000000000000e+03
1.610000000000000000e+03
1.614000000000000000e+03
1.620000000000000000e+03
1.635000000000000000e+03
1.656000000000000000e+03
1.672000000000000000e+03
1.680000000000000000e+03
1.684000000000000000e+03
1.689000000000000000e+03
1.698000000000000000e+03
1.702000000000000000e+03
1.703000000000000000e+03
1.706000000000000000e+03
1.709000000000000000e+03
1.714000000000000000e+03
1.745000000000000000e+03
1.748000000000000000e+03
1.755000000000000000e+03
1.757000000000000000e+03
1.760000000000000000e+03
1.770000000000000000e+03
1.775000000000000000e+03
1.813000000000000000e+03
1.818000000000000000e+03
1.820000000000000000e+03
1.823000000000000000e+03
1.827000000000000000e+03
1.841000000000000000e+03
1.843000000000000000e+03
1.849000000000000000e+03
1.850000000000000000e+03
1.851000000000000000e+03
1.852000000000000000e+03
1.854000000000000000e+03
1.859000000000000000e+03
1.876000000000000000e+03
1.880000000000000000e+03
1.897000000000000000e+03
1.901000000000000000e+03
1.902000000000000000e+03
1.906000000000000000e+03
1.907000000000000000e+03
1.914000000000000000e+03
1.927000000000000000e+03
1.928000000000000000e+03
1.952000000000000000e+03
1.957000000000000000e+03
1.961000000000000000e+03
1.968000000000000000e+03
1.971000000000000000e+03
1.986000000000000000e+03
1.989000000000000000e+03
2.019000000000000000e+03
2.021000000000000000e+03
2.032000000000000000e+03
2.033000000000000000e+03
2.037000000000000000e+03
2.043000000000000000e+03
2.049000000000000000e+03
2.061000000000000000e+03
2.065000000000000000e+03
2.068000000000000000e+03
2.069000000000000000e+03
2.076000000000000000e+03
2.083000000000000000e+03
2.088000000000000000e+03
2.094000000000000000e+03
2.107000000000000000e+03
2.130000000000000000e+03
2.133000000000000000e+03
2.135000000000000000e+03
2.159000000000000000e+03
2.171000000000000000e+03
2.176000000000000000e+03
2.177000000000000000e+03
2.184000000000000000e+03
2.187000000000000000e+03
2.189000000000000000e+03
2.196000000000000000e+03
2.200000000000000000e+03
2.201000000000000000e+03
2.202000000000000000e+03
2.229000000000000000e+03
2.232000000000000000e+03
2.251000000000000000e+03
2.252000000000000000e+03
2.255000000000000000e+03
2.256000000000000000e+03
2.258000000000000000e+03
2.266000000000000000e+03
2.291000000000000000e+03
2.311000000000000000e+03
2.315000000000000000e+03
2.346000000000000000e+03
2.370000000000000000e+03
2.376000000000000000e+03
2.380000000000000000e+03
2.388000000000000000e+03
2.389000000000000000e+03
2.391000000000000000e+03
2.405000000000000000e+03
2.412000000000000000e+03
2.414000000000000000e+03
2.417000000000000000e+03
2.420000000000000000e+03
2.421000000000000000e+03
2.437000000000000000e+03
2.459000000000000000e+03
2.470000000000000000e+03
2.478000000000000000e+03
2.481000000000000000e+03
2.483000000000000000e+03
2.495000000000000000e+03
2.500000000000000000e+03
2.508000000000000000e+03
2.521000000000000000e+03
2.524000000000000000e+03
2.539000000000000000e+03
2.543000000000000000e+03
2.552000000000000000e+03
2.564000000000000000e+03
2.570000000000000000e+03
2.598000000000000000e+03
2.612000000000000000e+03
2.614000000000000000e+03
2.624000000000000000e+03
2.628000000000000000e+03
2.632000000000000000e+03
2.633000000000000000e+03
2.650000000000000000e+03
2.655000000000000000e+03
2.684000000000000000e+03
2.693000000000000000e+03
2.695000000000000000e+03
2.697000000000000000e+03
2.698000000000000000e+03
2.703000000000000000e+03
2.704000000000000000e+03
2.705000000000000000e+03
2.711000000000000000e+03
2.721000000000000000e+03
2.725000000000000000e+03
2.727000000000000000e+03
2.732000000000000000e+03
2.734000000000000000e+03
2.740000000000000000e+03
2.741000000000000000e+03
2.743000000000000000e+03
2.757000000000000000e+03
2.771000000000000000e+03
2.779000000000000000e+03
2.785000000000000000e+03
2.787000000000000000e+03
2.794000000000000000e+03
2.822000000000000000e+03
2.840000000000000000e+03
2.842000000000000000e+03
2.843000000000000000e+03
2.845000000000000000e+03
2.855000000000000000e+03
2.857000000000000000e+03
2.867000000000000000e+03
2.869000000000000000e+03
2.871000000000000000e+03
2.876000000000000000e+03
2.887000000000000000e+03
2.893000000000000000e+03
2.909000000000000000e+03
2.921000000000000000e+03
2.922000000000000000e+03
2.924000000000000000e+03
2.928000000000000000e+03
2.930000000000000000e+03
2.940000000000000000e+03
2.941000000000000000e+03
2.943000000000000000e+03
2.944000000000000000e+03
2.948000000000000000e+03
2.949000000000000000e+03
2.950000000000000000e+03
2.954000000000000000e+03
2.973000000000000000e+03
2.975000000000000000e+03
2.981000000000000000e+03
2.983000000000000000e+03
2.987000000000000000e+03
3.008000000000000000e+03
3.025000000000000000e+03
3.027000000000000000e+03
3.031000000000000000e+03
3.037000000000000000e+03
3.055000000000000000e+03
3.056000000000000000e+03
3.072000000000000000e+03
3.079000000000000000e+03
3.080000000000000000e+03
3.085000000000000000e+03
3.094000000000000000e+03
3.099000000000000000e+03
3.101000000000000000e+03
3.103000000000000000e+03
3.107000000000000000e+03
3.108000000000000000e+03
3.114000000000000000e+03
3.124000000000000000e+03
3.128000000000000000e+03
3.133000000000000000e+03
3.134000000000000000e+03
3.135000000000000000e+03
3.141000000000000000e+03
3.149000000000000000e+03
3.153000000000000000e+03
3.155000000000000000e+03
3.158000000000000000e+03
3.172000000000000000e+03
3.173000000000000000e+03
3.177000000000000000e+03
3.179000000000000000e+03
3.180000000000000000e+03
3.181000000000000000e+03
3.182000000000000000e+03
3.183000000000000000e+03
3.187000000000000000e+03
3.191000000000000000e+03
3.195000000000000000e+03
3.201000000000000000e+03
3.206000000000000000e+03
3.221000000000000000e+03
3.222000000000000000e+03
3.226000000000000000e+03
3.233000000000000000e+03
3.234000000000000000e+03
3.247000000000000000e+03
3.256000000000000000e+03
3.258000000000000000e+03
3.262000000000000000e+03
3.265000000000000000e+03
3.270000000000000000e+03
3.277000000000000000e+03
3.279000000000000000e+03
3.296000000000000000e+03
3.311000000000000000e+03
3.314000000000000000e+03
3.317000000000000000e+03
3.318000000000000000e+03
3.346000000000000000e+03
3.361000000000000000e+03
3.364000000000000000e+03
3.367000000000000000e+03
3.376000000000000000e+03
3.383000000000000000e+03
3.388000000000000000e+03
3.393000000000000000e+03
3.394000000000000000e+03
3.406000000000000000e+03
3.407000000000000000e+03
3.410000000000000000e+03
3.411000000000000000e+03
3.414000000000000000e+03
3.419000000000000000e+03
3.421000000000000000e+03
3.422000000000000000e+03
3.428000000000000000e+03
3.437000000000000000e+03
3.446000000000000000e+03
3.453000000000000000e+03
3.457000000000000000e+03
3.469000000000000000e+03
3.470000000000000000e+03
3.487000000000000000e+03
3.496000000000000000e+03
3.502000000000000000e+03
3.510000000000000000e+03
3.518000000000000000e+03
3.522000000000000000e+03
3.533000000000000000e+03
3.538000000000000000e+03
3.547000000000000000e+03
3.565000000000000000e+03
3.571000000000000000e+03
3.592000000000000000e+03
3.601000000000000000e+03
3.605000000000000000e+03
3.612000000000000000e+03
3.638000000000000000e+03
3.641000000000000000e+03
3.644000000000000000e+03
3.646000000000000000e+03
3.650000000000000000e+03
3.653000000000000000e+03
3.656000000000000000e+03
3.659000000000000000e+03
3.663000000000000000e+03
3.669000000000000000e+03
3.688000000000000000e+03
3.715000000000000000e+03
3.724000000000000000e+03
3.732000000000000000e+03
3.735000000000000000e+03
3.745000000000000000e+03
3.747000000000000000e+03
3.755000000000000000e+03
3.756000000000000000e+03
3.757000000000000000e+03
3.761000000000000000e+03
3.765000000000000000e+03
3.774000000000000000e+03
3.781000000000000000e+03
3.785000000000000000e+03
3.787000000000000000e+03
3.789000000000000000e+03
3.800000000000000000e+03
3.806000000000000000e+03
3.808000000000000000e+03
3.813000000000000000e+03
3.815000000000000000e+03
3.818000000000000000e+03
3.820000000000000000e+03
3.821000000000000000e+03
3.825000000000000000e+03
3.827000000000000000e+03
3.837000000000000000e+03
3.840000000000000000e+03
3.848000000000000000e+03
3.849000000000000000e+03
3.855000000000000000e+03
3.862000000000000000e+03
3.876000000000000000e+03
3.881000000000000000e+03
3.889000000000000000e+03
3.891000000000000000e+03
3.893000000000000000e+03
3.896000000000000000e+03
3.897000000000000000e+03
3.898000000000000000e+03
3.905000000000000000e+03
3.906000000000000000e+03
3.907000000000000000e+03
3.912000000000000000e+03
3.913000000000000000e+03
3.916000000000000000e+03
3.929000000000000000e+03
3.941000000000000000e+03
3.954000000000000000e+03
3.964000000000000000e+03
3.968000000000000000e+03
3.970000000000000000e+03
3.974000000000000000e+03
3.975000000000000000e+03
3.976000000000000000e+03
3.978000000000000000e+03
3.985000000000000000e+03
4.000000000000000000e+03
4.001000000000000000e+03
4.002000000000000000e+03
4.005000000000000000e+03
4.007000000000000000e+03
4.014000000000000000e+03
4.015000000000000000e+03
4.020000000000000000e+03
4.021000000000000000e+03
4.022000000000000000e+03
4.023000000000000000e+03
4.024000000000000000e+03
4.029000000000000000e+03
4.031000000000000000e+03
4.032000000000000000e+03
4.039000000000000000e+03
4.045000000000000000e+03
4.049000000000000000e+03
4.064000000000000000e+03
4.069000000000000000e+03
4.072000000000000000e+03
4.073000000000000000e+03
4.081000000000000000e+03
4.090000000000000000e+03
4.094000000000000000e+03
4.095000000000000000e+03
4.103000000000000000e+03
4.109000000000000000e+03
4.111000000000000000e+03
4.113000000000000000e+03
4.117000000000000000e+03
4.121000000000000000e+03
4.138000000000000000e+03
4.146000000000000000e+03
4.149000000000000000e+03
4.152000000000000000e+03
4.160000000000000000e+03
4.167000000000000000e+03
4.169000000000000000e+03
4.172000000000000000e+03
4.173000000000000000e+03
4.177000000000000000e+03
4.190000000000000000e+03
4.197000000000000000e+03
4.204000000000000000e+03
4.207000000000000000e+03
4.217000000000000000e+03
4.222000000000000000e+03
4.231000000000000000e+03
4.234000000000000000e+03
4.239000000000000000e+03
4.241000000000000000e+03
4.247000000000000000e+03
4.249000000000000000e+03
4.259000000000000000e+03
4.263000000000000000e+03
4.269000000000000000e+03
4.271000000000000000e+03
4.287000000000000000e+03
4.294000000000000000e+03
4.311000000000000000e+03
4.312000000000000000e+03
4.313000000000000000e+03
4.323000000000000000e+03
4.325000000000000000e+03
4.330000000000000000e+03
4.340000000000000000e+03
4.347000000000000000e+03
4.355000000000000000e+03
4.357000000000000000e+03
4.360000000000000000e+03
4.361000000000000000e+03
4.364000000000000000e+03
4.365000000000000000e+03
4.370000000000000000e+03
4.371000000000000000e+03
4.381000000000000000e+03
4.383000000000000000e+03
4.398000000000000000e+03
4.399000000000000000e+03
4.400000000000000000e+03
4.405000000000000000e+03
4.407000000000000000e+03
4.411000000000000000e+03
4.416000000000000000e+03
4.423000000000000000e+03
4.428000000000000000e+03
4.430000000000000000e+03
4.443000000000000000e+03
4.445000000000000000e+03
4.453000000000000000e+03
4.459000000000000000e+03
4.463000000000000000e+03
4.471000000000000000e+03
4.472000000000000000e+03
4.474000000000000000e+03
4.478000000000000000e+03
4.482000000000000000e+03
4.490000000000000000e+03
4.509000000000000000e+03
4.517000000000000000e+03
4.527000000000000000e+03
4.533000000000000000e+03
4.545000000000000000e+03
4.547000000000000000e+03
4.548000000000000000e+03
4.552000000000000000e+03
4.568000000000000000e+03
4.578000000000000000e+03
4.598000000000000000e+03
4.620000000000000000e+03
4.621000000000000000e+03
4.625000000000000000e+03
4.626000000000000000e+03
4.631000000000000000e+03
4.635000000000000000e+03
4.639000000000000000e+03
4.647000000000000000e+03
4.652000000000000000e+03
4.662000000000000000e+03
4.668000000000000000e+03
4.674000000000000000e+03
4.676000000000000000e+03
4.678000000000000000e+03
4.680000000000000000e+03
4.682000000000000000e+03
4.687000000000000000e+03
4.693000000000000000e+03
4.698000000000000000e+03
4.704000000000000000e+03
4.712000000000000000e+03
4.713000000000000000e+03
4.721000000000000000e+03
4.726000000000000000e+03
4.728000000000000000e+03
4.730000000000000000e+03
4.742000000000000000e+03
4.755000000000000000e+03
4.756000000000000000e+03
4.767000000000000000e+03
4.768000000000000000e+03
4.769000000000000000e+03
4.776000000000000000e+03
4.777000000000000000e+03
4.787000000000000000e+03
4.791000000000000000e+03
4.796000000000000000e+03
4.800000000000000000e+03
4.801000000000000000e+03
4.806000000000000000e+03
4.814000000000000000e+03
4.822000000000000000e+03
4.823000000000000000e+03
4.828000000000000000e+03
4.848000000000000000e+03
4.863000000000000000e+03
4.866000000000000000e+03
4.868000000000000000e+03
4.869000000000000000e+03
4.874000000000000000e+03
4.878000000000000000e+03
4.893000000000000000e+03
4.897000000000000000e+03
4.906000000000000000e+03
4.907000000000000000e+03
4.911000000000000000e+03
4.913000000000000000e+03
4.922000000000000000e+03
4.926000000000000000e+03
4.930000000000000000e+03
4.932000000000000000e+03
4.937000000000000000e+03
4.949000000000000000e+03
4.952000000000000000e+03
4.954000000000000000e+03
4.966000000000000000e+03
4.969000000000000000e+03
4.970000000000000000e+03
4.978000000000000000e+03
4.984000000000000000e+03
4.985000000000000000e+03
4.992000000000000000e+03
4.994000000000000000e+03
4.998000000000000000e+03
4.999000000000000000e+03
5.011000000000000000e+03
5.013000000000000000e+03
5.016000000000000000e+03
5.018000000000000000e+03
5.020000000000000000e+03
5.032000000000000000e+03
5.037000000000000000e+03
5.047000000000000000e+03
5.063000000000000000e+03
5.064000000000000000e+03
5.094000000000000000e+03
5.101000000000000000e+03
5.109000000000000000e+03
5.116000000000000000e+03
5.133000000000000000e+03
5.136000000000000000e+03
5.138000000000000000e+03
5.187000000000000000e+03
5.192000000000000000e+03
5.195000000000000000e+03
5.201000000000000000e+03
5.202000000000000000e+03
5.209000000000000000e+03
5.213000000000000000e+03
5.232000000000000000e+03
5.240000000000000000e+03
5.241000000000000000e+03
5.249000000000000000e+03
5.263000000000000000e+03
5.270000000000000000e+03
5.272000000000000000e+03
5.273000000000000000e+03
5.280000000000000000e+03
5.290000000000000000e+03
5.293000000000000000e+03
5.314000000000000000e+03
5.332000000000000000e+03
5.336000000000000000e+03
5.343000000000000000e+03
5.345000000000000000e+03
5.347000000000000000e+03
5.355000000000000000e+03
5.356000000000000000e+03
5.364000000000000000e+03
5.377000000000000000e+03
5.383000000000000000e+03
5.394000000000000000e+03
5.397000000000000000e+03
5.410000000000000000e+03
5.421000000000000000e+03
5.432000000000000000e+03
5.451000000000000000e+03
5.455000000000000000e+03
5.456000000000000000e+03
5.461000000000000000e+03
5.463000000000000000e+03
5.465000000000000000e+03
5.467000000000000000e+03
5.473000000000000000e+03
5.482000000000000000e+03
5.486000000000000000e+03
5.504000000000000000e+03
5.510000000000000000e+03
5.511000000000000000e+03
5.530000000000000000e+03
5.545000000000000000e+03
5.553000000000000000e+03
5.563000000000000000e+03
5.567000000000000000e+03
5.569000000000000000e+03
5.581000000000000000e+03
5.583000000000000000e+03
5.596000000000000000e+03
5.604000000000000000e+03
5.605000000000000000e+03
5.611000000000000000e+03
5.616000000000000000e+03
5.617000000000000000e+03
5.619000000000000000e+03
5.623000000000000000e+03
5.628000000000000000e+03
5.644000000000000000e+03
5.655000000000000000e+03
5.660000000000000000e+03
5.665000000000000000e+03
5.666000000000000000e+03
5.676000000000000000e+03
5.679000000000000000e+03
5.682000000000000000e+03
5.692000000000000000e+03
5.696000000000000000e+03
5.703000000000000000e+03
5.705000000000000000e+03
5.706000000000000000e+03
5.719000000000000000e+03
5.723000000000000000e+03
5.725000000000000000e+03
5.728000000000000000e+03
5.729000000000000000e+03
5.736000000000000000e+03
5.739000000000000000e+03
5.753000000000000000e+03
5.768000000000000000e+03
5.771000000000000000e+03
5.772000000000000000e+03
5.774000000000000000e+03
5.775000000000000000e+03
5.786000000000000000e+03
5.805000000000000000e+03
5.806000000000000000e+03
5.818000000000000000e+03
5.821000000000000000e+03
5.824000000000000000e+03
5.838000000000000000e+03
5.847000000000000000e+03
5.848000000000000000e+03
5.876000000000000000e+03
5.877000000000000000e+03
5.888000000000000000e+03
5.893000000000000000e+03
5.898000000000000000e+03
5.900000000000000000e+03
5.903000000000000000e+03
5.908000000000000000e+03
5.912000000000000000e+03
5.914000000000000000e+03
5.918000000000000000e+03
5.938000000000000000e+03
5.945000000000000000e+03
5.951000000000000000e+03
5.955000000000000000e+03
