6.833000000000000000e+03
1.231000000000000000e+03
1.000000000000000000e+00
3.000000000000000000e+00
7.000000000000000000e+00
1.200000000000000000e+01
2.000000000000000000e+01
2.200000000000000000e+01
3.000000000000000000e+01
3.800000000000000000e+01
4.000000000000000000e+01
4.700000000000000000e+01
5.200000000000000000e+01
5.600000000000000000e+01
6.400000000000000000e+01
6.600000000000000000e+01
7.200000000000000000e+01
7.500000000000000000e+01
7.900000000000000000e+01
8.100000000000000000e+01
8.300000000000000000e+01
9.300000000000000000e+01
9.500000000000000000e+01
9.600000000000000000e+01
9.800000000000000000e+01
1.000000000000000000e+02
1.090000000000000000e+02
1.150000000000000000e+02
1.180000000000000000e+02
1.250000000000000000e+02
1.270000000000000000e+02
1.350000000000000000e+02
1.440000000000000000e+02
1.450000000000000000e+02
1.490000000000000000e+02
1.510000000000000000e+02
1.540000000000000000e+02
1.560000000000000000e+02
1.640000000000000000e+02
1.700000000000000000e+02
1.850000000000000000e+02
1.890000000000000000e+02
1.950000000000000000e+02
1.970000000000000000e+02
2.020000000000000000e+02
2.040000000000000000e+02
2.080000000000000000e+02
2.090000000000000000e+02
2.110000000000000000e+02
2.220000000000000000e+02
2.240000000000000000e+02
2.280000000000000000e+02
2.330000000000000000e+02
2.340000000000000000e+02
2.360000000000000000e+02
2.460000000000000000e+02
2.480000000000000000e+02
2.510000000000000000e+02
2.540000000000000000e+02
2.590000000000000000e+02
2.640000000000000000e+02
2.670000000000000000e+02
2.690000000000000000e+02
2.710000000000000000e+02
2.730000000000000000e+02
2.740000000000000000e+02
2.780000000000000000e+02
2.820000000000000000e+02
2.850000000000000000e+02
2.910000000000000000e+02
3.010000000000000000e+02
3.070000000000000000e+02
3.200000000000000000e+02
3.210000000000000000e+02
3.230000000000000000e+02
3.380000000000000000e+02
3.390000000000000000e+02
3.430000000000000000e+02
3.490000000000000000e+02
3.520000000000000000e+02
3.530000000000000000e+02
3.580000000000000000e+02
3.610000000000000000e+02
3.730000000000000000e+02
3.790000000000000000e+02
3.840000000000000000e+02
3.870000000000000000e+02
3.910000000000000000e+02
3.960000000000000000e+02
4.090000000000000000e+02
4.170000000000000000e+02
4.180000000000000000e+02
4.270000000000000000e+02
4.380000000000000000e+02
4.440000000000000000e+02
4.460000000000000000e+02
4.470000000000000000e+02
4.570000000000000000e+02
4.670000000000000000e+02
4.800000000000000000e+02
4.820000000000000000e+02
4.860000000000000000e+02
4.870000000000000000e+02
4.890000000000000000e+02
5.030000000000000000e+02
5.040000000000000000e+02
5.110000000000000000e+02
5.150000000000000000e+02
5.160000000000000000e+02
5.230000000000000000e+02
5.240000000000000000e+02
5.250000000000000000e+02
5.280000000000000000e+02
5.310000000000000000e+02
5.480000000000000000e+02
5.550000000000000000e+02
5.560000000000000000e+02
5.590000000000000000e+02
5.600000000000000000e+02
5.640000000000000000e+02
5.660000000000000000e+02
5.670000000000000000e+02
5.780000000000000000e+02
5.790000000000000000e+02
5.840000000000000000e+02
5.880000000000000000e+02
5.900000000000000000e+02
5.930000000000000000e+02
5.970000000000000000e+02
6.020000000000000000e+02
6.050000000000000000e+02
6.060000000000000000e+02
6.070000000000000000e+02
6.090000000000000000e+02
6.210000000000000000e+02
6.260000000000000000e+02
6.280000000000000000e+02
6.310000000000000000e+02
6.320000000000000000e+02
6.340000000000000000e+02
6.440000000000000000e+02
6.450000000000000000e+02
6.470000000000000000e+02
6.490000000000000000e+02
6.540000000000000000e+02
6.670000000000000000e+02
6.780000000000000000e+02
6.810000000000000000e+02
6.830000000000000000e+02
6.890000000000000000e+02
6.960000000000000000e+02
6.990000000000000000e+02
7.010000000000000000e+02
7.040000000000000000e+02
7.090000000000000000e+02
7.140000000000000000e+02
7.170000000000000000e+02
7.210000000000000000e+02
7.250000000000000000e+02
7.340000000000000000e+02
7.370000000000000000e+02
7.390000000000000000e+02
7.400000000000000000e+02
7.440000000000000000e+02
7.460000000000000000e+02
7.500000000000000000e+02
7.510000000000000000e+02
7.570000000000000000e+02
7.620000000000000000e+02
7.630000000000000000e+02
7.680000000000000000e+02
7.730000000000000000e+02
7.830000000000000000e+02
7.840000000000000000e+02
7.860000000000000000e+02
7.930000000000000000e+02
7.940000000000000000e+02
7.960000000000000000e+02
7.970000000000000000e+02
7.990000000000000000e+02
8.020000000000000000e+02
8.060000000000000000e+02
8.080000000000000000e+02
8.110000000000000000e+02
8.120000000000000000e+02
8.160000000000000000e+02
8.170000000000000000e+02
8.270000000000000000e+02
8.350000000000000000e+02
8.410000000000000000e+02
8.490000000000000000e+02
8.530000000000000000e+02
8.610000000000000000e+02
8.660000000000000000e+02
8.700000000000000000e+02
8.820000000000000000e+02
8.830000000000000000e+02
8.850000000000000000e+02
8.880000000000000000e+02
9.000000000000000000e+02
9.080000000000000000e+02
9.090000000000000000e+02
9.110000000000000000e+02
9.170000000000000000e+02
9.230000000000000000e+02
9.240000000000000000e+02
9.300000000000000000e+02
9.410000000000000000e+02
9.420000000000000000e+02
9.490000000000000000e+02
9.540000000000000000e+02
9.680000000000000000e+02
9.730000000000000000e+02
9.760000000000000000e+02
9.780000000000000000e+02
9.860000000000000000e+02
9.900000000000000000e+02
9.910000000000000000e+02
9.990000000000000000e+02
1.001000000000000000e+03
1.002000000000000000e+03
1.003000000000000000e+03
1.020000000000000000e+03
1.025000000000000000e+03
1.029000000000000000e+03
1.030000000000000000e+03
1.031000000000000000e+03
1.035000000000000000e+03
1.038000000000000000e+03
1.044000000000000000e+03
1.053000000000000000e+03
1.064000000000000000e+03
1.068000000000000000e+03
1.076000000000000000e+03
1.080000000000000000e+03
1.083000000000000000e+03
1.094000000000000000e+03
1.100000000000000000e+03
1.101000000000000000e+03
1.102000000000000000e+03
1.105000000000000000e+03
1.110000000000000000e+03
1.112000000000000000e+03
1.113000000000000000e+03
1.116000000000000000e+03
1.122000000000000000e+03
1.129000000000000000e+03
1.133000000000000000e+03
1.142000000000000000e+03
1.151000000000000000e+03
1.163000000000000000e+03
1.166000000000000000e+03
1.176000000000000000e+03
1.177000000000000000e+03
1.179000000000000000e+03
1.183000000000000000e+03
1.198000000000000000e+03
1.199000000000000000e+03
1.205000000000000000e+03
1.209000000000000000e+03
1.218000000000000000e+03
1.226000000000000000e+03
1.227000000000000000e+03
1.245000000000000000e+03
1.249000000000000000e+03
1.252000000000000000e+03
1.255000000000000000e+03
1.258000000000000000e+03
1.269000000000000000e+03
1.274000000000000000e+03
1.276000000000000000e+03
1.279000000000000000e+03
1.286000000000000000e+03
1.288000000000000000e+03
1.290000000000000000e+03
1.292000000000000000e+03
1.294000000000000000e+03
1.304000000000000000e+03
1.316000000000000000e+03
1.317000000000000000e+03
1.320000000000000000e+03
1.328000000000000000e+03
1.331000000000000000e+03
1.339000000000000000e+03
1.342000000000000000e+03
1.350000000000000000e+03
1.356000000000000000e+03
1.359000000000000000e+03
1.361000000000000000e+03
1.362000000000000000e+03
1.365000000000000000e+03
1.369000000000000000e+03
1.376000000000000000e+03
1.377000000000000000e+03
1.380000000000000000e+03
1.384000000000000000e+03
1.387000000000000000e+03
1.401000000000000000e+03
1.402000000000000000e+03
1.404000000000000000e+03
1.411000000000000000e+03
1.425000000000000000e+03
1.429000000000000000e+03
1.431000000000000000e+03
1.432000000000000000e+03
1.436000000000000000e+03
1.439000000000000000e+03
1.441000000000000000e+03
1.446000000000000000e+03
1.452000000000000000e+03
1.456000000000000000e+03
1.460000000000000000e+03
1.467000000000000000e+03
1.468000000000000000e+03
1.469000000000000000e+03
1.472000000000000000e+03
1.483000000000000000e+03
1.485000000000000000e+03
1.486000000000000000e+03
1.488000000000000000e+03
1.490000000000000000e+03
1.491000000000000000e+03
1.501000000000000000e+03
1.505000000000000000e+03
1.514000000000000000e+03
1.516000000000000000e+03
1.518000000000000000e+03
1.523000000000000000e+03
1.532000000000000000e+03
1.533000000000000000e+03
1.534000000000000000e+03
1.542000000000000000e+03
1.543000000000000000e+03
1.545000000000000000e+03
1.546000000000000000e+03
1.547000000000000000e+03
1.551000000000000000e+03
1.552000000000000000e+03
1.554000000000000000e+03
1.559000000000000000e+03
1.567000000000000000e+03
1.573000000000000000e+03
1.575000000000000000e+03
1.577000000000000000e+03
1.584000000000000000e+03
1.591000000000000000e+03
1.601000000000000000e+03
1.614000000000000000e+03
1.617000000000000000e+03
1.623000000000000000e+03
1.631000000000000000e+03
1.632000000000000000e+03
1.636000000000000000e+03
1.642000000000000000e+03
1.644000000000000000e+03
1.646000000000000000e+03
1.653000000000000000e+03
1.655000000000000000e+03
1.658000000000000000e+03
1.665000000000000000e+03
1.667000000000000000e+03
1.668000000000000000e+03
1.677000000000000000e+03
1.686000000000000000e+03
1.687000000000000000e+03
1.691000000000000000e+03
1.697000000000000000e+03
1.698000000000000000e+03
1.700000000000000000e+03
1.703000000000000000e+03
1.706000000000000000e+03
1.712000000000000000e+03
1.716000000000000000e+03
1.723000000000000000e+03
1.731000000000000000e+03
1.737000000000000000e+03
1.738000000000000000e+03
1.741000000000000000e+03
1.744000000000000000e+03
1.746000000000000000e+03
1.753000000000000000e+03
1.763000000000000000e+03
1.768000000000000000e+03
1.769000000000000000e+03
1.771000000000000000e+03
1.774000000000000000e+03
1.776000000000000000e+03
1.779000000000000000e+03
1.781000000000000000e+03
1.782000000000000000e+03
1.791000000000000000e+03
1.793000000000000000e+03
1.795000000000000000e+03
1.799000000000000000e+03
1.802000000000000000e+03
1.803000000000000000e+03
1.808000000000000000e+03
1.813000000000000000e+03
1.815000000000000000e+03
1.821000000000000000e+03
1.824000000000000000e+03
1.826000000000000000e+03
1.845000000000000000e+03
1.850000000000000000e+03
1.852000000000000000e+03
1.863000000000000000e+03
1.874000000000000000e+03
1.876000000000000000e+03
1.889000000000000000e+03
1.891000000000000000e+03
1.894000000000000000e+03
1.895000000000000000e+03
1.899000000000000000e+03
1.908000000000000000e+03
1.913000000000000000e+03
1.916000000000000000e+03
1.925000000000000000e+03
1.928000000000000000e+03
1.930000000000000000e+03
1.937000000000000000e+03
1.953000000000000000e+03
1.954000000000000000e+03
1.955000000000000000e+03
1.964000000000000000e+03
1.968000000000000000e+03
1.972000000000000000e+03
1.975000000000000000e+03
1.977000000000000000e+03
1.979000000000000000e+03
1.982000000000000000e+03
1.984000000000000000e+03
1.985000000000000000e+03
1.986000000000000000e+03
1.988000000000000000e+03
1.994000000000000000e+03
2.003000000000000000e+03
2.005000000000000000e+03
2.007000000000000000e+03
2.015000000000000000e+03
2.017000000000000000e+03
2.022000000000000000e+03
2.026000000000000000e+03
2.035000000000000000e+03
2.038000000000000000e+03
2.040000000000000000e+03
2.041000000000000000e+03
2.045000000000000000e+03
2.047000000000000000e+03
2.048000000000000000e+03
2.049000000000000000e+03
2.052000000000000000e+03
2.053000000000000000e+03
2.057000000000000000e+03
2.062000000000000000e+03
2.063000000000000000e+03
2.085000000000000000e+03
2.086000000000000000e+03
2.089000000000000000e+03
2.091000000000000000e+03
2.093000000000000000e+03
2.094000000000000000e+03
2.102000000000000000e+03
2.104000000000000000e+03
2.111000000000000000e+03
2.114000000000000000e+03
2.115000000000000000e+03
2.118000000000000000e+03
2.119000000000000000e+03
2.121000000000000000e+03
2.124000000000000000e+03
2.129000000000000000e+03
2.134000000000000000e+03
2.140000000000000000e+03
2.141000000000000000e+03
2.142000000000000000e+03
2.146000000000000000e+03
2.148000000000000000e+03
2.155000000000000000e+03
2.157000000000000000e+03
2.163000000000000000e+03
2.165000000000000000e+03
2.169000000000000000e+03
2.170000000000000000e+03
2.176000000000000000e+03
2.181000000000000000e+03
2.190000000000000000e+03
2.191000000000000000e+03
2.196000000000000000e+03
2.200000000000000000e+03
2.202000000000000000e+03
2.216000000000000000e+03
2.218000000000000000e+03
2.222000000000000000e+03
2.224000000000000000e+03
2.232000000000000000e+03
2.235000000000000000e+03
2.244000000000000000e+03
2.248000000000000000e+03
2.257000000000000000e+03
2.259000000000000000e+03
2.275000000000000000e+03
2.280000000000000000e+03
2.285000000000000000e+03
2.290000000000000000e+03
2.292000000000000000e+03
2.294000000000000000e+03
2.297000000000000000e+03
2.299000000000000000e+03
2.305000000000000000e+03
2.313000000000000000e+03
2.322000000000000000e+03
2.323000000000000000e+03
2.325000000000000000e+03
2.334000000000000000e+03
2.338000000000000000e+03
2.340000000000000000e+03
2.347000000000000000e+03
2.351000000000000000e+03
2.357000000000000000e+03
2.358000000000000000e+03
2.375000000000000000e+03
2.376000000000000000e+03
2.379000000000000000e+03
2.380000000000000000e+03
2.389000000000000000e+03
2.394000000000000000e+03
2.403000000000000000e+03
2.407000000000000000e+03
2.411000000000000000e+03
2.418000000000000000e+03
2.419000000000000000e+03
2.420000000000000000e+03
2.426000000000000000e+03
2.428000000000000000e+03
2.435000000000000000e+03
2.436000000000000000e+03
2.438000000000000000e+03
2.445000000000000000e+03
2.449000000000000000e+03
2.451000000000000000e+03
2.455000000000000000e+03
2.463000000000000000e+03
2.464000000000000000e+03
2.466000000000000000e+03
2.469000000000000000e+03
2.470000000000000000e+03
2.473000000000000000e+03
2.474000000000000000e+03
2.476000000000000000e+03
2.477000000000000000e+03
2.485000000000000000e+03
2.500000000000000000e+03
2.504000000000000000e+03
2.506000000000000000e+03
2.507000000000000000e+03
2.513000000000000000e+03
2.528000000000000000e+03
2.532000000000000000e+03
2.540000000000000000e+03
2.550000000000000000e+03
2.552000000000000000e+03
2.554000000000000000e+03
2.560000000000000000e+03
2.562000000000000000e+03
2.566000000000000000e+03
2.570000000000000000e+03
2.571000000000000000e+03
2.572000000000000000e+03
2.573000000000000000e+03
2.577000000000000000e+03
2.578000000000000000e+03
2.580000000000000000e+03
2.587000000000000000e+03
2.588000000000000000e+03
2.592000000000000000e+03
2.600000000000000000e+03
2.601000000000000000e+03
2.602000000000000000e+03
2.611000000000000000e+03
2.616000000000000000e+03
2.617000000000000000e+03
2.619000000000000000e+03
2.624000000000000000e+03
2.625000000000000000e+03
2.634000000000000000e+03
2.640000000000000000e+03
2.646000000000000000e+03
2.652000000000000000e+03
2.655000000000000000e+03
2.656000000000000000e+03
2.658000000000000000e+03
2.662000000000000000e+03
2.668000000000000000e+03
2.670000000000000000e+03
2.678000000000000000e+03
2.680000000000000000e+03
2.688000000000000000e+03
2.692000000000000000e+03
2.698000000000000000e+03
2.711000000000000000e+03
2.722000000000000000e+03
2.728000000000000000e+03
2.729000000000000000e+03
2.731000000000000000e+03
2.733000000000000000e+03
2.735000000000000000e+03
2.738000000000000000e+03
2.744000000000000000e+03
2.753000000000000000e+03
2.757000000000000000e+03
2.758000000000000000e+03
2.769000000000000000e+03
2.772000000000000000e+03
2.773000000000000000e+03
2.778000000000000000e+03
2.783000000000000000e+03
2.785000000000000000e+03
2.791000000000000000e+03
2.794000000000000000e+03
2.795000000000000000e+03
2.798000000000000000e+03
2.801000000000000000e+03
2.804000000000000000e+03
2.809000000000000000e+03
2.810000000000000000e+03
2.811000000000000000e+03
2.818000000000000000e+03
2.820000000000000000e+03
2.821000000000000000e+03
2.822000000000000000e+03
2.825000000000000000e+03
2.827000000000000000e+03
2.833000000000000000e+03
2.838000000000000000e+03
2.844000000000000000e+03
2.849000000000000000e+03
2.850000000000000000e+03
2.852000000000000000e+03
2.855000000000000000e+03
2.856000000000000000e+03
2.864000000000000000e+03
2.870000000000000000e+03
2.872000000000000000e+03
2.882000000000000000e+03
2.885000000000000000e+03
2.886000000000000000e+03
2.887000000000000000e+03
2.889000000000000000e+03
2.891000000000000000e+03
2.895000000000000000e+03
2.897000000000000000e+03
2.914000000000000000e+03
2.916000000000000000e+03
2.919000000000000000e+03
2.921000000000000000e+03
2.925000000000000000e+03
2.926000000000000000e+03
2.929000000000000000e+03
2.931000000000000000e+03
2.934000000000000000e+03
2.936000000000000000e+03
2.940000000000000000e+03
2.941000000000000000e+03
2.949000000000000000e+03
2.950000000000000000e+03
2.960000000000000000e+03
2.961000000000000000e+03
2.963000000000000000e+03
2.982000000000000000e+03
2.985000000000000000e+03
2.989000000000000000e+03
2.993000000000000000e+03
2.998000000000000000e+03
3.002000000000000000e+03
3.003000000000000000e+03
3.006000000000000000e+03
3.007000000000000000e+03
3.010000000000000000e+03
3.026000000000000000e+03
3.028000000000000000e+03
3.031000000000000000e+03
3.033000000000000000e+03
3.034000000000000000e+03
3.037000000000000000e+03
3.040000000000000000e+03
3.047000000000000000e+03
3.048000000000000000e+03
3.049000000000000000e+03
3.051000000000000000e+03
3.060000000000000000e+03
3.065000000000000000e+03
3.068000000000000000e+03
3.074000000000000000e+03
3.078000000000000000e+03
3.080000000000000000e+03
3.083000000000000000e+03
3.089000000000000000e+03
3.091000000000000000e+03
3.093000000000000000e+03
3.094000000000000000e+03
3.096000000000000000e+03
3.101000000000000000e+03
3.103000000000000000e+03
3.106000000000000000e+03
3.107000000000000000e+03
3.111000000000000000e+03
3.115000000000000000e+03
3.118000000000000000e+03
3.123000000000000000e+03
3.132000000000000000e+03
3.137000000000000000e+03
3.139000000000000000e+03
3.141000000000000000e+03
3.150000000000000000e+03
3.159000000000000000e+03
3.160000000000000000e+03
3.161000000000000000e+03
3.171000000000000000e+03
3.177000000000000000e+03
3.178000000000000000e+03
3.181000000000000000e+03
3.184000000000000000e+03
3.185000000000000000e+03
3.187000000000000000e+03
3.192000000000000000e+03
3.195000000000000000e+03
3.196000000000000000e+03
3.200000000000000000e+03
3.203000000000000000e+03
3.212000000000000000e+03
3.214000000000000000e+03
3.218000000000000000e+03
3.220000000000000000e+03
3.221000000000000000e+03
3.223000000000000000e+03
3.228000000000000000e+03
3.230000000000000000e+03
3.231000000000000000e+03
3.234000000000000000e+03
3.238000000000000000e+03
3.244000000000000000e+03
3.247000000000000000e+03
3.250000000000000000e+03
3.255000000000000000e+03
3.257000000000000000e+03
3.259000000000000000e+03
3.260000000000000000e+03
3.262000000000000000e+03
3.268000000000000000e+03
3.276000000000000000e+03
3.277000000000000000e+03
3.280000000000000000e+03
3.283000000000000000e+03
3.285000000000000000e+03
3.290000000000000000e+03
3.293000000000000000e+03
3.294000000000000000e+03
3.298000000000000000e+03
3.299000000000000000e+03
3.300000000000000000e+03
3.305000000000000000e+03
3.308000000000000000e+03
3.311000000000000000e+03
3.318000000000000000e+03
3.319000000000000000e+03
3.329000000000000000e+03
3.332000000000000000e+03
3.334000000000000000e+03
3.336000000000000000e+03
3.344000000000000000e+03
3.352000000000000000e+03
3.353000000000000000e+03
3.357000000000000000e+03
3.361000000000000000e+03
3.371000000000000000e+03
3.377000000000000000e+03
3.379000000000000000e+03
3.383000000000000000e+03
3.385000000000000000e+03
3.393000000000000000e+03
3.397000000000000000e+03
3.398000000000000000e+03
3.399000000000000000e+03
3.400000000000000000e+03
3.403000000000000000e+03
3.405000000000000000e+03
3.411000000000000000e+03
3.422000000000000000e+03
3.427000000000000000e+03
3.431000000000000000e+03
3.435000000000000000e+03
3.441000000000000000e+03
3.445000000000000000e+03
3.447000000000000000e+03
3.448000000000000000e+03
3.449000000000000000e+03
3.461000000000000000e+03
3.465000000000000000e+03
3.467000000000000000e+03
3.468000000000000000e+03
3.471000000000000000e+03
3.475000000000000000e+03
3.482000000000000000e+03
3.491000000000000000e+03
3.502000000000000000e+03
3.505000000000000000e+03
3.507000000000000000e+03
3.510000000000000000e+03
3.519000000000000000e+03
3.530000000000000000e+03
3.532000000000000000e+03
3.536000000000000000e+03
3.540000000000000000e+03
3.543000000000000000e+03
3.558000000000000000e+03
3.560000000000000000e+03
3.563000000000000000e+03
3.564000000000000000e+03
3.570000000000000000e+03
3.571000000000000000e+03
3.574000000000000000e+03
3.578000000000000000e+03
3.579000000000000000e+03
3.584000000000000000e+03
3.588000000000000000e+03
3.591000000000000000e+03
3.594000000000000000e+03
3.596000000000000000e+03
3.601000000000000000e+03
3.605000000000000000e+03
3.612000000000000000e+03
3.622000000000000000e+03
3.625000000000000000e+03
3.631000000000000000e+03
3.632000000000000000e+03
3.639000000000000000e+03
3.644000000000000000e+03
3.647000000000000000e+03
3.649000000000000000e+03
3.650000000000000000e+03
3.652000000000000000e+03
3.656000000000000000e+03
3.666000000000000000e+03
3.669000000000000000e+03
3.671000000000000000e+03
3.676000000000000000e+03
3.677000000000000000e+03
3.685000000000000000e+03
3.688000000000000000e+03
3.689000000000000000e+03
3.690000000000000000e+03
3.692000000000000000e+03
3.695000000000000000e+03
3.696000000000000000e+03
3.700000000000000000e+03
3.702000000000000000e+03
3.704000000000000000e+03
3.709000000000000000e+03
3.711000000000000000e+03
3.715000000000000000e+03
3.718000000000000000e+03
3.726000000000000000e+03
3.731000000000000000e+03
3.732000000000000000e+03
3.737000000000000000e+03
3.743000000000000000e+03
3.750000000000000000e+03
3.755000000000000000e+03
3.759000000000000000e+03
3.760000000000000000e+03
3.772000000000000000e+03
3.773000000000000000e+03
3.783000000000000000e+03
3.785000000000000000e+03
3.786000000000000000e+03
3.789000000000000000e+03
3.790000000000000000e+03
3.791000000000000000e+03
3.795000000000000000e+03
3.798000000000000000e+03
3.799000000000000000e+03
3.805000000000000000e+03
3.806000000000000000e+03
3.810000000000000000e+03
3.811000000000000000e+03
3.814000000000000000e+03
3.816000000000000000e+03
3.832000000000000000e+03
3.837000000000000000e+03
3.838000000000000000e+03
3.840000000000000000e+03
3.841000000000000000e+03
3.844000000000000000e+03
3.845000000000000000e+03
3.851000000000000000e+03
3.852000000000000000e+03
3.854000000000000000e+03
3.856000000000000000e+03
3.858000000000000000e+03
3.862000000000000000e+03
3.863000000000000000e+03
3.868000000000000000e+03
3.871000000000000000e+03
3.873000000000000000e+03
3.880000000000000000e+03
3.884000000000000000e+03
3.888000000000000000e+03
3.893000000000000000e+03
3.895000000000000000e+03
3.898000000000000000e+03
3.905000000000000000e+03
3.908000000000000000e+03
3.914000000000000000e+03
3.924000000000000000e+03
3.929000000000000000e+03
3.932000000000000000e+03
3.933000000000000000e+03
3.935000000000000000e+03
3.938000000000000000e+03
3.940000000000000000e+03
3.950000000000000000e+03
3.952000000000000000e+03
3.959000000000000000e+03
3.968000000000000000e+03
3.970000000000000000e+03
3.972000000000000000e+03
3.975000000000000000e+03
3.977000000000000000e+03
3.980000000000000000e+03
3.981000000000000000e+03
3.984000000000000000e+03
3.992000000000000000e+03
3.998000000000000000e+03
4.009000000000000000e+03
4.011000000000000000e+03
4.013000000000000000e+03
4.014000000000000000e+03
4.018000000000000000e+03
4.028000000000000000e+03
4.034000000000000000e+03
4.036000000000000000e+03
4.040000000000000000e+03
4.043000000000000000e+03
4.047000000000000000e+03
4.051000000000000000e+03
4.054000000000000000e+03
4.056000000000000000e+03
4.058000000000000000e+03
4.062000000000000000e+03
4.066000000000000000e+03
4.073000000000000000e+03
4.079000000000000000e+03
4.081000000000000000e+03
4.085000000000000000e+03
4.086000000000000000e+03
4.092000000000000000e+03
4.098000000000000000e+03
4.101000000000000000e+03
4.104000000000000000e+03
4.110000000000000000e+03
4.123000000000000000e+03
4.126000000000000000e+03
4.131000000000000000e+03
4.135000000000000000e+03
4.137000000000000000e+03
4.141000000000000000e+03
4.143000000000000000e+03
4.147000000000000000e+03
4.150000000000000000e+03
4.155000000000000000e+03
4.156000000000000000e+03
4.160000000000000000e+03
4.163000000000000000e+03
4.164000000000000000e+03
4.166000000000000000e+03
4.176000000000000000e+03
4.177000000000000000e+03
4.181000000000000000e+03
4.194000000000000000e+03
4.196000000000000000e+03
4.198000000000000000e+03
4.199000000000000000e+03
4.202000000000000000e+03
4.203000000000000000e+03
4.209000000000000000e+03
4.211000000000000000e+03
4.214000000000000000e+03
4.216000000000000000e+03
4.224000000000000000e+03
4.227000000000000000e+03
4.230000000000000000e+03
4.231000000000000000e+03
4.244000000000000000e+03
4.245000000000000000e+03
4.246000000000000000e+03
4.247000000000000000e+03
4.248000000000000000e+03
4.251000000000000000e+03
4.267000000000000000e+03
4.272000000000000000e+03
4.276000000000000000e+03
4.277000000000000000e+03
4.282000000000000000e+03
4.292000000000000000e+03
4.301000000000000000e+03
4.304000000000000000e+03
4.305000000000000000e+03
4.307000000000000000e+03
4.308000000000000000e+03
4.310000000000000000e+03
4.313000000000000000e+03
4.314000000000000000e+03
4.316000000000000000e+03
4.321000000000000000e+03
4.327000000000000000e+03
4.332000000000000000e+03
4.333000000000000000e+03
4.340000000000000000e+03
4.348000000000000000e+03
4.353000000000000000e+03
4.358000000000000000e+03
4.361000000000000000e+03
4.363000000000000000e+03
4.378000000000000000e+03
4.379000000000000000e+03
4.382000000000000000e+03
4.383000000000000000e+03
4.390000000000000000e+03
4.391000000000000000e+03
4.404000000000000000e+03
4.411000000000000000e+03
4.417000000000000000e+03
4.418000000000000000e+03
4.426000000000000000e+03
4.428000000000000000e+03
4.431000000000000000e+03
4.435000000000000000e+03
4.443000000000000000e+03
4.444000000000000000e+03
4.445000000000000000e+03
4.454000000000000000e+03
4.458000000000000000e+03
4.460000000000000000e+03
4.464000000000000000e+03
4.467000000000000000e+03
4.468000000000000000e+03
4.470000000000000000e+03
4.472000000000000000e+03
4.473000000000000000e+03
4.493000000000000000e+03
4.494000000000000000e+03
4.498000000000000000e+03
4.505000000000000000e+03
4.506000000000000000e+03
4.514000000000000000e+03
4.525000000000000000e+03
4.526000000000000000e+03
4.527000000000000000e+03
4.532000000000000000e+03
4.537000000000000000e+03
4.554000000000000000e+03
4.555000000000000000e+03
4.558000000000000000e+03
4.563000000000000000e+03
4.565000000000000000e+03
4.566000000000000000e+03
4.571000000000000000e+03
4.574000000000000000e+03
4.575000000000000000e+03
4.576000000000000000e+03
4.577000000000000000e+03
4.578000000000000000e+03
4.579000000000000000e+03
4.581000000000000000e+03
4.586000000000000000e+03
4.592000000000000000e+03
4.595000000000000000e+03
4.597000000000000000e+03
4.600000000000000000e+03
4.602000000000000000e+03
4.603000000000000000e+03
4.605000000000000000e+03
4.612000000000000000e+03
4.615000000000000000e+03
4.618000000000000000e+03
4.633000000000000000e+03
4.642000000000000000e+03
4.643000000000000000e+03
4.645000000000000000e+03
4.646000000000000000e+03
4.647000000000000000e+03
4.655000000000000000e+03
4.662000000000000000e+03
4.673000000000000000e+03
4.674000000000000000e+03
4.683000000000000000e+03
4.684000000000000000e+03
4.689000000000000000e+03
4.697000000000000000e+03
4.702000000000000000e+03
4.704000000000000000e+03
4.714000000000000000e+03
4.716000000000000000e+03
4.721000000000000000e+03
4.724000000000000000e+03
4.726000000000000000e+03
4.730000000000000000e+03
4.731000000000000000e+03
4.737000000000000000e+03
4.738000000000000000e+03
4.744000000000000000e+03
4.745000000000000000e+03
4.752000000000000000e+03
4.753000000000000000e+03
4.757000000000000000e+03
4.774000000000000000e+03
4.781000000000000000e+03
4.784000000000000000e+03
4.788000000000000000e+03
4.793000000000000000e+03
4.798000000000000000e+03
4.800000000000000000e+03
4.807000000000000000e+03
4.811000000000000000e+03
4.816000000000000000e+03
4.817000000000000000e+03
4.828000000000000000e+03
4.832000000000000000e+03
4.833000000000000000e+03
4.835000000000000000e+03
4.841000000000000000e+03
4.848000000000000000e+03
4.849000000000000000e+03
4.852000000000000000e+03
4.853000000000000000e+03
4.855000000000000000e+03
4.860000000000000000e+03
4.862000000000000000e+03
4.864000000000000000e+03
4.874000000000000000e+03
4.886000000000000000e+03
4.888000000000000000e+03
4.892000000000000000e+03
4.894000000000000000e+03
4.897000000000000000e+03
4.900000000000000000e+03
4.903000000000000000e+03
4.904000000000000000e+03
4.908000000000000000e+03
4.920000000000000000e+03
4.929000000000000000e+03
4.933000000000000000e+03
4.934000000000000000e+03
4.935000000000000000e+03
4.937000000000000000e+03
4.939000000000000000e+03
4.942000000000000000e+03
4.949000000000000000e+03
4.952000000000000000e+03
4.954000000000000000e+03
4.956000000000000000e+03
4.957000000000000000e+03
4.961000000000000000e+03
4.975000000000000000e+03
4.979000000000000000e+03
4.984000000000000000e+03
4.986000000000000000e+03
4.989000000000000000e+03
4.990000000000000000e+03
4.995000000000000000e+03
4.997000000000000000e+03
5.003000000000000000e+03
5.005000000000000000e+03
5.013000000000000000e+03
5.015000000000000000e+03
5.019000000000000000e+03
5.020000000000000000e+03
5.026000000000000000e+03
5.029000000000000000e+03
5.031000000000000000e+03
5.041000000000000000e+03
5.043000000000000000e+03
5.044000000000000000e+03
5.046000000000000000e+03
5.048000000000000000e+03
5.049000000000000000e+03
5.051000000000000000e+03
5.056000000000000000e+03
5.057000000000000000e+03
5.059000000000000000e+03
5.062000000000000000e+03
5.063000000000000000e+03
5.065000000000000000e+03
5.069000000000000000e+03
5.086000000000000000e+03
5.089000000000000000e+03
5.090000000000000000e+03
5.093000000000000000e+03
5.096000000000000000e+03
5.098000000000000000e+03
5.101000000000000000e+03
5.104000000000000000e+03
5.115000000000000000e+03
5.117000000000000000e+03
5.118000000000000000e+03
5.119000000000000000e+03
5.126000000000000000e+03
5.131000000000000000e+03
5.132000000000000000e+03
5.142000000000000000e+03
5.143000000000000000e+03
5.144000000000000000e+03
5.148000000000000000e+03
5.152000000000000000e+03
5.153000000000000000e+03
5.154000000000000000e+03
5.155000000000000000e+03
5.164000000000000000e+03
5.165000000000000000e+03
5.167000000000000000e+03
5.168000000000000000e+03
5.170000000000000000e+03
5.175000000000000000e+03
5.179000000000000000e+03
5.184000000000000000e+03
5.188000000000000000e+03
5.191000000000000000e+03
5.194000000000000000e+03
5.200000000000000000e+03
5.205000000000000000e+03
5.214000000000000000e+03
5.216000000000000000e+03
5.219000000000000000e+03
5.226000000000000000e+03
5.229000000000000000e+03
5.230000000000000000e+03
5.232000000000000000e+03
5.236000000000000000e+03
5.243000000000000000e+03
5.245000000000000000e+03
5.247000000000000000e+03
5.249000000000000000e+03
5.254000000000000000e+03
5.259000000000000000e+03
5.260000000000000000e+03
5.270000000000000000e+03
5.273000000000000000e+03
5.283000000000000000e+03
5.286000000000000000e+03
5.289000000000000000e+03
5.298000000000000000e+03
5.299000000000000000e+03
5.304000000000000000e+03
5.306000000000000000e+03
5.308000000000000000e+03
5.311000000000000000e+03
5.315000000000000000e+03
5.320000000000000000e+03
5.324000000000000000e+03
5.328000000000000000e+03
5.332000000000000000e+03
5.333000000000000000e+03
5.347000000000000000e+03
5.353000000000000000e+03
5.355000000000000000e+03
5.357000000000000000e+03
5.359000000000000000e+03
5.365000000000000000e+03
5.367000000000000000e+03
5.386000000000000000e+03
5.391000000000000000e+03
5.393000000000000000e+03
5.400000000000000000e+03
5.402000000000000000e+03
5.407000000000000000e+03
5.424000000000000000e+03
5.425000000000000000e+03
5.430000000000000000e+03
5.431000000000000000e+03
5.432000000000000000e+03
5.434000000000000000e+03
5.437000000000000000e+03
5.439000000000000000e+03
5.446000000000000000e+03
5.447000000000000000e+03
5.459000000000000000e+03
5.467000000000000000e+03
5.471000000000000000e+03
5.477000000000000000e+03
5.482000000000000000e+03
5.487000000000000000e+03
5.490000000000000000e+03
5.491000000000000000e+03
5.492000000000000000e+03
5.494000000000000000e+03
5.497000000000000000e+03
5.500000000000000000e+03
5.503000000000000000e+03
5.506000000000000000e+03
5.508000000000000000e+03
5.509000000000000000e+03
5.515000000000000000e+03
5.516000000000000000e+03
5.519000000000000000e+03
5.523000000000000000e+03
5.525000000000000000e+03
5.531000000000000000e+03
5.532000000000000000e+03
5.533000000000000000e+03
5.535000000000000000e+03
5.536000000000000000e+03
5.538000000000000000e+03
5.544000000000000000e+03
5.550000000000000000e+03
5.551000000000000000e+03
5.555000000000000000e+03
5.558000000000000000e+03
5.565000000000000000e+03
5.566000000000000000e+03
5.572000000000000000e+03
5.579000000000000000e+03
5.584000000000000000e+03
5.588000000000000000e+03
5.593000000000000000e+03
5.597000000000000000e+03
5.599000000000000000e+03
5.604000000000000000e+03
5.607000000000000000e+03
5.609000000000000000e+03
5.611000000000000000e+03
5.612000000000000000e+03
5.614000000000000000e+03
5.621000000000000000e+03
5.622000000000000000e+03
5.624000000000000000e+03
5.639000000000000000e+03
5.646000000000000000e+03
5.647000000000000000e+03
5.653000000000000000e+03
5.654000000000000000e+03
5.658000000000000000e+03
5.659000000000000000e+03
5.663000000000000000e+03
5.664000000000000000e+03
5.667000000000000000e+03
5.671000000000000000e+03
5.672000000000000000e+03
5.676000000000000000e+03
5.677000000000000000e+03
5.680000000000000000e+03
5.687000000000000000e+03
5.689000000000000000e+03
5.692000000000000000e+03
5.701000000000000000e+03
5.704000000000000000e+03
5.708000000000000000e+03
5.709000000000000000e+03
5.718000000000000000e+03
5.719000000000000000e+03
5.723000000000000000e+03
5.731000000000000000e+03
5.745000000000000000e+03
5.755000000000000000e+03
5.758000000000000000e+03
5.759000000000000000e+03
5.770000000000000000e+03
5.776000000000000000e+03
5.781000000000000000e+03
5.782000000000000000e+03
5.788000000000000000e+03
5.790000000000000000e+03
5.812000000000000000e+03
5.818000000000000000e+03
5.819000000000000000e+03
5.820000000000000000e+03
5.822000000000000000e+03
5.827000000000000000e+03
5.829000000000000000e+03
5.830000000000000000e+03
5.831000000000000000e+03
5.834000000000000000e+03
5.845000000000000000e+03
5.846000000000000000e+03
5.847000000000000000e+03
5.859000000000000000e+03
5.860000000000000000e+03
5.861000000000000000e+03
5.862000000000000000e+03
5.863000000000000000e+03
5.869000000000000000e+03
5.871000000000000000e+03
5.879000000000000000e+03
5.882000000000000000e+03
5.884000000000000000e+03
5.886000000000000000e+03
5.900000000000000000e+03
5.901000000000000000e+03
5.904000000000000000e+03
5.905000000000000000e+03
5.910000000000000000e+03
5.926000000000000000e+03
5.928000000000000000e+03
5.931000000000000000e+03
5.935000000000000000e+03
5.937000000000000000e+03
5.949000000000000000e+03
5.954000000000000000e+03
5.955000000000000000e+03
5.960000000000000000e+03
5.962000000000000000e+03
5.963000000000000000e+03
5.965000000000000000e+03
5.968000000000000000e+03
5.974000000000000000e+03
5.976000000000000000e+03
5.977000000000000000e+03
5.981000000000000000e+03
5.982000000000000000e+03
5.989000000000000000e+03
5.995000000000000000e+03
6.002000000000000000e+03
6.007000000000000000e+03
6.014000000000000000e+03
6.015000000000000000e+03
6.019000000000000000e+03
6.020000000000000000e+03
6.028000000000000000e+03
6.031000000000000000e+03
6.032000000000000000e+03
6.034000000000000000e+03
6.036000000000000000e+03
6.045000000000000000e+03
6.046000000000000000e+03
6.060000000000000000e+03
6.064000000000000000e+03
6.070000000000000000e+03
6.073000000000000000e+03
6.074000000000000000e+03
6.075000000000000000e+03
6.077000000000000000e+03
6.086000000000000000e+03
6.087000000000000000e+03
6.090000000000000000e+03
6.091000000000000000e+03
6.092000000000000000e+03
6.097000000000000000e+03
6.103000000000000000e+03
6.104000000000000000e+03
6.106000000000000000e+03
6.111000000000000000e+03
6.112000000000000000e+03
6.113000000000000000e+03
6.121000000000000000e+03
6.132000000000000000e+03
6.136000000000000000e+03
6.151000000000000000e+03
6.154000000000000000e+03
6.155000000000000000e+03
6.161000000000000000e+03
6.164000000000000000e+03
6.165000000000000000e+03
6.169000000000000000e+03
6.173000000000000000e+03
6.178000000000000000e+03
6.183000000000000000e+03
6.184000000000000000e+03
6.185000000000000000e+03
6.188000000000000000e+03
6.192000000000000000e+03
6.194000000000000000e+03
6.195000000000000000e+03
6.199000000000000000e+03
6.204000000000000000e+03
6.206000000000000000e+03
6.222000000000000000e+03
6.227000000000000000e+03
6.231000000000000000e+03
6.234000000000000000e+03
6.239000000000000000e+03
6.251000000000000000e+03
6.256000000000000000e+03
6.257000000000000000e+03
6.259000000000000000e+03
6.266000000000000000e+03
6.269000000000000000e+03
6.273000000000000000e+03
6.275000000000000000e+03
6.276000000000000000e+03
6.277000000000000000e+03
6.287000000000000000e+03
6.288000000000000000e+03
6.289000000000000000e+03
6.293000000000000000e+03
6.295000000000000000e+03
6.296000000000000000e+03
6.305000000000000000e+03
6.312000000000000000e+03
6.314000000000000000e+03
6.316000000000000000e+03
6.317000000000000000e+03
6.319000000000000000e+03
6.320000000000000000e+03
6.322000000000000000e+03
6.325000000000000000e+03
6.326000000000000000e+03
6.329000000000000000e+03
6.333000000000000000e+03
6.337000000000000000e+03
6.339000000000000000e+03
6.348000000000000000e+03
6.351000000000000000e+03
6.353000000000000000e+03
6.358000000000000000e+03
6.361000000000000000e+03
6.362000000000000000e+03
6.374000000000000000e+03
6.380000000000000000e+03
6.391000000000000000e+03
6.404000000000000000e+03
6.406000000000000000e+03
6.413000000000000000e+03
6.414000000000000000e+03
6.415000000000000000e+03
6.416000000000000000e+03
6.421000000000000000e+03
6.433000000000000000e+03
6.444000000000000000e+03
6.445000000000000000e+03
6.464000000000000000e+03
6.465000000000000000e+03
6.467000000000000000e+03
6.470000000000000000e+03
6.478000000000000000e+03
6.479000000000000000e+03
6.481000000000000000e+03
6.483000000000000000e+03
6.487000000000000000e+03
6.489000000000000000e+03
6.490000000000000000e+03
6.491000000000000000e+03
6.493000000000000000e+03
6.494000000000000000e+03
6.506000000000000000e+03
6.508000000000000000e+03
6.511000000000000000e+03
6.512000000000000000e+03
6.513000000000000000e+03
6.516000000000000000e+03
6.519000000000000000e+03
6.528000000000000000e+03
6.533000000000000000e+03
6.535000000000000000e+03
6.536000000000000000e+03
6.542000000000000000e+03
6.544000000000000000e+03
6.548000000000000000e+03
6.551000000000000000e+03
6.555000000000000000e+03
6.559000000000000000e+03
6.566000000000000000e+03
6.567000000000000000e+03
6.568000000000000000e+03
6.576000000000000000e+03
6.581000000000000000e+03
6.583000000000000000e+03
6.597000000000000000e+03
6.605000000000000000e+03
6.608000000000000000e+03
6.613000000000000000e+03
6.616000000000000000e+03
6.618000000000000000e+03
6.622000000000000000e+03
6.626000000000000000e+03
6.627000000000000000e+03
6.628000000000000000e+03
6.633000000000000000e+03
6.642000000000000000e+03
6.648000000000000000e+03
6.652000000000000000e+03
6.653000000000000000e+03
6.659000000000000000e+03
6.660000000000000000e+03
6.661000000000000000e+03
6.667000000000000000e+03
6.669000000000000000e+03
6.671000000000000000e+03
6.673000000000000000e+03
6.676000000000000000e+03
6.678000000000000000e+03
6.683000000000000000e+03
6.686000000000000000e+03
6.690000000000000000e+03
6.692000000000000000e+03
6.700000000000000000e+03
6.701000000000000000e+03
6.704000000000000000e+03
6.706000000000000000e+03
6.713000000000000000e+03
6.714000000000000000e+03
6.723000000000000000e+03
6.724000000000000000e+03
6.726000000000000000e+03
6.727000000000000000e+03
6.736000000000000000e+03
6.746000000000000000e+03
6.749000000000000000e+03
6.752000000000000000e+03
6.759000000000000000e+03
6.768000000000000000e+03
6.769000000000000000e+03
6.775000000000000000e+03
6.778000000000000000e+03
6.779000000000000000e+03
6.780000000000000000e+03
6.784000000000000000e+03
6.785000000000000000e+03
6.794000000000000000e+03
6.795000000000000000e+03
6.800000000000000000e+03
6.806000000000000000e+03
6.810000000000000000e+03
6.813000000000000000e+03
6.829000000000000000e+03
6.830000000000000000e+03
6.836000000000000000e+03
6.838000000000000000e+03
6.842000000000000000e+03
6.845000000000000000e+03
6.849000000000000000e+03
6.856000000000000000e+03
6.860000000000000000e+03
6.864000000000000000e+03
6.870000000000000000e+03
6.879000000000000000e+03
6.883000000000000000e+03
6.889000000000000000e+03
6.891000000000000000e+03
6.892000000000000000e+03
6.893000000000000000e+03
6.900000000000000000e+03
6.902000000000000000e+03
6.903000000000000000e+03
6.904000000000000000e+03
6.908000000000000000e+03
6.910000000000000000e+03
6.911000000000000000e+03
6.924000000000000000e+03
6.928000000000000000e+03
6.930000000000000000e+03
6.951000000000000000e+03
6.952000000000000000e+03
6.954000000000000000e+03
6.957000000000000000e+03
6.961000000000000000e+03
6.966000000000000000e+03
6.971000000000000000e+03
6.977000000000000000e+03
6.986000000000000000e+03
6.988000000000000000e+03
6.989000000000000000e+03
6.991000000000000000e+03
6.993000000000000000e+03
7.002000000000000000e+03
7.004000000000000000e+03
7.007000000000000000e+03
7.015000000000000000e+03
7.019000000000000000e+03
7.022000000000000000e+03
7.024000000000000000e+03
7.026000000000000000e+03
7.028000000000000000e+03
7.035000000000000000e+03
7.041000000000000000e+03
7.047000000000000000e+03
7.051000000000000000e+03
7.063000000000000000e+03
7.067000000000000000e+03
7.068000000000000000e+03
7.072000000000000000e+03
7.075000000000000000e+03
7.077000000000000000e+03
7.078000000000000000e+03
7.087000000000000000e+03
7.096000000000000000e+03
7.098000000000000000e+03
7.101000000000000000e+03
7.102000000000000000e+03
7.103000000000000000e+03
7.104000000000000000e+03
7.105000000000000000e+03
7.108000000000000000e+03
7.110000000000000000e+03
7.116000000000000000e+03
7.118000000000000000e+03
7.124000000000000000e+03
7.125000000000000000e+03
7.131000000000000000e+03
7.132000000000000000e+03
7.133000000000000000e+03
7.139000000000000000e+03
7.144000000000000000e+03
7.153000000000000000e+03
7.159000000000000000e+03
7.160000000000000000e+03
7.161000000000000000e+03
7.163000000000000000e+03
7.169000000000000000e+03
7.170000000000000000e+03
7.171000000000000000e+03
7.175000000000000000e+03
7.188000000000000000e+03
7.191000000000000000e+03
7.192000000000000000e+03
7.193000000000000000e+03
7.199000000000000000e+03
7.202000000000000000e+03
7.207000000000000000e+03
7.212000000000000000e+03
7.213000000000000000e+03
7.215000000000000000e+03
7.221000000000000000e+03
7.222000000000000000e+03
7.223000000000000000e+03
7.227000000000000000e+03
7.230000000000000000e+03
7.245000000000000000e+03
7.258000000000000000e+03
7.261000000000000000e+03
7.267000000000000000e+03
7.270000000000000000e+03
7.279000000000000000e+03
7.280000000000000000e+03
7.281000000000000000e+03
7.282000000000000000e+03
7.284000000000000000e+03
7.285000000000000000e+03
7.287000000000000000e+03
7.288000000000000000e+03
7.299000000000000000e+03
7.314000000000000000e+03
7.316000000000000000e+03
7.328000000000000000e+03
7.335000000000000000e+03
7.342000000000000000e+03
7.352000000000000000e+03
7.361000000000000000e+03
7.365000000000000000e+03
7.368000000000000000e+03
7.369000000000000000e+03
7.383000000000000000e+03
7.385000000000000000e+03
7.386000000000000000e+03
7.387000000000000000e+03
7.390000000000000000e+03
7.394000000000000000e+03
7.397000000000000000e+03
7.399000000000000000e+03
7.402000000000000000e+03
7.404000000000000000e+03
7.408000000000000000e+03
7.415000000000000000e+03
7.417000000000000000e+03
7.425000000000000000e+03
7.426000000000000000e+03
7.427000000000000000e+03
7.433000000000000000e+03
7.454000000000000000e+03
7.457000000000000000e+03
7.462000000000000000e+03
7.470000000000000000e+03
7.483000000000000000e+03
7.484000000000000000e+03
7.486000000000000000e+03
7.487000000000000000e+03
7.504000000000000000e+03
7.505000000000000000e+03
7.509000000000000000e+03
7.513000000000000000e+03
7.516000000000000000e+03
7.521000000000000000e+03
7.526000000000000000e+03
7.533000000000000000e+03
7.538000000000000000e+03
7.540000000000000000e+03
7.542000000000000000e+03
7.543000000000000000e+03
7.546000000000000000e+03
7.547000000000000000e+03
7.555000000000000000e+03
7.558000000000000000e+03
7.559000000000000000e+03
7.562000000000000000e+03
7.564000000000000000e+03
7.581000000000000000e+03
7.590000000000000000e+03
7.598000000000000000e+03
7.602000000000000000e+03
7.603000000000000000e+03
7.607000000000000000e+03
7.608000000000000000e+03
7.609000000000000000e+03
7.611000000000000000e+03
7.613000000000000000e+03
7.616000000000000000e+03
7.617000000000000000e+03
7.624000000000000000e+03
7.631000000000000000e+03
7.635000000000000000e+03
7.636000000000000000e+03
7.637000000000000000e+03
7.640000000000000000e+03
7.642000000000000000e+03
7.652000000000000000e+03
7.656000000000000000e+03
7.659000000000000000e+03
7.660000000000000000e+03
7.662000000000000000e+03
7.663000000000000000e+03
7.666000000000000000e+03
7.668000000000000000e+03
7.670000000000000000e+03
7.675000000000000000e+03
7.679000000000000000e+03
7.680000000000000000e+03
7.684000000000000000e+03
7.685000000000000000e+03
7.688000000000000000e+03
7.689000000000000000e+03
7.698000000000000000e+03
7.702000000000000000e+03
7.704000000000000000e+03
7.705000000000000000e+03
7.711000000000000000e+03
7.713000000000000000e+03
7.717000000000000000e+03
7.724000000000000000e+03
7.725000000000000000e+03
7.726000000000000000e+03
7.729000000000000000e+03
7.732000000000000000e+03
7.736000000000000000e+03
7.745000000000000000e+03
7.746000000000000000e+03
7.751000000000000000e+03
7.752000000000000000e+03
7.755000000000000000e+03
7.762000000000000000e+03
7.770000000000000000e+03
7.774000000000000000e+03
7.776000000000000000e+03
7.778000000000000000e+03
7.780000000000000000e+03
7.781000000000000000e+03
7.782000000000000000e+03
7.783000000000000000e+03
7.793000000000000000e+03
7.794000000000000000e+03
7.803000000000000000e+03
7.808000000000000000e+03
7.811000000000000000e+03
7.812000000000000000e+03
7.815000000000000000e+03
7.816000000000000000e+03
7.829000000000000000e+03
7.830000000000000000e+03
7.831000000000000000e+03
7.834000000000000000e+03
7.835000000000000000e+03
7.843000000000000000e+03
7.846000000000000000e+03
7.862000000000000000e+03
7.869000000000000000e+03
7.872000000000000000e+03
7.874000000000000000e+03
7.876000000000000000e+03
7.878000000000000000e+03
7.880000000000000000e+03
7.885000000000000000e+03
7.894000000000000000e+03
7.896000000000000000e+03
7.905000000000000000e+03
7.906000000000000000e+03
7.910000000000000000e+03
7.917000000000000000e+03
7.924000000000000000e+03
7.932000000000000000e+03
7.934000000000000000e+03
7.940000000000000000e+03
7.942000000000000000e+03
7.944000000000000000e+03
7.946000000000000000e+03
7.947000000000000000e+03
7.948000000000000000e+03
7.949000000000000000e+03
7.950000000000000000e+03
7.951000000000000000e+03
7.962000000000000000e+03
7.969000000000000000e+03
7.971000000000000000e+03
7.978000000000000000e+03
7.980000000000000000e+03
7.984000000000000000e+03
7.987000000000000000e+03
7.989000000000000000e+03
7.991000000000000000e+03
7.992000000000000000e+03
7.998000000000000000e+03
8.006000000000000000e+03
8.010000000000000000e+03
8.022000000000000000e+03
8.023000000000000000e+03
8.025000000000000000e+03
8.027000000000000000e+03
8.028000000000000000e+03
8.029000000000000000e+03
8.034000000000000000e+03
8.037000000000000000e+03
8.039000000000000000e+03
8.042000000000000000e+03
8.043000000000000000e+03
8.045000000000000000e+03
8.053000000000000000e+03
8.059000000000000000e+03
8.063000000000000000e+03
8.066000000000000000e+03
8.071000000000000000e+03
8.073000000000000000e+03
8.074000000000000000e+03
8.084000000000000000e+03
8.091000000000000000e+03
8.093000000000000000e+03
8.094000000000000000e+03
8.097000000000000000e+03
8.115000000000000000e+03
8.117000000000000000e+03
8.119000000000000000e+03
8.120000000000000000e+03
8.124000000000000000e+03
8.139000000000000000e+03
8.144000000000000000e+03
8.147000000000000000e+03
8.149000000000000000e+03
8.157000000000000000e+03
8.161000000000000000e+03
8.165000000000000000e+03
8.171000000000000000e+03
8.174000000000000000e+03
8.176000000000000000e+03
8.179000000000000000e+03
8.180000000000000000e+03
8.182000000000000000e+03
8.183000000000000000e+03
8.185000000000000000e+03
8.187000000000000000e+03
8.190000000000000000e+03
8.194000000000000000e+03
8.195000000000000000e+03
8.197000000000000000e+03
8.200000000000000000e+03
8.201000000000000000e+03
8.202000000000000000e+03
8.206000000000000000e+03
8.209000000000000000e+03
8.211000000000000000e+03
8.216000000000000000e+03
8.218000000000000000e+03
8.220000000000000000e+03
8.223000000000000000e+03
8.228000000000000000e+03
8.229000000000000000e+03
8.234000000000000000e+03
8.236000000000000000e+03
8.237000000000000000e+03
8.245000000000000000e+03
8.248000000000000000e+03
8.256000000000000000e+03
8.257000000000000000e+03
8.258000000000000000e+03
8.259000000000000000e+03
8.264000000000000000e+03
8.270000000000000000e+03
8.272000000000000000e+03
8.287000000000000000e+03
8.296000000000000000e+03
8.303000000000000000e+03
8.314000000000000000e+03
8.315000000000000000e+03
8.329000000000000000e+03
8.330000000000000000e+03
8.333000000000000000e+03
8.334000000000000000e+03
8.336000000000000000e+03
8.338000000000000000e+03
8.348000000000000000e+03
8.352000000000000000e+03
8.363000000000000000e+03
8.364000000000000000e+03
8.373000000000000000e+03
8.377000000000000000e+03
8.384000000000000000e+03
8.385000000000000000e+03
8.388000000000000000e+03
8.391000000000000000e+03
8.396000000000000000e+03
8.416000000000000000e+03
8.417000000000000000e+03
8.427000000000000000e+03
8.430000000000000000e+03
8.432000000000000000e+03
8.433000000000000000e+03
8.434000000000000000e+03
8.437000000000000000e+03
8.438000000000000000e+03
8.439000000000000000e+03
8.440000000000000000e+03
8.441000000000000000e+03
8.444000000000000000e+03
8.447000000000000000e+03
8.448000000000000000e+03
8.450000000000000000e+03
8.452000000000000000e+03
8.467000000000000000e+03
8.468000000000000000e+03
8.469000000000000000e+03
8.470000000000000000e+03
8.472000000000000000e+03
8.474000000000000000e+03
8.475000000000000000e+03
8.482000000000000000e+03
8.485000000000000000e+03
8.487000000000000000e+03
8.488000000000000000e+03
8.492000000000000000e+03
8.493000000000000000e+03
8.505000000000000000e+03
8.508000000000000000e+03
8.509000000000000000e+03
8.510000000000000000e+03
8.511000000000000000e+03
8.513000000000000000e+03
8.517000000000000000e+03
8.519000000000000000e+03
8.524000000000000000e+03
8.532000000000000000e+03
8.534000000000000000e+03
8.536000000000000000e+03
8.537000000000000000e+03
8.538000000000000000e+03
8.541000000000000000e+03
8.551000000000000000e+03
8.554000000000000000e+03
8.562000000000000000e+03
8.566000000000000000e+03
8.567000000000000000e+03
8.571000000000000000e+03
8.574000000000000000e+03
8.575000000000000000e+03
8.582000000000000000e+03
8.585000000000000000e+03
8.589000000000000000e+03
8.592000000000000000e+03
8.593000000000000000e+03
8.595000000000000000e+03
8.596000000000000000e+03
8.599000000000000000e+03
8.605000000000000000e+03
8.612000000000000000e+03
8.613000000000000000e+03
8.616000000000000000e+03
8.618000000000000000e+03
8.619000000000000000e+03
8.626000000000000000e+03
8.627000000000000000e+03
8.628000000000000000e+03
8.629000000000000000e+03
8.636000000000000000e+03
8.637000000000000000e+03
8.640000000000000000e+03
8.645000000000000000e+03
8.649000000000000000e+03
8.653000000000000000e+03
8.660000000000000000e+03
8.663000000000000000e+03
8.668000000000000000e+03
8.674000000000000000e+03
8.675000000000000000e+03
8.676000000000000000e+03
8.677000000000000000e+03
8.678000000000000000e+03
8.681000000000000000e+03
8.682000000000000000e+03
8.687000000000000000e+03
8.688000000000000000e+03
8.692000000000000000e+03
8.702000000000000000e+03
8.705000000000000000e+03
8.707000000000000000e+03
8.713000000000000000e+03
8.717000000000000000e+03
8.718000000000000000e+03
8.727000000000000000e+03
8.734000000000000000e+03
8.737000000000000000e+03
8.738000000000000000e+03
8.746000000000000000e+03
8.748000000000000000e+03
8.750000000000000000e+03
8.753000000000000000e+03
8.755000000000000000e+03
8.760000000000000000e+03
8.761000000000000000e+03
8.765000000000000000e+03
8.767000000000000000e+03
8.770000000000000000e+03
8.773000000000000000e+03
8.776000000000000000e+03
8.778000000000000000e+03
8.779000000000000000e+03
8.781000000000000000e+03
8.790000000000000000e+03
8.796000000000000000e+03
8.798000000000000000e+03
8.799000000000000000e+03
8.800000000000000000e+03
8.802000000000000000e+03
8.806000000000000000e+03
8.811000000000000000e+03
8.812000000000000000e+03
8.846000000000000000e+03
8.853000000000000000e+03
8.856000000000000000e+03
8.859000000000000000e+03
8.863000000000000000e+03
8.870000000000000000e+03
8.873000000000000000e+03
8.875000000000000000e+03
8.877000000000000000e+03
8.879000000000000000e+03
8.880000000000000000e+03
8.885000000000000000e+03
8.889000000000000000e+03
8.890000000000000000e+03
8.891000000000000000e+03
8.892000000000000000e+03
8.896000000000000000e+03
8.897000000000000000e+03
8.899000000000000000e+03
8.900000000000000000e+03
8.907000000000000000e+03
8.915000000000000000e+03
8.917000000000000000e+03
8.919000000000000000e+03
8.928000000000000000e+03
8.933000000000000000e+03
8.936000000000000000e+03
8.937000000000000000e+03
8.940000000000000000e+03
8.945000000000000000e+03
8.954000000000000000e+03
8.958000000000000000e+03
8.960000000000000000e+03
8.970000000000000000e+03
8.972000000000000000e+03
8.977000000000000000e+03
8.983000000000000000e+03
8.984000000000000000e+03
8.987000000000000000e+03
8.988000000000000000e+03
8.996000000000000000e+03
9.000000000000000000e+03
9.013000000000000000e+03
9.020000000000000000e+03
9.021000000000000000e+03
9.035000000000000000e+03
9.036000000000000000e+03
9.039000000000000000e+03
9.044000000000000000e+03
9.050000000000000000e+03
9.052000000000000000e+03
9.056000000000000000e+03
9.057000000000000000e+03
9.059000000000000000e+03
9.060000000000000000e+03
9.061000000000000000e+03
9.063000000000000000e+03
9.066000000000000000e+03
9.067000000000000000e+03
9.068000000000000000e+03
9.072000000000000000e+03
9.077000000000000000e+03
9.078000000000000000e+03
9.079000000000000000e+03
9.080000000000000000e+03
9.094000000000000000e+03
9.097000000000000000e+03
9.098000000000000000e+03
9.102000000000000000e+03
9.109000000000000000e+03
9.110000000000000000e+03
9.111000000000000000e+03
9.121000000000000000e+03
9.125000000000000000e+03
9.127000000000000000e+03
9.129000000000000000e+03
9.130000000000000000e+03
9.136000000000000000e+03
9.137000000000000000e+03
9.138000000000000000e+03
9.139000000000000000e+03
9.143000000000000000e+03
9.145000000000000000e+03
9.146000000000000000e+03
9.148000000000000000e+03
9.150000000000000000e+03
9.160000000000000000e+03
9.163000000000000000e+03
9.166000000000000000e+03
9.168000000000000000e+03
9.173000000000000000e+03
9.175000000000000000e+03
9.185000000000000000e+03
9.187000000000000000e+03
9.188000000000000000e+03
9.192000000000000000e+03
9.193000000000000000e+03
9.194000000000000000e+03
9.202000000000000000e+03
9.207000000000000000e+03
9.208000000000000000e+03
9.217000000000000000e+03
9.220000000000000000e+03
9.222000000000000000e+03
9.223000000000000000e+03
9.224000000000000000e+03
9.226000000000000000e+03
9.227000000000000000e+03
9.233000000000000000e+03
9.243000000000000000e+03
9.244000000000000000e+03
9.246000000000000000e+03
9.248000000000000000e+03
9.251000000000000000e+03
9.256000000000000000e+03
9.258000000000000000e+03
9.259000000000000000e+03
9.260000000000000000e+03
9.264000000000000000e+03
9.274000000000000000e+03
9.281000000000000000e+03
9.283000000000000000e+03
9.288000000000000000e+03
9.289000000000000000e+03
9.290000000000000000e+03
9.295000000000000000e+03
9.298000000000000000e+03
9.304000000000000000e+03
9.306000000000000000e+03
9.312000000000000000e+03
9.313000000000000000e+03
9.315000000000000000e+03
9.324000000000000000e+03
9.333000000000000000e+03
9.334000000000000000e+03
9.350000000000000000e+03
9.352000000000000000e+03
9.354000000000000000e+03
9.357000000000000000e+03
9.359000000000000000e+03
9.363000000000000000e+03
9.369000000000000000e+03
9.371000000000000000e+03
9.372000000000000000e+03
9.376000000000000000e+03
9.385000000000000000e+03
9.386000000000000000e+03
9.387000000000000000e+03
9.398000000000000000e+03
9.400000000000000000e+03
9.408000000000000000e+03
9.415000000000000000e+03
9.418000000000000000e+03
9.422000000000000000e+03
9.437000000000000000e+03
9.438000000000000000e+03
9.439000000000000000e+03
9.445000000000000000e+03
9.455000000000000000e+03
9.461000000000000000e+03
9.464000000000000000e+03
9.474000000000000000e+03
9.480000000000000000e+03
9.481000000000000000e+03
9.489000000000000000e+03
9.493000000000000000e+03
9.494000000000000000e+03
9.496000000000000000e+03
9.499000000000000000e+03
9.500000000000000000e+03
9.501000000000000000e+03
9.502000000000000000e+03
9.503000000000000000e+03
9.512000000000000000e+03
9.525000000000000000e+03
9.528000000000000000e+03
9.530000000000000000e+03
9.531000000000000000e+03
9.532000000000000000e+03
9.533000000000000000e+03
9.539000000000000000e+03
9.540000000000000000e+03
9.541000000000000000e+03
9.542000000000000000e+03
9.547000000000000000e+03
9.549000000000000000e+03
9.553000000000000000e+03
9.560000000000000000e+03
9.564000000000000000e+03
9.566000000000000000e+03
9.567000000000000000e+03
9.569000000000000000e+03
9.575000000000000000e+03
9.579000000000000000e+03
9.581000000000000000e+03
9.582000000000000000e+03
9.585000000000000000e+03
9.587000000000000000e+03
9.596000000000000000e+03
9.603000000000000000e+03
9.607000000000000000e+03
9.609000000000000000e+03
9.610000000000000000e+03
9.611000000000000000e+03
9.615000000000000000e+03
9.617000000000000000e+03
9.621000000000000000e+03
9.622000000000000000e+03
9.623000000000000000e+03
9.627000000000000000e+03
9.632000000000000000e+03
9.640000000000000000e+03
9.643000000000000000e+03
9.652000000000000000e+03
9.657000000000000000e+03
9.661000000000000000e+03
9.664000000000000000e+03
9.665000000000000000e+03
9.670000000000000000e+03
9.676000000000000000e+03
9.678000000000000000e+03
9.683000000000000000e+03
9.686000000000000000e+03
9.701000000000000000e+03
9.702000000000000000e+03
9.703000000000000000e+03
9.706000000000000000e+03
9.711000000000000000e+03
9.716000000000000000e+03
9.723000000000000000e+03
9.733000000000000000e+03
9.741000000000000000e+03
9.748000000000000000e+03
9.750000000000000000e+03
9.757000000000000000e+03
9.759000000000000000e+03
9.760000000000000000e+03
9.762000000000000000e+03
9.764000000000000000e+03
9.765000000000000000e+03
9.767000000000000000e+03
9.785000000000000000e+03
9.788000000000000000e+03
9.789000000000000000e+03
9.792000000000000000e+03
9.794000000000000000e+03
9.795000000000000000e+03
9.807000000000000000e+03
9.808000000000000000e+03
9.813000000000000000e+03
9.815000000000000000e+03
9.825000000000000000e+03
9.834000000000000000e+03
9.836000000000000000e+03
9.837000000000000000e+03
9.848000000000000000e+03
9.851000000000000000e+03
9.854000000000000000e+03
9.856000000000000000e+03
9.858000000000000000e+03
9.867000000000000000e+03
9.870000000000000000e+03
9.873000000000000000e+03
9.875000000000000000e+03
9.879000000000000000e+03
9.881000000000000000e+03
9.882000000000000000e+03
9.884000000000000000e+03
9.888000000000000000e+03
9.893000000000000000e+03
9.899000000000000000e+03
9.901000000000000000e+03
9.904000000000000000e+03
9.905000000000000000e+03
9.914000000000000000e+03
9.917000000000000000e+03
9.922000000000000000e+03
9.926000000000000000e+03
9.927000000000000000e+03
9.929000000000000000e+03
9.931000000000000000e+03
9.936000000000000000e+03
9.938000000000000000e+03
9.940000000000000000e+03
9.942000000000000000e+03
9.944000000000000000e+03
9.945000000000000000e+03
9.952000000000000000e+03
9.954000000000000000e+03
9.962000000000000000e+03
9.966000000000000000e+03
9.967000000000000000e+03
9.971000000000000000e+03
9.975000000000000000e+03
9.987000000000000000e+03
9.992000000000000000e+03
9.998000000000000000e+03
