3.128000000000000000e+03
4.162000000000000000e+03
1.700000000000000000e+01
2.200000000000000000e+01
3.900000000000000000e+01
5.500000000000000000e+01
5.800000000000000000e+01
1.140000000000000000e+02
1.220000000000000000e+02
1.300000000000000000e+02
1.500000000000000000e+02
1.810000000000000000e+02
1.950000000000000000e+02
1.960000000000000000e+02
3.170000000000000000e+02
3.210000000000000000e+02
4.530000000000000000e+02
5.500000000000000000e+02
5.530000000000000000e+02
6.190000000000000000e+02
6.420000000000000000e+02
6.970000000000000000e+02
7.120000000000000000e+02
7.130000000000000000e+02
7.460000000000000000e+02
7.920000000000000000e+02
8.140000000000000000e+02
8.150000000000000000e+02
8.270000000000000000e+02
8.630000000000000000e+02
9.080000000000000000e+02
9.970000000000000000e+02
1.008000000000000000e+03
1.058000000000000000e+03
1.064000000000000000e+03
1.080000000000000000e+03
1.134000000000000000e+03
1.144000000000000000e+03
1.146000000000000000e+03
1.191000000000000000e+03
1.230000000000000000e+03
1.353000000000000000e+03
1.379000000000000000e+03
1.408000000000000000e+03
1.416000000000000000e+03
1.441000000000000000e+03
1.454000000000000000e+03
1.494000000000000000e+03
1.530000000000000000e+03
1.568000000000000000e+03
1.602000000000000000e+03
1.630000000000000000e+03
1.645000000000000000e+03
1.672000000000000000e+03
1.688000000000000000e+03
1.714000000000000000e+03
1.731000000000000000e+03
1.742000000000000000e+03
1.743000000000000000e+03
1.767000000000000000e+03
1.774000000000000000e+03
1.797000000000000000e+03
1.801000000000000000e+03
1.808000000000000000e+03
1.823000000000000000e+03
1.829000000000000000e+03
1.830000000000000000e+03
1.859000000000000000e+03
1.869000000000000000e+03
1.872000000000000000e+03
1.881000000000000000e+03
1.891000000000000000e+03
1.892000000000000000e+03
1.897000000000000000e+03
1.898000000000000000e+03
1.902000000000000000e+03
1.912000000000000000e+03
1.915000000000000000e+03
1.918000000000000000e+03
1.921000000000000000e+03
1.938000000000000000e+03
1.940000000000000000e+03
1.971000000000000000e+03
1.975000000000000000e+03
1.984000000000000000e+03
1.991000000000000000e+03
2.033000000000000000e+03
2.038000000000000000e+03
2.040000000000000000e+03
2.041000000000000000e+03
2.063000000000000000e+03
2.068000000000000000e+03
2.081000000000000000e+03
2.088000000000000000e+03
2.107000000000000000e+03
2.111000000000000000e+03
2.115000000000000000e+03
2.184000000000000000e+03
2.188000000000000000e+03
2.215000000000000000e+03
2.235000000000000000e+03
2.237000000000000000e+03
2.240000000000000000e+03
2.244000000000000000e+03
2.262000000000000000e+03
2.266000000000000000e+03
2.268000000000000000e+03
2.284000000000000000e+03
2.297000000000000000e+03
2.299000000000000000e+03
2.300000000000000000e+03
2.303000000000000000e+03
2.304000000000000000e+03
2.306000000000000000e+03
2.312000000000000000e+03
2.373000000000000000e+03
2.381000000000000000e+03
2.405000000000000000e+03
2.419000000000000000e+03
2.421000000000000000e+03
2.447000000000000000e+03
2.453000000000000000e+03
2.463000000000000000e+03
2.468000000000000000e+03
2.471000000000000000e+03
2.479000000000000000e+03
2.495000000000000000e+03
2.499000000000000000e+03
2.502000000000000000e+03
2.521000000000000000e+03
2.528000000000000000e+03
2.533000000000000000e+03
2.541000000000000000e+03
2.547000000000000000e+03
2.550000000000000000e+03
2.553000000000000000e+03
2.577000000000000000e+03
2.579000000000000000e+03
2.583000000000000000e+03
2.614000000000000000e+03
2.619000000000000000e+03
2.625000000000000000e+03
2.652000000000000000e+03
2.655000000000000000e+03
2.665000000000000000e+03
2.673000000000000000e+03
2.684000000000000000e+03
2.689000000000000000e+03
2.691000000000000000e+03
2.700000000000000000e+03
2.701000000000000000e+03
2.706000000000000000e+03
2.717000000000000000e+03
2.725000000000000000e+03
2.742000000000000000e+03
2.743000000000000000e+03
2.771000000000000000e+03
2.813000000000000000e+03
2.817000000000000000e+03
2.840000000000000000e+03
2.845000000000000000e+03
2.851000000000000000e+03
2.857000000000000000e+03
2.858000000000000000e+03
2.862000000000000000e+03
2.863000000000000000e+03
2.868000000000000000e+03
2.876000000000000000e+03
2.883000000000000000e+03
2.884000000000000000e+03
2.907000000000000000e+03
2.908000000000000000e+03
2.931000000000000000e+03
2.933000000000000000e+03
2.940000000000000000e+03
2.942000000000000000e+03
2.943000000000000000e+03
2.946000000000000000e+03
2.949000000000000000e+03
2.951000000000000000e+03
2.955000000000000000e+03
2.974000000000000000e+03
2.975000000000000000e+03
2.977000000000000000e+03
2.983000000000000000e+03
2.987000000000000000e+03
2.988000000000000000e+03
3.001000000000000000e+03
3.011000000000000000e+03
3.015000000000000000e+03
3.022000000000000000e+03
3.024000000000000000e+03
3.056000000000000000e+03
3.068000000000000000e+03
3.083000000000000000e+03
3.095000000000000000e+03
3.098000000000000000e+03
3.107000000000000000e+03
3.112000000000000000e+03
3.119000000000000000e+03
3.139000000000000000e+03
3.144000000000000000e+03
3.147000000000000000e+03
3.157000000000000000e+03
3.158000000000000000e+03
3.163000000000000000e+03
3.177000000000000000e+03
3.178000000000000000e+03
3.181000000000000000e+03
3.185000000000000000e+03
3.205000000000000000e+03
3.212000000000000000e+03
3.217000000000000000e+03
3.219000000000000000e+03
3.224000000000000000e+03
3.229000000000000000e+03
3.230000000000000000e+03
3.234000000000000000e+03
3.242000000000000000e+03
3.244000000000000000e+03
3.248000000000000000e+03
3.251000000000000000e+03
3.261000000000000000e+03
3.264000000000000000e+03
3.292000000000000000e+03
3.295000000000000000e+03
3.307000000000000000e+03
3.309000000000000000e+03
3.310000000000000000e+03
3.311000000000000000e+03
3.315000000000000000e+03
3.325000000000000000e+03
3.327000000000000000e+03
3.333000000000000000e+03
3.341000000000000000e+03
3.345000000000000000e+03
3.353000000000000000e+03
3.373000000000000000e+03
3.374000000000000000e+03
3.419000000000000000e+03
3.422000000000000000e+03
3.430000000000000000e+03
3.437000000000000000e+03
3.452000000000000000e+03
3.453000000000000000e+03
3.463000000000000000e+03
3.467000000000000000e+03
3.474000000000000000e+03
3.476000000000000000e+03
3.477000000000000000e+03
3.482000000000000000e+03
3.485000000000000000e+03
3.486000000000000000e+03
3.491000000000000000e+03
3.495000000000000000e+03
3.499000000000000000e+03
3.501000000000000000e+03
3.516000000000000000e+03
3.517000000000000000e+03
3.520000000000000000e+03
3.522000000000000000e+03
3.541000000000000000e+03
3.544000000000000000e+03
3.557000000000000000e+03
3.561000000000000000e+03
3.601000000000000000e+03
3.603000000000000000e+03
3.609000000000000000e+03
3.622000000000000000e+03
3.633000000000000000e+03
3.646000000000000000e+03
3.648000000000000000e+03
3.651000000000000000e+03
3.652000000000000000e+03
3.670000000000000000e+03
3.688000000000000000e+03
3.706000000000000000e+03
3.715000000000000000e+03
3.723000000000000000e+03
3.740000000000000000e+03
3.761000000000000000e+03
3.785000000000000000e+03
3.788000000000000000e+03
3.791000000000000000e+03
3.794000000000000000e+03
3.812000000000000000e+03
3.813000000000000000e+03
3.816000000000000000e+03
3.820000000000000000e+03
3.821000000000000000e+03
3.823000000000000000e+03
3.824000000000000000e+03
3.825000000000000000e+03
3.835000000000000000e+03
3.847000000000000000e+03
3.848000000000000000e+03
3.856000000000000000e+03
3.870000000000000000e+03
3.874000000000000000e+03
3.877000000000000000e+03
3.883000000000000000e+03
3.889000000000000000e+03
3.890000000000000000e+03
3.909000000000000000e+03
3.912000000000000000e+03
3.915000000000000000e+03
3.922000000000000000e+03
3.929000000000000000e+03
3.958000000000000000e+03
3.960000000000000000e+03
3.961000000000000000e+03
3.972000000000000000e+03
3.974000000000000000e+03
3.992000000000000000e+03
4.008000000000000000e+03
4.016000000000000000e+03
4.024000000000000000e+03
4.027000000000000000e+03
4.031000000000000000e+03
4.041000000000000000e+03
4.052000000000000000e+03
4.069000000000000000e+03
4.080000000000000000e+03
4.084000000000000000e+03
4.093000000000000000e+03
4.095000000000000000e+03
4.096000000000000000e+03
4.103000000000000000e+03
4.111000000000000000e+03
4.114000000000000000e+03
4.115000000000000000e+03
4.118000000000000000e+03
4.121000000000000000e+03
4.123000000000000000e+03
4.132000000000000000e+03
4.146000000000000000e+03
4.153000000000000000e+03
4.161000000000000000e+03
4.169000000000000000e+03
4.172000000000000000e+03
4.173000000000000000e+03
4.174000000000000000e+03
4.185000000000000000e+03
4.189000000000000000e+03
4.196000000000000000e+03
4.203000000000000000e+03
4.207000000000000000e+03
4.209000000000000000e+03
4.213000000000000000e+03
4.231000000000000000e+03
4.233000000000000000e+03
4.234000000000000000e+03
4.241000000000000000e+03
4.244000000000000000e+03
4.246000000000000000e+03
4.252000000000000000e+03
4.254000000000000000e+03
4.257000000000000000e+03
4.259000000000000000e+03
4.260000000000000000e+03
4.263000000000000000e+03
4.269000000000000000e+03
4.270000000000000000e+03
4.274000000000000000e+03
4.280000000000000000e+03
4.287000000000000000e+03
4.295000000000000000e+03
4.300000000000000000e+03
4.315000000000000000e+03
4.323000000000000000e+03
4.336000000000000000e+03
4.342000000000000000e+03
4.359000000000000000e+03
4.362000000000000000e+03
4.364000000000000000e+03
4.365000000000000000e+03
4.377000000000000000e+03
4.383000000000000000e+03
4.384000000000000000e+03
4.387000000000000000e+03
4.388000000000000000e+03
4.399000000000000000e+03
4.413000000000000000e+03
4.414000000000000000e+03
4.423000000000000000e+03
4.424000000000000000e+03
4.443000000000000000e+03
4.500000000000000000e+03
4.504000000000000000e+03
4.533000000000000000e+03
4.535000000000000000e+03
4.544000000000000000e+03
4.548000000000000000e+03
4.558000000000000000e+03
4.586000000000000000e+03
4.600000000000000000e+03
4.606000000000000000e+03
4.607000000000000000e+03
4.618000000000000000e+03
4.620000000000000000e+03
4.668000000000000000e+03
4.671000000000000000e+03
4.673000000000000000e+03
4.685000000000000000e+03
4.687000000000000000e+03
4.726000000000000000e+03
4.728000000000000000e+03
4.739000000000000000e+03
4.776000000000000000e+03
4.777000000000000000e+03
4.789000000000000000e+03
4.791000000000000000e+03
4.796000000000000000e+03
4.799000000000000000e+03
4.808000000000000000e+03
4.815000000000000000e+03
4.819000000000000000e+03
4.837000000000000000e+03
4.858000000000000000e+03
4.874000000000000000e+03
4.922000000000000000e+03
4.938000000000000000e+03
4.950000000000000000e+03
4.955000000000000000e+03
5.010000000000000000e+03
5.038000000000000000e+03
5.044000000000000000e+03
5.045000000000000000e+03
5.073000000000000000e+03
5.093000000000000000e+03
5.094000000000000000e+03
5.106000000000000000e+03
5.147000000000000000e+03
5.156000000000000000e+03
5.159000000000000000e+03
5.163000000000000000e+03
5.187000000000000000e+03
5.229000000000000000e+03
5.235000000000000000e+03
5.241000000000000000e+03
5.260000000000000000e+03
5.278000000000000000e+03
5.281000000000000000e+03
5.293000000000000000e+03
5.296000000000000000e+03
5.321000000000000000e+03
5.330000000000000000e+03
5.333000000000000000e+03
5.335000000000000000e+03
5.336000000000000000e+03
5.340000000000000000e+03
5.349000000000000000e+03
5.352000000000000000e+03
5.388000000000000000e+03
5.395000000000000000e+03
5.406000000000000000e+03
5.411000000000000000e+03
5.417000000000000000e+03
5.446000000000000000e+03
5.455000000000000000e+03
5.461000000000000000e+03
5.463000000000000000e+03
5.504000000000000000e+03
5.517000000000000000e+03
5.530000000000000000e+03
5.553000000000000000e+03
5.566000000000000000e+03
5.576000000000000000e+03
5.589000000000000000e+03
5.606000000000000000e+03
5.609000000000000000e+03
5.613000000000000000e+03
5.616000000000000000e+03
5.618000000000000000e+03
5.623000000000000000e+03
5.626000000000000000e+03
5.650000000000000000e+03
5.691000000000000000e+03
5.692000000000000000e+03
5.694000000000000000e+03
5.698000000000000000e+03
5.702000000000000000e+03
5.710000000000000000e+03
5.712000000000000000e+03
5.717000000000000000e+03
5.726000000000000000e+03
5.731000000000000000e+03
5.738000000000000000e+03
5.743000000000000000e+03
5.768000000000000000e+03
5.786000000000000000e+03
5.791000000000000000e+03
5.797000000000000000e+03
5.802000000000000000e+03
5.818000000000000000e+03
5.821000000000000000e+03
5.823000000000000000e+03
5.863000000000000000e+03
5.868000000000000000e+03
5.876000000000000000e+03
5.877000000000000000e+03
5.884000000000000000e+03
5.895000000000000000e+03
5.899000000000000000e+03
5.904000000000000000e+03
5.909000000000000000e+03
5.920000000000000000e+03
5.923000000000000000e+03
5.927000000000000000e+03
5.944000000000000000e+03
5.965000000000000000e+03
