9.020000000000000000e+02
6.580000000000000000e+02
4.860000000000000000e+02
9.780000000000000000e+02
1.245000000000000000e+03
3.870000000000000000e+02
8.230000000000000000e+02
7.440000000000000000e+02
3.760000000000000000e+02
8.160000000000000000e+02
2.850000000000000000e+02
7.430000000000000000e+02
1.760000000000000000e+03
6.840000000000000000e+02
1.422000000000000000e+03
1.458000000000000000e+03
1.522000000000000000e+03
1.244000000000000000e+03
8.030000000000000000e+02
1.824000000000000000e+03
8.860000000000000000e+02
8.000000000000000000e+02
1.559000000000000000e+03
8.830000000000000000e+02
8.200000000000000000e+01
1.364000000000000000e+03
2.123000000000000000e+03
1.482000000000000000e+03
2.366000000000000000e+03
1.704000000000000000e+03
1.362000000000000000e+03
7.710000000000000000e+02
2.369000000000000000e+03
3.840000000000000000e+02
2.245000000000000000e+03
1.643000000000000000e+03
7.650000000000000000e+02
5.610000000000000000e+02
8.630000000000000000e+02
1.483000000000000000e+03
1.820000000000000000e+03
1.184000000000000000e+03
8.770000000000000000e+02
2.217000000000000000e+03
1.459000000000000000e+03
9.420000000000000000e+02
2.125000000000000000e+03
1.583000000000000000e+03
1.071000000000000000e+03
8.040000000000000000e+02
