7.768000000000000000e+03
7.335000000000000000e+03
9.065000000000000000e+03
7.950000000000000000e+03
1.277000000000000000e+03
9.582000000000000000e+03
1.012600000000000000e+04
5.140000000000000000e+03
1.054000000000000000e+03
7.718000000000000000e+03
3.943000000000000000e+03
7.914000000000000000e+03
2.211000000000000000e+03
5.967000000000000000e+03
9.261000000000000000e+03
9.720000000000000000e+02
4.706000000000000000e+03
2.934000000000000000e+03
2.013000000000000000e+03
3.417000000000000000e+03
8.463000000000000000e+03
3.416000000000000000e+03
6.926000000000000000e+03
3.580000000000000000e+03
6.590000000000000000e+02
3.935000000000000000e+03
9.067000000000000000e+03
4.801000000000000000e+03
3.247000000000000000e+03
5.374000000000000000e+03
1.500000000000000000e+03
9.840000000000000000e+02
1.073900000000000000e+04
7.171000000000000000e+03
5.966000000000000000e+03
3.981000000000000000e+03
8.550000000000000000e+02
2.159000000000000000e+03
6.322000000000000000e+03
1.057700000000000000e+04
1.040800000000000000e+04
5.786000000000000000e+03
1.051700000000000000e+04
7.087000000000000000e+03
6.481000000000000000e+03
2.110000000000000000e+02
2.155000000000000000e+03
1.560000000000000000e+03
7.999000000000000000e+03
8.950000000000000000e+03
