6.966000000000000000e+03
4.370000000000000000e+02
3.797000000000000000e+03
8.673000000000000000e+03
7.815000000000000000e+03
5.210000000000000000e+03
5.687000000000000000e+03
7.668000000000000000e+03
8.051000000000000000e+03
5.099000000000000000e+03
8.001000000000000000e+03
4.236000000000000000e+03
5.662000000000000000e+03
8.793000000000000000e+03
7.030000000000000000e+03
7.773000000000000000e+03
7.878000000000000000e+03
7.442000000000000000e+03
8.388000000000000000e+03
8.778000000000000000e+03
8.002000000000000000e+03
4.227000000000000000e+03
5.209000000000000000e+03
8.055000000000000000e+03
4.529000000000000000e+03
5.427000000000000000e+03
5.577000000000000000e+03
2.060000000000000000e+03
3.893000000000000000e+03
5.239000000000000000e+03
4.124000000000000000e+03
9.019000000000000000e+03
6.358000000000000000e+03
2.448000000000000000e+03
8.004000000000000000e+03
5.205000000000000000e+03
8.786000000000000000e+03
5.550000000000000000e+03
6.694000000000000000e+03
8.053000000000000000e+03
5.098000000000000000e+03
7.666000000000000000e+03
4.451000000000000000e+03
7.884000000000000000e+03
3.015000000000000000e+03
8.894000000000000000e+03
5.900000000000000000e+03
7.703000000000000000e+03
1.163000000000000000e+03
5.348000000000000000e+03
