3.527000000000000000e+03
2.865000000000000000e+03
5.691000000000000000e+03
3.916000000000000000e+03
4.815000000000000000e+03
1.695000000000000000e+03
5.542000000000000000e+03
3.119000000000000000e+03
5.656000000000000000e+03
1.661000000000000000e+03
1.344000000000000000e+03
2.927000000000000000e+03
4.869000000000000000e+03
5.570000000000000000e+02
3.475000000000000000e+03
4.786000000000000000e+03
4.727000000000000000e+03
4.057000000000000000e+03
1.767000000000000000e+03
5.272000000000000000e+03
3.363000000000000000e+03
2.976000000000000000e+03
3.544000000000000000e+03
3.196000000000000000e+03
3.790000000000000000e+03
2.858000000000000000e+03
4.438000000000000000e+03
4.724000000000000000e+03
2.860000000000000000e+02
2.793000000000000000e+03
6.800000000000000000e+02
9.710000000000000000e+02
3.408000000000000000e+03
2.898000000000000000e+03
7.250000000000000000e+02
1.390000000000000000e+03
2.590000000000000000e+02
2.115000000000000000e+03
3.634000000000000000e+03
5.131000000000000000e+03
2.501000000000000000e+03
3.926000000000000000e+03
3.777000000000000000e+03
5.383000000000000000e+03
5.710000000000000000e+03
2.028000000000000000e+03
1.766000000000000000e+03
2.578000000000000000e+03
5.202000000000000000e+03
2.600000000000000000e+02
