3.527000000000000000e+03
5.246000000000000000e+03
3.456000000000000000e+03
4.472000000000000000e+03
4.600000000000000000e+01
2.040000000000000000e+02
1.370000000000000000e+03
1.355000000000000000e+03
1.344000000000000000e+03
3.926000000000000000e+03
5.272000000000000000e+03
4.057000000000000000e+03
1.580000000000000000e+03
4.538000000000000000e+03
3.889000000000000000e+03
4.931000000000000000e+03
3.196000000000000000e+03
3.237000000000000000e+03
3.544000000000000000e+03
1.793000000000000000e+03
5.542000000000000000e+03
2.976000000000000000e+03
2.590000000000000000e+02
4.087000000000000000e+03
3.634000000000000000e+03
4.438000000000000000e+03
4.816000000000000000e+03
1.151000000000000000e+03
2.982000000000000000e+03
2.501000000000000000e+03
5.570000000000000000e+02
9.500000000000000000e+02
4.819000000000000000e+03
2.772000000000000000e+03
3.283000000000000000e+03
3.916000000000000000e+03
3.133000000000000000e+03
5.000000000000000000e+03
4.786000000000000000e+03
2.208000000000000000e+03
2.858000000000000000e+03
5.383000000000000000e+03
1.390000000000000000e+03
5.317000000000000000e+03
1.695000000000000000e+03
5.042000000000000000e+03
8.730000000000000000e+02
4.869000000000000000e+03
2.898000000000000000e+03
3.363000000000000000e+03
