1.120100000000000000e+04
6.030000000000000000e+03
9.052000000000000000e+03
3.248000000000000000e+03
1.804000000000000000e+03
1.188800000000000000e+04
4.965000000000000000e+03
1.700000000000000000e+03
1.188600000000000000e+04
3.308000000000000000e+03
1.659000000000000000e+03
4.710000000000000000e+03
9.552000000000000000e+03
1.060100000000000000e+04
8.091000000000000000e+03
6.218000000000000000e+03
1.214400000000000000e+04
1.017800000000000000e+04
1.191800000000000000e+04
5.826000000000000000e+03
4.288000000000000000e+03
7.110000000000000000e+03
7.492000000000000000e+03
7.737000000000000000e+03
6.445000000000000000e+03
8.210000000000000000e+02
5.244000000000000000e+03
1.110200000000000000e+04
9.781000000000000000e+03
1.800000000000000000e+02
7.111000000000000000e+03
5.475000000000000000e+03
3.563000000000000000e+03
1.999000000000000000e+03
1.003700000000000000e+04
3.662000000000000000e+03
2.010000000000000000e+03
4.644000000000000000e+03
1.776000000000000000e+03
4.134000000000000000e+03
4.228000000000000000e+03
3.633000000000000000e+03
1.166100000000000000e+04
1.133600000000000000e+04
1.251000000000000000e+04
2.663000000000000000e+03
2.523000000000000000e+03
9.368000000000000000e+03
6.490000000000000000e+02
8.890000000000000000e+03
