6.000000000000000000e+01
1.130000000000000000e+02
2.480000000000000000e+02
6.900000000000000000e+01
1.500000000000000000e+01
2.990000000000000000e+02
1.800000000000000000e+01
3.800000000000000000e+01
6.200000000000000000e+01
2.100000000000000000e+01
2.170000000000000000e+02
2.310000000000000000e+02
3.100000000000000000e+02
4.150000000000000000e+02
8.900000000000000000e+01
3.200000000000000000e+01
1.620000000000000000e+02
6.300000000000000000e+01
1.960000000000000000e+02
1.210000000000000000e+02
2.400000000000000000e+01
1.220000000000000000e+02
2.530000000000000000e+02
8.300000000000000000e+01
2.510000000000000000e+02
4.090000000000000000e+02
3.400000000000000000e+01
1.200000000000000000e+01
8.100000000000000000e+01
2.610000000000000000e+02
7.100000000000000000e+01
2.420000000000000000e+02
5.900000000000000000e+01
6.500000000000000000e+01
1.000000000000000000e+00
2.050000000000000000e+02
2.570000000000000000e+02
1.530000000000000000e+02
2.840000000000000000e+02
2.680000000000000000e+02
3.300000000000000000e+02
2.780000000000000000e+02
3.040000000000000000e+02
4.180000000000000000e+02
7.900000000000000000e+01
2.850000000000000000e+02
3.720000000000000000e+02
1.680000000000000000e+02
3.000000000000000000e+01
3.300000000000000000e+01
