1.082000000000000000e+03
1.926000000000000000e+03
5.980000000000000000e+02
1.996000000000000000e+03
1.610000000000000000e+03
1.383000000000000000e+03
1.581000000000000000e+03
2.172000000000000000e+03
1.194000000000000000e+03
4.860000000000000000e+02
1.758000000000000000e+03
4.960000000000000000e+02
7.230000000000000000e+02
4.190000000000000000e+02
8.020000000000000000e+02
1.263000000000000000e+03
1.077000000000000000e+03
1.517000000000000000e+03
1.189000000000000000e+03
8.630000000000000000e+02
1.760000000000000000e+03
1.859000000000000000e+03
5.450000000000000000e+02
7.440000000000000000e+02
9.620000000000000000e+02
7.110000000000000000e+02
8.000000000000000000e+02
7.970000000000000000e+02
5.360000000000000000e+02
2.056000000000000000e+03
1.522000000000000000e+03
7.240000000000000000e+02
1.878000000000000000e+03
7.430000000000000000e+02
1.422000000000000000e+03
9.020000000000000000e+02
7.360000000000000000e+02
2.097000000000000000e+03
1.245000000000000000e+03
1.876000000000000000e+03
1.640000000000000000e+03
1.622000000000000000e+03
1.188000000000000000e+03
2.366000000000000000e+03
1.458000000000000000e+03
1.643000000000000000e+03
1.866000000000000000e+03
1.791000000000000000e+03
4.760000000000000000e+02
1.938000000000000000e+03
