[73, 452, 471, 515, 609, 509, 411]
[73, 518, 475, 371, 565, 306]
[73, 583, 570, 518, 440, 219, 0]
[73, 396, 583, 441, 603, 296, 2]
[73, 394, 187, 517, 592, 610, 543, 0]
[73, 415, 534, 513, 486, 372, 13]
[73, 415, 516, 193, 431, 225, 30]
[73, 362, 527, 293, 439, 370, 0]
[73, 417, 174, 566, 220, 12]
[73, 213, 9, 554, 571, 6]
[73, 395, 69, 576, 362, 1]
[73, 395, 393, 575, 431, 97]
[73, 175, 549, 168, 371, 193, 4]
[73, 107, 142, 181, 535, 155]
[73, 371, 204, 182, 139, 10]
[73, 131, 208, 126, 271, 247, 0]
[73, 143, 549, 537, 612, 337, 196]
[73, 395, 147, 196, 428, 205]
[73, 184, 395, 332, 339]
[73, 172, 214, 473, 502, 63]
[73, 412, 596, 177, 567, 7]
[73, 487, 527, 411, 576, 361, 194]
[73, 458, 332, 511, 576, 439, 1]
[73, 479, 480, 612, 223, 502]
[73, 432, 519, 591, 481, 181, 1]
[73, 144, 199, 369, 208, 431]