[896, 662, 107]
[896, 711, 272, 0]
[896, 362, 286]
[896, 551, 658, 703]
[896, 529, 676, 10]
[896, 571, 625, 0]
[896, 205, 394, 9]
[896, 584, 694, 0]
[896, 26, 479, 0]
[896, 235, 178, 28, 10]
[896, 197, 472, 94]
[896, 868, 120, 32]
[896, 836, 538, 3]
[896, 619, 110, 627, 4]
[896, 211, 816, 42]
[896, 876, 6]
[896, 806, 221, 0]
[896, 599, 195, 345]
[896, 372, 200, 3]
[896, 511, 632, 429]
[896, 415, 5, 519]
[896, 452, 393, 132]
[896, 453, 72]
[896, 98, 480, 72]
[896, 171]
[896, 260, 1017, 110]
[896, 923, 270]
[896, 823, 499, 3]
[896, 761, 893, 3]
[896, 427, 455, 84]
[896, 895, 167, 382, 239]
[896, 858, 41, 1]
[384, 608, 113, 1]
[896, 425, 226, 220, 47]
[896, 788, 172, 594]
[896, 70, 226, 6]
[896, 257, 663, 4]
[896, 336, 11]
[896, 464, 532, 14]
[896, 462, 14]