6.427000000000000000e+03
5.004000000000000000e+03
1.054000000000000000e+03
2.636000000000000000e+03
6.401000000000000000e+03
7.800000000000000000e+03
6.294000000000000000e+03
2.831000000000000000e+03
6.501000000000000000e+03
9.995000000000000000e+03
5.000000000000000000e+00
9.981000000000000000e+03
2.923000000000000000e+03
9.322000000000000000e+03
9.178000000000000000e+03
2.529000000000000000e+03
8.606000000000000000e+03
4.808000000000000000e+03
5.248000000000000000e+03
7.135000000000000000e+03
6.636000000000000000e+03
8.486000000000000000e+03
9.923000000000000000e+03
9.487000000000000000e+03
2.603000000000000000e+03
2.749000000000000000e+03
1.353000000000000000e+03
2.184000000000000000e+03
1.108000000000000000e+03
5.630000000000000000e+03
7.664000000000000000e+03
7.224000000000000000e+03
6.442000000000000000e+03
9.548000000000000000e+03
9.087000000000000000e+03
4.252000000000000000e+03
8.498000000000000000e+03
5.530000000000000000e+02
2.567000000000000000e+03
4.021000000000000000e+03
3.274000000000000000e+03
2.904000000000000000e+03
5.023000000000000000e+03
9.388000000000000000e+03
2.300000000000000000e+02
9.368000000000000000e+03
1.000000000000000000e+03
5.547000000000000000e+03
8.939000000000000000e+03
3.121000000000000000e+03
