1.870000000000000000e+03
9.750000000000000000e+02
3.729000000000000000e+03
9.540000000000000000e+02
1.214000000000000000e+03
1.868000000000000000e+03
2.847000000000000000e+03
3.959000000000000000e+03
1.498000000000000000e+03
6.360000000000000000e+02
3.786000000000000000e+03
3.759000000000000000e+03
3.454000000000000000e+03
3.962000000000000000e+03
2.554000000000000000e+03
9.950000000000000000e+02
4.432000000000000000e+03
5.190000000000000000e+02
4.368000000000000000e+03
4.230000000000000000e+03
1.488000000000000000e+03
9.620000000000000000e+02
1.290000000000000000e+02
3.166000000000000000e+03
1.100000000000000000e+02
2.030000000000000000e+02
2.429000000000000000e+03
3.521000000000000000e+03
4.560000000000000000e+02
3.512000000000000000e+03
7.970000000000000000e+02
3.775000000000000000e+03
2.165000000000000000e+03
2.026000000000000000e+03
1.650000000000000000e+03
2.100000000000000000e+01
1.075000000000000000e+03
4.300000000000000000e+03
4.187000000000000000e+03
3.902000000000000000e+03
4.420000000000000000e+03
1.053000000000000000e+03
3.033000000000000000e+03
3.975000000000000000e+03
2.828000000000000000e+03
2.502000000000000000e+03
1.767000000000000000e+03
2.105000000000000000e+03
4.010000000000000000e+03
2.155000000000000000e+03
