8.960000000000000000e+02
6.900000000000000000e+01
5.280000000000000000e+02
4.240000000000000000e+02
9.850000000000000000e+02
3.000000000000000000e+00
1.230000000000000000e+02
5.370000000000000000e+02
3.750000000000000000e+02
5.840000000000000000e+02
4.560000000000000000e+02
1.100000000000000000e+01
6.010000000000000000e+02
3.430000000000000000e+02
6.160000000000000000e+02
7.000000000000000000e+00
5.340000000000000000e+02
4.070000000000000000e+02
1.700000000000000000e+01
5.850000000000000000e+02
4.550000000000000000e+02
4.720000000000000000e+02
6.630000000000000000e+02
4.730000000000000000e+02
4.000000000000000000e+00
7.240000000000000000e+02
4.660000000000000000e+02
2.320000000000000000e+02
5.030000000000000000e+02
2.000000000000000000e+01
4.210000000000000000e+02
4.080000000000000000e+02
6.000000000000000000e+00
5.690000000000000000e+02
6.300000000000000000e+02
1.240000000000000000e+02
9.590000000000000000e+02
4.710000000000000000e+02
3.110000000000000000e+02
9.930000000000000000e+02
2.000000000000000000e+00
3.280000000000000000e+02
1.200000000000000000e+01
7.270000000000000000e+02
5.050000000000000000e+02
2.200000000000000000e+01
6.450000000000000000e+02
6.480000000000000000e+02
5.350000000000000000e+02
4.650000000000000000e+02
