2.250000000000000000e+02
7.287000000000000000e+03
4.160000000000000000e+02
6.465000000000000000e+03
2.625000000000000000e+03
8.001000000000000000e+03
7.938000000000000000e+03
4.452000000000000000e+03
5.120000000000000000e+02
7.815000000000000000e+03
5.099000000000000000e+03
6.358000000000000000e+03
8.051000000000000000e+03
5.550000000000000000e+03
8.784000000000000000e+03
4.236000000000000000e+03
5.215000000000000000e+03
2.849000000000000000e+03
4.640000000000000000e+03
5.572000000000000000e+03
7.999000000000000000e+03
5.210000000000000000e+03
8.164000000000000000e+03
7.668000000000000000e+03
4.114000000000000000e+03
7.986000000000000000e+03
5.348000000000000000e+03
1.163000000000000000e+03
4.124000000000000000e+03
5.438000000000000000e+03
7.444000000000000000e+03
5.098000000000000000e+03
3.352000000000000000e+03
7.884000000000000000e+03
8.130000000000000000e+03
8.002000000000000000e+03
5.899000000000000000e+03
7.878000000000000000e+03
4.228000000000000000e+03
8.055000000000000000e+03
5.237000000000000000e+03
8.799000000000000000e+03
8.673000000000000000e+03
5.774000000000000000e+03
5.243000000000000000e+03
4.529000000000000000e+03
8.276000000000000000e+03
4.878000000000000000e+03
7.441000000000000000e+03
5.352000000000000000e+03
