2.710000000000000000e+03
3.921000000000000000e+03
4.959000000000000000e+03
3.484000000000000000e+03
5.285000000000000000e+03
5.385000000000000000e+03
5.875000000000000000e+03
2.990000000000000000e+02
6.250000000000000000e+02
2.090000000000000000e+02
4.746000000000000000e+03
8.870000000000000000e+02
5.128000000000000000e+03
1.774000000000000000e+03
5.246000000000000000e+03
5.915000000000000000e+03
5.571000000000000000e+03
2.231000000000000000e+03
3.397000000000000000e+03
1.837000000000000000e+03
4.352000000000000000e+03
4.292000000000000000e+03
3.891000000000000000e+03
2.433000000000000000e+03
3.715000000000000000e+03
5.062000000000000000e+03
4.926000000000000000e+03
6.030000000000000000e+02
3.083000000000000000e+03
3.474000000000000000e+03
1.701000000000000000e+03
1.113000000000000000e+03
2.084000000000000000e+03
1.654000000000000000e+03
1.677000000000000000e+03
5.510000000000000000e+03
3.084000000000000000e+03
4.709000000000000000e+03
9.200000000000000000e+02
3.853000000000000000e+03
5.679000000000000000e+03
2.450000000000000000e+02
4.483000000000000000e+03
2.188000000000000000e+03
5.049000000000000000e+03
8.400000000000000000e+01
5.760000000000000000e+02
1.715000000000000000e+03
1.283000000000000000e+03
5.182000000000000000e+03
