3.280000000000000000e+02
2.050000000000000000e+02
4.900000000000000000e+01
1.620000000000000000e+02
9.200000000000000000e+01
1.500000000000000000e+01
3.870000000000000000e+02
3.930000000000000000e+02
2.660000000000000000e+02
2.640000000000000000e+02
3.140000000000000000e+02
3.780000000000000000e+02
1.090000000000000000e+02
4.110000000000000000e+02
4.430000000000000000e+02
9.300000000000000000e+01
1.220000000000000000e+02
6.000000000000000000e+00
4.540000000000000000e+02
1.410000000000000000e+02
3.060000000000000000e+02
3.120000000000000000e+02
2.590000000000000000e+02
4.450000000000000000e+02
2.720000000000000000e+02
1.420000000000000000e+02
1.880000000000000000e+02
1.840000000000000000e+02
3.840000000000000000e+02
3.900000000000000000e+01
1.320000000000000000e+02
3.970000000000000000e+02
1.560000000000000000e+02
3.000000000000000000e+01
2.710000000000000000e+02
9.400000000000000000e+01
1.030000000000000000e+02
1.120000000000000000e+02
4.000000000000000000e+00
8.700000000000000000e+01
9.900000000000000000e+01
1.100000000000000000e+02
1.400000000000000000e+01
1.130000000000000000e+02
2.370000000000000000e+02
2.900000000000000000e+02
1.460000000000000000e+02
3.790000000000000000e+02
8.100000000000000000e+01
3.490000000000000000e+02
