1.365000000000000000e+03
2.865000000000000000e+03
2.095000000000000000e+03
5.068000000000000000e+03
7.540000000000000000e+02
1.612000000000000000e+03
2.713000000000000000e+03
3.678000000000000000e+03
2.960000000000000000e+02
5.098000000000000000e+03
3.372000000000000000e+03
3.196000000000000000e+03
2.773000000000000000e+03
5.542000000000000000e+03
2.318000000000000000e+03
4.857000000000000000e+03
2.789000000000000000e+03
3.237000000000000000e+03
2.075000000000000000e+03
2.772000000000000000e+03
3.463000000000000000e+03
1.725000000000000000e+03
1.428000000000000000e+03
3.119000000000000000e+03
1.344000000000000000e+03
1.580000000000000000e+03
4.845000000000000000e+03
2.487000000000000000e+03
1.355000000000000000e+03
4.180000000000000000e+03
4.957000000000000000e+03
4.546000000000000000e+03
5.704000000000000000e+03
2.600000000000000000e+02
1.189000000000000000e+03
2.115000000000000000e+03
2.501000000000000000e+03
1.767000000000000000e+03
4.860000000000000000e+02
4.230000000000000000e+02
5.585000000000000000e+03
3.383000000000000000e+03
2.436000000000000000e+03
3.544000000000000000e+03
1.390000000000000000e+03
2.208000000000000000e+03
6.480000000000000000e+02
2.982000000000000000e+03
4.057000000000000000e+03
2.858000000000000000e+03
