1.365000000000000000e+03
2.865000000000000000e+03
2.095000000000000000e+03
5.068000000000000000e+03
7.540000000000000000e+02
3.119000000000000000e+03
3.850000000000000000e+03
1.355000000000000000e+03
5.691000000000000000e+03
2.280000000000000000e+02
1.844000000000000000e+03
2.695000000000000000e+03
4.896000000000000000e+03
3.196000000000000000e+03
3.926000000000000000e+03
5.542000000000000000e+03
2.823000000000000000e+03
3.463000000000000000e+03
2.772000000000000000e+03
1.428000000000000000e+03
3.916000000000000000e+03
4.957000000000000000e+03
4.570000000000000000e+03
2.340000000000000000e+03
4.845000000000000000e+03
3.678000000000000000e+03
3.237000000000000000e+03
2.158000000000000000e+03
4.786000000000000000e+03
2.896000000000000000e+03
2.793000000000000000e+03
4.869000000000000000e+03
3.363000000000000000e+03
4.200000000000000000e+02
2.487000000000000000e+03
1.767000000000000000e+03
4.274000000000000000e+03
2.578000000000000000e+03
1.766000000000000000e+03
4.057000000000000000e+03
2.600000000000000000e+02
4.438000000000000000e+03
2.501000000000000000e+03
5.098000000000000000e+03
4.727000000000000000e+03
2.898000000000000000e+03
3.965000000000000000e+03
1.695000000000000000e+03
3.383000000000000000e+03
4.546000000000000000e+03
