1.120100000000000000e+04
6.030000000000000000e+03
9.406000000000000000e+03
9.052000000000000000e+03
9.078000000000000000e+03
1.182500000000000000e+04
1.021200000000000000e+04
2.601000000000000000e+03
6.550000000000000000e+03
1.112000000000000000e+03
9.424000000000000000e+03
6.651000000000000000e+03
3.226000000000000000e+03
3.284000000000000000e+03
1.243000000000000000e+04
9.956000000000000000e+03
8.917000000000000000e+03
6.129000000000000000e+03
6.180000000000000000e+03
5.643000000000000000e+03
2.533000000000000000e+03
9.505000000000000000e+03
6.517000000000000000e+03
3.508000000000000000e+03
7.110000000000000000e+03
5.651000000000000000e+03
8.116000000000000000e+03
8.525000000000000000e+03
1.170700000000000000e+04
8.475000000000000000e+03
1.133600000000000000e+04
1.804000000000000000e+03
1.075500000000000000e+04
1.007000000000000000e+03
3.563000000000000000e+03
7.111000000000000000e+03
1.017800000000000000e+04
2.815000000000000000e+03
1.354000000000000000e+03
4.288000000000000000e+03
1.172500000000000000e+04
1.712000000000000000e+03
3.662000000000000000e+03
2.010000000000000000e+03
4.134000000000000000e+03
1.214400000000000000e+04
5.675000000000000000e+03
2.600000000000000000e+03
6.901000000000000000e+03
1.076300000000000000e+04
