[117, 133, 140, 162, 196, 199, 208, 232, 296, 310, 324, 329, 358, 360, 394, 425, 427, 436, 453, 455, 459, 466, 469, 489, 493, 496, 519, 521, 526, 530, 532, 533, 534, 538, 550, 563, 568, 575, 605, 647, 662, 680, 694, 741, 744, 756, 759, 775, 779, 789, 804, 809, 827, 839, 840, 846, 871, 903, 937, 1020, ]
[0, 1, 41, 42, 54, 64, 70, 92, 99, 100, 103, 108, 134, 136, 146, 156, 157, 169, 171, 196, 199, 200, 216, 223, 233, 243, 261, 268, 269, 281, 287, 296, 297, 305, 315, 319, 331, 333, 335, 342, 371, 373, 392, 421, 426, 435, 455, 461, 466, 468, 475, 476, 477, 484, 487, 492, 496, 500, 519, 520, 535, 536, 550, 555, 575, 596, 602, 611, 612, 620, 627, 640, 647, 661, 665, 675, 679, 685, 687, 710, 711, 713, 715, 719, 740, 743, 757, 767, 777, 783, 806, 826, 840, 863, 869, 873, 876, 893, 899, 912, 933, 960, 968, 992, 1007, 1012, 1019, ]
[0, 18, 20, 62, 86, 101, 116, 117, 127, 133, 137, 138, 148, 157, 169, 192, 198, 201, 229, 265, 311, 330, 331, 337, 339, 345, 348, 362, 376, 378, 390, 394, 405, 425, 429, 435, 456, 457, 475, 478, 487, 493, 499, 500, 516, 520, 532, 536, 537, 557, 570, 586, 597, 658, 672, 677, 678, 688, 704, 710, 760, 775, 783, 808, 834, 836, 841, 884, 893, 901, 919, 920, 955, ]
[9, 27, 61, 63, 76, 100, 105, 123, 127, 167, 169, 197, 201, 214, 224, 265, 304, 311, 325, 331, 338, 347, 355, 373, 389, 400, 402, 403, 406, 423, 437, 441, 466, 468, 469, 480, 486, 496, 501, 531, 533, 538, 557, 561, 563, 565, 582, 601, 608, 634, 654, 658, 662, 677, 700, 743, 772, 775, 776, 778, 789, 837, 839, 867, 873, 895, 903, 904, 926, 959, 967, 983, 988, 993, 1002, 1021, ]
[0, 21, 22, 23, 25, 31, 65, 95, 115, 132, 137, 147, 169, 178, 186, 197, 200, 208, 223, 226, 238, 244, 250, 260, 261, 262, 264, 296, 312, 333, 341, 345, 379, 404, 406, 408, 411, 419, 422, 457, 465, 475, 476, 503, 506, 510, 532, 538, 539, 540, 563, 568, 583, 590, 591, 598, 602, 622, 633, 659, 678, 680, 700, 741, 757, 807, 808, 853, 892, 946, 993, 1020, ]
[8, 13, 23, 24, 25, 26, 28, 29, 63, 73, 95, 103, 161, 164, 169, 190, 200, 232, 233, 236, 239, 243, 247, 255, 286, 291, 296, 298, 313, 327, 358, 359, 372, 390, 392, 404, 408, 412, 424, 436, 440, 442, 452, 463, 471, 476, 504, 507, 508, 525, 526, 540, 541, 552, 559, 562, 582, 590, 600, 604, 636, 637, 646, 668, 679, 707, 714, 741, 776, 808, 839, 840, 841, 895, 925, 932, 958, 987, 993, ]
[0, 1, 30, 74, 75, 93, 102, 133, 138, 156, 196, 233, 235, 237, 284, 287, 325, 340, 345, 368, 374, 386, 392, 404, 408, 411, 424, 460, 500, 508, 529, 538, 539, 556, 557, 569, 587, 592, 599, 607, 621, 626, 627, 644, 649, 681, 731, 751, 753, 754, 767, 805, 860, 866, 872, 895, 902, 930, 934, 935, 941, 949, 958, 968, 973, 980, 989, 992, 1005, 1006, 1018, ]
[31, 37, 57, 85, 107, 138, 165, 177, 213, 218, 229, 242, 249, 252, 259, 282, 283, 312, 313, 314, 315, 316, 325, 332, 336, 339, 390, 393, 396, 398, 400, 401, 403, 404, 420, 427, 434, 435, 440, 456, 461, 491, 492, 493, 495, 497, 519, 564, 569, 600, 623, 638, 651, 771, 776, 807, 864, 866, 898, 902, 903, 960, 963, ]
[20, 29, 31, 70, 78, 95, 118, 124, 143, 162, 168, 169, 180, 195, 203, 207, 234, 249, 256, 279, 286, 292, 293, 296, 299, 308, 319, 346, 373, 401, 411, 420, 435, 445, 466, 470, 486, 497, 519, 532, 537, 581, 592, 598, 600, 622, 647, 651, 694, 708, 760, 762, 769, 778, 803, 841, 847, 869, 873, 888, 895, 904, 923, 937, 958, 964, 966, 967, 1014, 1020, ]
[5, 17, 57, 64, 68, 93, 102, 106, 132, 136, 137, 164, 175, 176, 196, 197, 209, 223, 231, 232, 234, 291, 296, 304, 345, 391, 396, 397, 403, 405, 410, 424, 447, 462, 464, 467, 471, 498, 504, 509, 519, 527, 529, 583, 630, 710, 720, 744, 778, 791, 808, 814, 838, 868, 872, 927, 959, 987, 1011, ]
[1, 5, 10, 14, 23, 27, 36, 74, 105, 131, 133, 152, 157, 164, 169, 177, 184, 204, 213, 222, 223, 232, 234, 274, 277, 297, 298, 303, 334, 335, 367, 373, 376, 383, 398, 413, 425, 434, 437, 438, 439, 447, 453, 454, 456, 464, 466, 469, 485, 487, 488, 489, 505, 509, 519, 521, 543, 547, 550, 555, 558, 562, 563, 564, 575, 584, 595, 597, 598, 604, 614, 625, 631, 644, 653, 655, 664, 681, 683, 714, 729, 734, 737, 739, 744, 745, 750, 757, 774, 776, 799, 824, 840, 844, 846, 848, 858, 864, 868, 873, 883, 924, 954, 966, 979, 991, 1018, 1022, ]
[9, 16, 23, 30, 31, 33, 57, 100, 110, 128, 135, 163, 164, 169, 215, 238, 251, 260, 262, 266, 286, 342, 346, 358, 371, 377, 396, 400, 424, 433, 434, 456, 460, 467, 488, 491, 507, 528, 559, 560, 563, 580, 617, 624, 631, 652, 742, 747, 772, 778, 803, 823, 835, 836, 867, 868, 871, 873, 894, 908, 931, 932, 968, 1017, ]
[8, 29, 31, 54, 70, 79, 95, 105, 140, 163, 170, 191, 196, 198, 207, 218, 232, 244, 283, 293, 300, 330, 341, 347, 365, 368, 373, 377, 386, 393, 401, 408, 423, 425, 434, 442, 461, 465, 468, 496, 508, 526, 539, 561, 591, 625, 630, 632, 663, 677, 678, 704, 720, 735, 741, 754, 760, 772, 776, 778, 803, 824, 870, 893, 931, 934, 937, 958, 969, 993, 1001, 1016, ]
[0, 20, 31, 46, 89, 94, 103, 105, 115, 127, 130, 133, 136, 188, 191, 195, 197, 200, 217, 228, 230, 263, 286, 302, 338, 350, 358, 359, 361, 375, 376, 392, 405, 406, 423, 425, 428, 434, 436, 463, 473, 478, 515, 526, 536, 562, 563, 564, 567, 581, 586, 592, 595, 596, 598, 611, 649, 663, 664, 671, 676, 709, 712, 745, 783, 785, 790, 791, 799, 802, 823, 838, 853, 863, 869, 872, 873, 875, 876, 895, 900, 925, 932, 940, 941, 973, 984, 997, 1018, 1023, ]
[2, 18, 24, 33, 40, 44, 62, 91, 92, 131, 159, 165, 169, 171, 172, 187, 194, 197, 200, 206, 218, 272, 276, 278, 280, 293, 295, 296, 313, 329, 337, 339, 356, 357, 358, 363, 364, 373, 375, 376, 389, 407, 410, 425, 427, 437, 438, 457, 462, 463, 473, 477, 479, 486, 487, 492, 508, 515, 518, 521, 526, 530, 534, 563, 583, 585, 587, 588, 589, 592, 599, 613, 626, 629, 649, 652, 678, 683, 684, 689, 695, 712, 713, 719, 731, 737, 741, 753, 767, 798, 805, 806, 830, 842, 851, 888, 901, 905, 930, 958, 972, 989, 993, 1000, 1014, 1018, 1019, 1020, ]
[4, 37, 41, 58, 127, 132, 134, 135, 137, 149, 199, 201, 202, 216, 223, 228, 252, 265, 295, 311, 325, 355, 368, 373, 375, 377, 382, 393, 400, 401, 408, 409, 501, 551, 603, 612, 628, 648, 666, 681, 728, 743, 749, 762, 797, 817, 820, 821, 841, 843, 852, 868, 873, 903, 989, 995, 1017, ]
[6, 31, 68, 100, 136, 177, 197, 198, 223, 233, 245, 249, 264, 277, 284, 287, 294, 296, 299, 303, 318, 326, 328, 341, 342, 343, 357, 371, 372, 378, 400, 412, 441, 445, 454, 459, 467, 472, 476, 478, 495, 501, 521, 549, 564, 570, 599, 639, 646, 651, 653, 657, 680, 682, 687, 709, 726, 745, 770, 800, 802, 813, 836, 905, 914, 937, 965, 969, 1010, 1023, ]
[3, 25, 30, 32, 39, 70, 94, 138, 145, 150, 158, 161, 168, 207, 220, 261, 277, 283, 294, 296, 304, 306, 319, 326, 332, 361, 363, 370, 377, 392, 412, 414, 437, 447, 464, 479, 492, 498, 529, 536, 543, 585, 595, 612, 623, 631, 644, 645, 661, 680, 730, 774, 792, 800, 807, 815, 828, 830, 833, 875, 892, 902, 915, 926, 933, 962, 969, 993, 1017, 1023, ]
[11, 12, 25, 28, 30, 58, 69, 93, 95, 100, 103, 106, 131, 133, 135, 138, 139, 152, 165, 170, 191, 196, 200, 203, 221, 228, 233, 283, 287, 293, 296, 299, 313, 328, 337, 341, 344, 357, 365, 388, 392, 393, 396, 404, 406, 420, 428, 429, 433, 455, 457, 458, 462, 463, 475, 483, 490, 495, 506, 512, 514, 519, 523, 524, 526, 528, 530, 531, 532, 534, 537, 538, 550, 552, 555, 586, 588, 592, 593, 595, 598, 616, 619, 632, 647, 667, 680, 682, 683, 691, 697, 709, 710, 711, 712, 745, 750, 759, 785, 807, 809, 831, 863, 868, 872, 895, 906, 929, 942, 987, 990, 994, 999, 1009, 1016, 1018, 1023, ]
[6, 27, 31, 45, 67, 90, 94, 101, 112, 116, 139, 141, 147, 165, 197, 229, 247, 261, 281, 290, 293, 325, 341, 347, 351, 356, 357, 376, 400, 401, 406, 426, 434, 435, 439, 453, 455, 460, 465, 466, 476, 488, 493, 497, 498, 500, 558, 559, 560, 585, 613, 616, 693, 696, 709, 712, 713, 775, 776, 798, 817, 832, 862, 872, 907, 932, 953, 988, 1004, ]
[5, 11, 23, 28, 68, 80, 93, 97, 98, 111, 125, 130, 132, 133, 140, 146, 168, 180, 198, 200, 202, 223, 246, 247, 254, 264, 266, 280, 291, 333, 345, 349, 351, 353, 358, 400, 401, 402, 405, 408, 412, 416, 424, 430, 434, 440, 441, 442, 446, 448, 453, 475, 497, 499, 520, 525, 528, 532, 536, 594, 616, 625, 640, 655, 666, 695, 696, 707, 710, 718, 735, 745, 748, 749, 750, 760, 763, 804, 805, 808, 815, 830, 840, 843, 871, 884, 901, 927, 931, 933, 934, 936, 950, 957, 960, 962, 966, 967, 969, 990, 1001, 1017, ]
[3, 26, 32, 42, 58, 77, 81, 87, 98, 103, 104, 106, 108, 131, 132, 133, 134, 148, 171, 173, 186, 188, 201, 202, 209, 216, 229, 231, 235, 240, 245, 246, 259, 264, 266, 287, 289, 294, 304, 313, 316, 324, 332, 340, 344, 359, 363, 364, 389, 401, 403, 411, 426, 427, 432, 435, 440, 446, 447, 456, 457, 459, 466, 473, 476, 488, 489, 491, 517, 519, 522, 528, 550, 552, 553, 562, 580, 581, 583, 585, 590, 614, 618, 620, 622, 624, 627, 632, 636, 652, 655, 659, 667, 685, 717, 743, 750, 765, 776, 790, 800, 803, 806, 818, 831, 833, 853, 864, 865, 877, 879, 888, 894, 897, 901, 904, 915, 924, 931, 937, 943, 965, 966, 968, 978, 984, 986, 988, 989, 992, 1002, 1005, 1021, ]
[29, 88, 94, 105, 108, 109, 117, 134, 148, 162, 163, 169, 191, 201, 202, 215, 216, 228, 229, 240, 245, 260, 266, 280, 292, 324, 337, 339, 342, 363, 374, 375, 422, 435, 456, 476, 478, 492, 497, 498, 505, 518, 533, 535, 563, 564, 587, 591, 597, 607, 616, 663, 677, 678, 679, 696, 698, 739, 741, 744, 783, 784, 789, 827, 838, 839, 872, 873, 933, 969, 986, 989, 1015, 1016, ]
[23, 28, 32, 60, 63, 73, 92, 93, 94, 95, 100, 127, 227, 229, 259, 273, 277, 290, 297, 319, 321, 332, 339, 341, 343, 356, 364, 371, 374, 375, 392, 394, 399, 450, 459, 466, 468, 492, 508, 511, 516, 520, 525, 527, 529, 530, 532, 549, 562, 563, 565, 568, 588, 598, 599, 600, 624, 625, 627, 634, 644, 653, 663, 671, 685, 703, 710, 712, 715, 734, 735, 743, 748, 773, 775, 784, 838, 866, 873, 925, 936, 962, ]
[23, 31, 63, 71, 90, 92, 101, 130, 136, 150, 162, 190, 201, 230, 234, 264, 272, 276, 294, 296, 303, 305, 312, 327, 341, 342, 343, 344, 362, 370, 397, 399, 415, 425, 428, 431, 432, 433, 434, 437, 440, 441, 443, 447, 460, 465, 466, 467, 471, 472, 499, 502, 518, 530, 533, 538, 569, 570, 573, 587, 624, 662, 663, 678, 690, 697, 707, 728, 756, 757, 759, 773, 776, 808, 823, 839, 840, 868, 870, 885, 895, 900, 905, 969, 986, 999, 1012, 1023, ]
[19, 29, 39, 42, 46, 69, 93, 103, 125, 127, 135, 137, 159, 163, 188, 201, 216, 227, 238, 243, 252, 261, 291, 295, 313, 315, 340, 355, 361, 390, 405, 406, 407, 412, 426, 432, 435, 436, 444, 455, 464, 489, 496, 509, 510, 519, 522, 527, 532, 534, 561, 571, 583, 587, 601, 655, 662, 678, 680, 719, 732, 739, 760, 804, 840, 895, 899, 936, 990, 992, 997, 1006, 1020, ]
[6, 20, 24, 26, 30, 31, 37, 42, 60, 62, 64, 138, 150, 159, 170, 172, 187, 188, 194, 196, 197, 201, 203, 232, 240, 269, 272, 277, 279, 282, 297, 304, 328, 339, 357, 361, 369, 378, 388, 393, 404, 423, 427, 431, 432, 434, 454, 456, 463, 467, 470, 475, 479, 489, 491, 500, 501, 504, 505, 516, 526, 528, 532, 563, 582, 589, 594, 621, 622, 625, 628, 634, 669, 672, 693, 717, 730, 737, 741, 743, 744, 753, 775, 777, 825, 831, 840, 841, 852, 875, 880, 889, 894, 895, 904, 924, 925, 927, 928, 955, 959, 965, 1006, 1014, 1015, ]
[23, 26, 41, 63, 85, 87, 124, 137, 157, 161, 167, 188, 189, 191, 201, 203, 211, 228, 259, 260, 264, 281, 291, 296, 358, 374, 399, 402, 455, 468, 472, 476, 496, 499, 502, 503, 507, 533, 541, 543, 591, 613, 646, 656, 674, 709, 713, 745, 746, 748, 751, 767, 776, 778, 816, 827, 829, 831, 842, 861, 868, 871, 873, 880, 882, 886, 894, 901, 956, 968, 980, 995, ]
[2, 27, 29, 32, 61, 64, 66, 67, 91, 92, 100, 101, 111, 144, 159, 177, 180, 200, 226, 235, 247, 259, 269, 286, 297, 300, 303, 313, 325, 336, 340, 353, 360, 374, 375, 378, 384, 390, 398, 402, 423, 433, 435, 444, 465, 478, 493, 496, 521, 529, 531, 558, 561, 570, 580, 586, 619, 623, 625, 693, 726, 735, 750, 799, 804, 840, 851, 871, 901, 959, 960, 969, 992, 1010, ]
[0, 8, 17, 27, 31, 32, 69, 102, 124, 127, 130, 133, 134, 140, 163, 175, 180, 201, 241, 255, 265, 275, 278, 279, 288, 292, 294, 299, 339, 344, 354, 370, 377, 379, 390, 394, 400, 403, 404, 410, 423, 430, 434, 454, 455, 458, 476, 495, 498, 500, 516, 518, 521, 528, 541, 552, 565, 583, 658, 664, 665, 669, 687, 694, 702, 707, 740, 749, 757, 767, 774, 806, 822, 831, 838, 839, 840, 841, 849, 870, 888, 897, 902, 909, 925, 932, 935, 966, 967, 973, 990, 994, 1022, ]
[2, 6, 28, 29, 39, 62, 101, 106, 136, 169, 178, 193, 196, 200, 208, 212, 213, 232, 236, 240, 244, 245, 248, 268, 287, 300, 304, 311, 344, 345, 367, 376, 380, 394, 395, 406, 414, 420, 432, 433, 442, 445, 459, 473, 489, 499, 500, 503, 533, 539, 551, 584, 600, 620, 646, 647, 655, 660, 664, 710, 712, 729, 743, 780, 816, 848, 851, 856, 866, 873, 910, 938, 950, 958, 961, 969, 992, 1009, 1023, ]
[2, 7, 14, 30, 39, 40, 41, 42, 55, 69, 70, 101, 102, 136, 168, 169, 190, 196, 212, 222, 230, 234, 238, 249, 260, 262, 265, 270, 293, 298, 329, 352, 354, 358, 391, 400, 493, 505, 533, 540, 551, 570, 573, 598, 611, 639, 657, 693, 697, 712, 742, 751, 754, 786, 787, 788, 811, 826, 842, 846, 866, 868, 869, 889, 901, 902, 903, 912, 934, 957, 993, 997, ]
[47, 129, 160, 191, 192, 224, 225, 256, 257, 288, 289, 292, 301, 319, 321, 335, 341, 343, 346, 353, 354, 360, 367, 376, 417, 448, 480, 495, 556, 559, 600, 734, 773, 789, 814, 834, 944, 969, 1018, ]
[9, 26, 33, 47, 52, 69, 126, 137, 140, 145, 162, 165, 166, 169, 171, 180, 200, 209, 216, 227, 231, 247, 254, 264, 271, 272, 281, 282, 304, 305, 319, 326, 330, 336, 340, 366, 367, 383, 385, 389, 394, 399, 412, 414, 428, 451, 456, 463, 485, 488, 489, 493, 497, 507, 518, 527, 529, 530, 531, 552, 557, 574, 582, 588, 593, 595, 605, 613, 616, 624, 654, 655, 679, 680, 686, 688, 695, 708, 712, 720, 739, 742, 746, 752, 758, 760, 769, 781, 783, 786, 867, 896, 906, 910, 913, 924, 956, 966, 997, 1006, 1022, ]
[1, 25, 27, 64, 116, 126, 133, 167, 201, 266, 291, 297, 301, 307, 326, 331, 368, 373, 379, 389, 393, 402, 408, 426, 430, 436, 439, 455, 461, 490, 495, 515, 519, 524, 536, 560, 570, 598, 631, 650, 653, 697, 711, 740, 744, 746, 805, 831, 852, 905, 928, 966, 987, 994, 1019, 1021, 1023, ]
[6, 18, 26, 27, 28, 29, 107, 135, 156, 202, 208, 229, 243, 250, 259, 299, 314, 360, 367, 371, 375, 376, 377, 401, 425, 435, 442, 443, 457, 462, 465, 466, 470, 483, 487, 495, 496, 505, 520, 527, 530, 533, 561, 571, 592, 599, 603, 626, 632, 638, 655, 663, 676, 678, 743, 772, 775, 793, 862, 864, 868, 869, 896, 902, 928, 929, 945, 961, 968, 986, 1000, 1008, 1011, ]
[4, 9, 17, 19, 24, 63, 118, 119, 122, 150, 157, 159, 165, 170, 181, 186, 195, 199, 201, 215, 222, 227, 237, 238, 246, 248, 265, 267, 279, 280, 292, 295, 311, 312, 313, 315, 323, 337, 345, 347, 348, 349, 350, 359, 363, 394, 404, 412, 420, 423, 453, 463, 466, 487, 494, 499, 502, 506, 529, 532, 566, 567, 615, 632, 656, 710, 713, 740, 766, 774, 791, 793, 798, 829, 856, 858, 867, 888, 894, 901, 913, 960, 979, 989, 996, 997, 1003, 1010, 1015, ]
[0, 3, 4, 18, 20, 25, 30, 42, 50, 72, 136, 169, 175, 191, 192, 196, 200, 203, 206, 210, 220, 228, 229, 231, 232, 248, 260, 264, 266, 278, 284, 296, 298, 299, 303, 307, 324, 341, 344, 358, 369, 403, 409, 412, 420, 434, 435, 437, 452, 467, 493, 496, 497, 500, 502, 508, 520, 528, 552, 560, 566, 568, 572, 587, 598, 612, 615, 627, 634, 636, 650, 660, 676, 708, 709, 718, 743, 747, 774, 794, 799, 810, 816, 824, 834, 836, 837, 871, 921, 925, 936, 949, 967, 969, 991, 1002, ]
[12, 15, 28, 57, 78, 105, 114, 129, 139, 154, 166, 169, 202, 213, 223, 229, 235, 265, 269, 273, 277, 282, 284, 307, 311, 312, 327, 337, 340, 358, 375, 376, 378, 381, 389, 434, 436, 441, 446, 459, 462, 463, 464, 492, 499, 516, 518, 527, 534, 536, 537, 547, 554, 557, 561, 565, 581, 594, 635, 663, 671, 681, 697, 731, 743, 769, 804, 808, 809, 825, 832, 835, 837, 843, 864, 865, 896, 897, 900, 910, 916, 926, 929, 930, 938, 953, 969, 995, 1021, ]
[2, 25, 28, 60, 69, 72, 74, 81, 92, 105, 108, 116, 117, 140, 181, 191, 196, 202, 209, 216, 219, 228, 231, 241, 254, 256, 261, 295, 296, 298, 309, 312, 346, 372, 380, 381, 389, 397, 401, 420, 438, 442, 446, 466, 488, 490, 495, 496, 497, 532, 535, 542, 561, 565, 568, 578, 588, 623, 631, 677, 679, 736, 740, 756, 768, 769, 807, 835, 837, 873, 894, 899, 903, 911, 928, 966, 990, ]