[14, 19, 25, 26, 27, 29, 39, 48, 50, 52, 61, 65, 73, 79, 80, 83, ]
[7, 12, 20, 27, 29, 31, 34, 48, 51, 52, 63, 67, 78, 79, 81, 82, 85, 87, ]
[3, 7, 9, 10, 27, 29, 31, 35, 38, 51, 53, 55, 66, 73, 77, 88, 89, ]
[16, 23, 33, 35, 52, 53, 83, ]
[0, 9, 13, 19, 24, 25, 50, 62, 72, 77, 89, ]
[27, 38, 48, 59, 61, 82, ]
[12, 16, 19, 21, 26, 31, 37, 46, 53, 57, 71, 73, 76, 79, 81, 84, 86, 89, ]
[0, 3, 15, 19, 21, 23, 24, 25, 27, 29, 30, 31, 40, 80, 81, 88, 89, ]
[6, 25, 26, 28, 31, 41, 42, 51, 56, 65, 75, 80, 85, 87, ]
[8, 9, 13, 22, 29, 33, 36, 37, 43, 50, 52, 67, 69, 78, 85, 86, 89, ]
[2, 6, 9, 15, 16, 19, 27, 29, 31, 38, 43, 47, 51, 61, 63, 65, 67, 79, 83, 88, 89, ]
[0, 3, 6, 8, 25, 27, 30, 32, 46, 47, 51, 53, 60, 62, 77, 82, 84, 86, 88, ]
[2, 3, 13, 23, 37, 40, 49, 67, 68, 71, 73, 85, 89, ]
[0, 2, 3, 4, 9, 23, 24, 25, 27, 41, 47, 48, 53, 59, 63, 64, 69, 82, ]
[7, 8, 11, 12, 14, 22, 23, 24, 34, 39, 49, 51, 52, 55, 59, 61, 63, 64, 65, 71, 72, 75, 77, 87, ]