[7, 82, 95, 125, 178, 196, 210, 215, 291, 294, 359, 389, 392, 417, 454, 480, 527, 529, 530, 539, 550, 561, 575, 581, 598, 613, 647, 667, 707, 710, 739, 753, 773, 800, 807, 822, 828, 844, 869, 890, 901, 913, 949, 952, 992, 996, ]
[3, 13, 62, 127, 196, 202, 254, 285, 321, 326, 343, 405, 420, 436, 476, 479, 484, 488, 501, 524, 525, 526, 533, 534, 568, 579, 598, 612, 631, 642, 650, 674, 681, 709, 711, 726, 735, 743, 744, 758, 774, 782, 818, 832, 840, 891, 895, 900, 905, 967, 995, 1013, 1023, ]
[7, 9, 33, 68, 88, 147, 242, 264, 313, 355, 357, 461, 495, 499, 504, 519, 528, 533, 534, 544, 549, 562, 596, 601, 631, 646, 662, 664, 793, 824, 833, 834, 864, 890, 896, 922, 924, 925, 926, 928, 960, 999, 1012, ]
[34, 67, 92, 98, 126, 127, 131, 135, 150, 160, 161, 162, 163, 192, 193, 194, 219, 228, 278, 290, 326, 338, 454, 464, 471, 480, 500, 505, 512, 516, 519, 524, 527, 539, 551, 559, 566, 572, 588, 603, 616, 628, 633, 634, 638, 642, 647, 687, 710, 717, 723, 728, 801, 807, 832, 871, 901, 928, 930, 931, 959, 964, 965, 966, 990, 992, 1008, 1013, ]
[1, 2, 37, 61, 68, 85, 256, 269, 287, 355, 361, 426, 438, 461, 489, 493, 501, 505, 522, 525, 531, 532, 542, 557, 558, 560, 568, 579, 585, 597, 603, 616, 623, 627, 631, 639, 644, 656, 661, 679, 736, 742, 776, 784, 798, 817, 824, 837, 868, 960, 963, 967, 993, 1001, 1014, 1015, ]
[8, 11, 14, 33, 41, 43, 44, 62, 89, 92, 196, 199, 287, 296, 304, 326, 335, 384, 390, 466, 467, 471, 499, 503, 519, 524, 531, 567, 570, 573, 578, 590, 594, 595, 616, 654, 659, 705, 709, 739, 742, 747, 771, 779, 843, 852, 867, 925, 943, 959, 981, 1002, 1012, ]
[11, 30, 63, 64, 93, 105, 112, 142, 143, 149, 182, 216, 247, 309, 310, 311, 312, 314, 317, 328, 340, 355, 376, 410, 442, 455, 475, 548, 558, 605, 607, 615, 627, 631, 633, 637, 674, 690, 698, 699, 703, 724, 726, 730, 741, 756, 760, 761, 762, 792, 798, 827, 855, 859, 885, 917, 947, 963, 979, 1019, ]
[16, 17, 33, 36, 41, 42, 64, 76, 93, 103, 106, 164, 219, 235, 341, 355, 427, 430, 480, 485, 486, 496, 518, 520, 529, 534, 536, 537, 543, 550, 559, 614, 616, 660, 665, 694, 707, 739, 741, 760, 803, 812, 894, 923, 961, 965, 979, 987, 992, 1001, 1005, ]
[50, 63, 125, 128, 161, 176, 221, 262, 263, 264, 301, 308, 319, 342, 351, 405, 410, 456, 468, 488, 519, 531, 535, 546, 551, 555, 563, 570, 581, 591, 597, 605, 627, 629, 630, 657, 676, 698, 702, 776, 800, 801, 805, 849, 850, 868, 949, 988, 994, ]
[0, 33, 46, 93, 94, 126, 149, 157, 169, 187, 200, 234, 238, 306, 323, 355, 360, 384, 390, 422, 462, 466, 469, 493, 504, 510, 533, 587, 591, 598, 605, 615, 621, 626, 633, 638, 647, 665, 666, 698, 726, 736, 769, 776, 794, 802, 806, 810, 819, 846, 871, 927, 932, 934, 949, 962, 966, 998, 999, ]
[184, 249, 305, 377, 389, 464, 469, 480, 481, 482, 498, 504, 507, 513, 514, 544, 546, 570, 576, 577, 578, 608, 609, 632, 642, 672, 679, 682, 686, 698, 770, 810, 832, 1003, 1010, ]
[0, 1, 31, 42, 68, 73, 76, 92, 104, 105, 127, 128, 153, 158, 169, 191, 323, 330, 403, 405, 449, 469, 471, 472, 488, 492, 494, 521, 540, 543, 550, 553, 565, 595, 607, 616, 623, 640, 650, 671, 674, 678, 693, 703, 712, 749, 771, 818, 820, 836, 872, 893, 928, 1017, 1018, ]
[0, 15, 30, 68, 102, 127, 224, 242, 255, 267, 299, 300, 312, 313, 332, 346, 363, 366, 374, 384, 455, 499, 531, 549, 562, 563, 567, 568, 585, 594, 595, 602, 625, 626, 627, 644, 652, 679, 733, 736, 737, 760, 778, 787, 807, 816, 818, 835, 864, 867, 896, 928, 929, 978, 1003, 1013, 1023, ]
[33, 37, 45, 63, 64, 66, 69, 95, 104, 125, 135, 205, 225, 230, 294, 311, 318, 322, 325, 327, 352, 385, 423, 437, 453, 456, 459, 488, 500, 519, 526, 528, 530, 537, 540, 563, 564, 566, 581, 583, 586, 588, 623, 624, 645, 646, 671, 676, 707, 735, 739, 740, 745, 746, 752, 768, 771, 779, 805, 839, 867, 901, 934, 940, 961, 969, 990, 991, ]
[13, 30, 71, 72, 102, 118, 127, 135, 158, 159, 186, 188, 208, 229, 234, 287, 295, 308, 326, 327, 355, 380, 410, 416, 439, 471, 499, 517, 538, 549, 561, 616, 692, 697, 712, 727, 752, 778, 850, 868, 882, 895, 986, 992, ]