[896, 115, 727, 313]
[896, 198, 303, 0]
[896, 147, 203, 41, 148, 1]
[421, 67, 625, 0]
[896, 757, 790, 373]
[896, 28, 0]
[896, 753, 3]
[896, 247, 6]
[896, 392, 299, 24]
[896, 351, 136, 144]
[896, 644, 9]
[896, 336, 874, 836]
[896, 460, 651, 38, 44]
[896, 522, 557, 132]
[896, 897, 471, 810, 169]
[896, 599, 164, 7]
[896, 874, 16, 63]
[896, 866, 4, 670, 96]
[896, 494, 495, 1]
[896, 421, 912]
[896, 402, 164, 489, 26]
[896, 171]
[896, 306, 530, 105, 4, 8]
[896, 332, 15]
[896, 524, 132, 423]
[896, 0, 217, 71]
[896, 427, 207, 0]
[896, 281, 163, 0]
[896, 353, 0]
[896, 158, 38, 70]
[896, 1012, 47, 107]
[896, 102, 9]
[192]
[336]
[896, 692, 460, 170]
[896, 462]
[896, 700, 5]
[896, 566, 196, 0]
[896, 177]
[896, 412, 13, 382, 1]