[20, 24, 41, 46, 47, 61, 68, 69, 70, 77, 87, ]
[0, 15, 23, 24, 36, 45, 47, 52, 62, 66, 75, 82, 87, ]
[0, 15, 23, 24, 36, 45, 47, 52, 62, 66, 75, 82, 87, ]
[0, 15, 23, 24, 36, 45, 47, 52, 62, 66, 75, 82, 87, ]
[20, 24, 41, 46, 47, 61, 68, 69, 70, 77, 87, ]
[2, 4, 6, 7, 9, 15, 16, 19, 22, 34, 50, 53, 54, 67, 68, 69, 74, 78, 84, 86, 88, ]
[0, 15, 23, 24, 36, 45, 47, 52, 62, 66, 75, 82, 87, ]
[4, 7, 9, 15, 16, 18, 19, 20, 21, 26, 27, 28, 30, 31, 43, 53, 54, 61, 66, 67, 68, 74, 78, 84, 86, 87, 88, ]
[20, 24, 41, 46, 47, 61, 68, 69, 70, 77, 87, ]
[1, 2, 4, 5, 7, 21, 44, 46, 51, 55, 56, 57, 60, 61, 64, 65, 71, 74, 79, 82, 85, ]
[0, 7, 12, 14, 18, 19, 21, 24, 25, 30, 36, 49, 55, 56, 59, 64, 71, 75, 77, 86, ]
[4, 5, 7, 21, 43, 44, 51, 52, 55, 56, 60, 61, 64, 65, 71, 79, 82, 85, ]
[0, 7, 12, 14, 18, 19, 21, 24, 25, 30, 49, 55, 56, 59, 64, 71, 75, 77, 86, ]
[0, 15, 23, 24, 36, 45, 47, 52, 62, 66, 75, 82, 87, ]
[7, 10, 13, 16, 18, 22, 23, 28, 29, 33, 51, 54, 58, 62, 64, 65, 71, 72, 81, 83, 85, 87, ]