[20, 24, 41, 46, 47, 61, 68, 69, 70, 77, 87, ]
[0, 15, 23, 24, 36, 45, 47, 52, 62, 66, 75, 82, 87, ]
[0, 7, 12, 14, 18, 19, 21, 24, 25, 30, 49, 55, 56, 59, 64, 71, 75, 77, 86, ]
[0, 15, 17, 19, 25, 27, 54, 58, 62, 75, 82, 87, ]
[20, 24, 41, 46, 47, 61, 68, 69, 70, 77, 87, ]
[0, 15, 23, 24, 36, 45, 47, 52, 62, 66, 75, 82, 87, ]
[0, 15, 23, 24, 36, 45, 47, 52, 62, 66, 75, 82, 87, ]
[0, 4, 7, 12, 14, 18, 19, 21, 25, 30, 32, 33, 34, 36, 37, 41, 44, 51, 54, 56, 57, 60, 61, 64, 65, 71, 74, 79, 82, 85, 87, ]
[0, 15, 23, 24, 36, 45, 47, 52, 62, 66, 75, 82, 87, ]
[0, 7, 12, 14, 18, 19, 21, 24, 25, 30, 49, 55, 56, 59, 64, 71, 75, 77, 86, ]
[3, 6, 8, 10, 12, 13, 15, 16, 26, 34, 43, 44, 51, 55, 56, 57, 60, 61, 63, 64, 65, 71, 74, 79, 80, 82, 84, 86, 87, ]
[4, 8, 10, 12, 13, 15, 16, 26, 33, 34, 43, 44, 46, 51, 56, 57, 60, 61, 64, 65, 71, 74, 79, 82, 85, ]
[0, 1, 2, 3, 5, 9, 11, 12, 15, 16, 17, 18, 19, 20, 21, 26, 27, 28, 30, 31, 33, 53, 54, 67, 68, 69, 74, 78, 85, 86, ]
[2, 4, 7, 21, 49, 55, 56, 59, 64, 71, 75, 77, 86, ]
[7, 10, 13, 16, 18, 22, 23, 28, 29, 33, 51, 54, 58, 62, 64, 65, 71, 72, 81, 83, 85, 87, ]