6.000000000000000000e+01
2.680000000000000000e+02
2.110000000000000000e+02
3.770000000000000000e+02
1.800000000000000000e+01
1.130000000000000000e+02
2.300000000000000000e+01
3.980000000000000000e+02
3.600000000000000000e+01
4.110000000000000000e+02
6.200000000000000000e+01
1.200000000000000000e+01
8.100000000000000000e+01
1.220000000000000000e+02
4.090000000000000000e+02
8.900000000000000000e+01
2.400000000000000000e+01
3.210000000000000000e+02
8.300000000000000000e+01
3.400000000000000000e+01
4.440000000000000000e+02
2.200000000000000000e+01
1.500000000000000000e+01
8.000000000000000000e+00
2.260000000000000000e+02
1.400000000000000000e+01
2.620000000000000000e+02
2.570000000000000000e+02
1.600000000000000000e+02
3.510000000000000000e+02
2.510000000000000000e+02
5.300000000000000000e+01
4.290000000000000000e+02
3.360000000000000000e+02
4.000000000000000000e+01
3.300000000000000000e+02
2.100000000000000000e+01
3.100000000000000000e+02
8.600000000000000000e+01
2.600000000000000000e+01
3.990000000000000000e+02
3.890000000000000000e+02
1.970000000000000000e+02
3.000000000000000000e+01
3.390000000000000000e+02
2.810000000000000000e+02
2.170000000000000000e+02
8.700000000000000000e+01
4.010000000000000000e+02
4.150000000000000000e+02
