1.022000000000000000e+03
6.580000000000000000e+02
1.926000000000000000e+03
2.337000000000000000e+03
1.758000000000000000e+03
4.260000000000000000e+02
1.383000000000000000e+03
1.996000000000000000e+03
2.038000000000000000e+03
1.805000000000000000e+03
8.020000000000000000e+02
1.024000000000000000e+03
2.171000000000000000e+03
1.517000000000000000e+03
8.960000000000000000e+02
1.081000000000000000e+03
1.584000000000000000e+03
4.860000000000000000e+02
1.759000000000000000e+03
1.865000000000000000e+03
8.420000000000000000e+02
1.019000000000000000e+03
7.970000000000000000e+02
2.399000000000000000e+03
1.263000000000000000e+03
1.992000000000000000e+03
1.581000000000000000e+03
1.686000000000000000e+03
1.016000000000000000e+03
1.082000000000000000e+03
2.172000000000000000e+03
2.037000000000000000e+03
3.670000000000000000e+02
7.360000000000000000e+02
1.878000000000000000e+03
1.868000000000000000e+03
2.338000000000000000e+03
1.323000000000000000e+03
8.620000000000000000e+02
5.370000000000000000e+02
9.020000000000000000e+02
1.696000000000000000e+03
1.927000000000000000e+03
1.643000000000000000e+03
1.078000000000000000e+03
9.620000000000000000e+02
2.379000000000000000e+03
4.270000000000000000e+02
1.504000000000000000e+03
1.639000000000000000e+03
