1.022000000000000000e+03
1.992000000000000000e+03
1.188000000000000000e+03
1.517000000000000000e+03
1.745000000000000000e+03
4.860000000000000000e+02
2.337000000000000000e+03
2.171000000000000000e+03
1.263000000000000000e+03
1.878000000000000000e+03
1.136000000000000000e+03
1.081000000000000000e+03
2.038000000000000000e+03
7.360000000000000000e+02
3.670000000000000000e+02
1.865000000000000000e+03
5.980000000000000000e+02
1.082000000000000000e+03
7.420000000000000000e+02
1.383000000000000000e+03
1.761000000000000000e+03
1.614000000000000000e+03
2.399000000000000000e+03
2.172000000000000000e+03
4.260000000000000000e+02
1.686000000000000000e+03
7.370000000000000000e+02
1.142000000000000000e+03
1.996000000000000000e+03
1.926000000000000000e+03
2.037000000000000000e+03
9.020000000000000000e+02
1.639000000000000000e+03
1.016000000000000000e+03
8.020000000000000000e+02
1.323000000000000000e+03
1.867000000000000000e+03
4.190000000000000000e+02
2.232000000000000000e+03
2.338000000000000000e+03
2.500000000000000000e+02
1.202000000000000000e+03
1.756000000000000000e+03
1.805000000000000000e+03
1.584000000000000000e+03
9.620000000000000000e+02
1.238000000000000000e+03
4.270000000000000000e+02
1.581000000000000000e+03
1.927000000000000000e+03
