9.020000000000000000e+02
1.072000000000000000e+03
2.171000000000000000e+03
1.878000000000000000e+03
1.263000000000000000e+03
2.338000000000000000e+03
3.080000000000000000e+02
1.517000000000000000e+03
1.866000000000000000e+03
2.038000000000000000e+03
1.136000000000000000e+03
8.020000000000000000e+02
1.022000000000000000e+03
1.584000000000000000e+03
1.926000000000000000e+03
1.996000000000000000e+03
1.383000000000000000e+03
4.190000000000000000e+02
4.860000000000000000e+02
1.581000000000000000e+03
1.202000000000000000e+03
2.399000000000000000e+03
2.172000000000000000e+03
8.420000000000000000e+02
7.360000000000000000e+02
1.805000000000000000e+03
8.360000000000000000e+02
2.096000000000000000e+03
3.670000000000000000e+02
1.082000000000000000e+03
2.337000000000000000e+03
1.992000000000000000e+03
1.639000000000000000e+03
1.686000000000000000e+03
7.970000000000000000e+02
7.230000000000000000e+02
5.990000000000000000e+02
1.081000000000000000e+03
1.521000000000000000e+03
1.865000000000000000e+03
1.643000000000000000e+03
1.324000000000000000e+03
4.260000000000000000e+02
2.037000000000000000e+03
9.620000000000000000e+02
1.756000000000000000e+03
1.927000000000000000e+03
1.758000000000000000e+03
1.019000000000000000e+03
4.960000000000000000e+02
