1.927000000000000000e+03
9.620000000000000000e+02
1.517000000000000000e+03
2.037000000000000000e+03
1.641000000000000000e+03
1.383000000000000000e+03
4.260000000000000000e+02
2.337000000000000000e+03
2.171000000000000000e+03
1.257000000000000000e+03
1.142000000000000000e+03
7.370000000000000000e+02
5.390000000000000000e+02
1.865000000000000000e+03
1.263000000000000000e+03
8.620000000000000000e+02
1.996000000000000000e+03
1.992000000000000000e+03
8.420000000000000000e+02
1.521000000000000000e+03
4.860000000000000000e+02
1.745000000000000000e+03
2.375000000000000000e+03
1.081000000000000000e+03
4.190000000000000000e+02
7.360000000000000000e+02
1.761000000000000000e+03
1.866000000000000000e+03
2.038000000000000000e+03
1.082000000000000000e+03
1.077000000000000000e+03
2.172000000000000000e+03
3.670000000000000000e+02
1.584000000000000000e+03
1.323000000000000000e+03
7.970000000000000000e+02
1.878000000000000000e+03
9.020000000000000000e+02
1.805000000000000000e+03
1.253000000000000000e+03
2.338000000000000000e+03
1.024000000000000000e+03
2.380000000000000000e+03
1.639000000000000000e+03
3.080000000000000000e+02
1.202000000000000000e+03
1.238000000000000000e+03
1.926000000000000000e+03
1.636000000000000000e+03
8.020000000000000000e+02
