[2, 24, 36, 39, 52, 71, 83, 84, 99, 106, 115, 134, 135, 149, 152, 154, 177, 181, 183, 184, 186, 194, 203, 204, 214, 215, 226, 228, 232, 237, 244, 245, 256, 276, 297, 299, 300, 309, 328, 335, 336, 359, 360, 361, 375, 383, 394, 395, 404, 417, 429, 431, 432, 433, 434, 436, 437, 452, 453, 454, 515, 521, 522, 551, 553, 554, 581, 589, 595, 598, 608, 615, ]
[1, 23, 48, 81, 101, 140, 154, 183, 185, 198, 215, 254, 259, 263, 275, 293, 299, 304, 314, 331, 333, 343, 360, 362, 393, 395, 396, 422, 424, 425, 427, 429, 432, 445, 452, 454, 455, 456, 457, 458, 470, 471, 477, 479, 486, 488, 489, 512, 519, 544, 545, 554, 555, 564, 565, 587, 603, ]
[21, 131, 139, 185, 330, 377, 387, 389, 425, 448, 481, 495, 513, 525, 531, 539, 545, 555, 559, 576, 581, 583, ]
[49, 123, 168, 217, 231, 305, 331, 335, 339, 346, 360, 367, 392, 394, 396, 409, 425, 428, 432, 435, 437, 446, 458, 461, 462, 470, 471, 474, 479, 499, 501, 523, 525, 533, 559, 565, 572, 579, 602, ]
[14, 15, 108, 112, 124, 165, 171, 189, 215, 217, 228, 240, 241, 253, 260, 267, 268, 271, 273, 274, 285, 287, 294, 303, 316, 328, 338, 360, 393, 395, 396, 397, 415, 421, 424, 425, 432, 434, 447, 462, 463, 466, 467, 468, 469, 471, 479, 480, 492, 512, 561, 581, 583, 601, 608, ]
[6, 16, 57, 77, 110, 131, 140, 142, 166, 169, 172, 173, 184, 192, 199, 202, 206, 226, 242, 246, 327, 336, 341, 372, 378, 395, 406, 408, 411, 412, 414, 415, 441, 445, 447, 473, 528, 590, 602, 604, 607, 608, 609, 610, 612, 614, ]
[37, 38, 81, 166, 174, 184, 239, 248, 286, 333, 357, 361, 362, 363, 394, 395, 424, 425, 426, 433, 435, 443, 447, 473, 474, 494, 495, 496, 512, 513, 522, 524, 527, 559, 560, 562, 566, 568, 582, 606, ]
[73, 108, 118, 168, 172, 180, 192, 197, 224, 252, 261, 277, 301, 333, 344, 382, 383, 384, 385, 394, 410, 417, 418, 423, 439, 440, 443, 445, 446, 449, 450, 451, 471, 473, 490, 522, 581, 582, 584, 588, 589, 600, 601, 602, 604, 606, 609, 614, ]
[3, 8, 9, 10, 22, 36, 41, 43, 47, 62, 66, 68, 75, 76, 108, 121, 178, 179, 180, 205, 213, 214, 215, 233, 234, 264, 266, 333, 337, 346, 355, 373, 416, 429, 432, 434, 437, 485, 500, 581, 596, ]
[3, 19, 39, 49, 66, 79, 101, 114, 132, 135, 146, 147, 180, 192, 200, 210, 213, 214, 220, 237, 259, 282, 306, 331, 335, 340, 362, 375, 395, 416, 426, 434, 436, 457, 461, 480, 481, 482, 488, 494, 495, 500, 501, 512, 513, 516, 526, 527, 531, 537, 553, 559, 561, 583, 601, 606, ]
[21, 49, 50, 72, 82, 115, 116, 138, 147, 148, 182, 197, 205, 214, 215, 253, 334, 339, 364, 393, 394, 395, 424, 425, 429, 447, 460, 461, 474, 488, 495, 500, 502, 524, 525, 554, 577, 581, 583, 586, 596, 609, ]
[14, 15, 45, 46, 56, 72, 102, 104, 114, 130, 133, 134, 135, 142, 145, 149, 165, 166, 167, 172, 177, 196, 210, 211, 214, 215, 217, 248, 258, 336, 363, 365, 407, 408, 416, 423, 429, 433, 436, 545, 552, 553, 582, 589, 590, 594, 606, ]
[24, 37, 48, 71, 77, 128, 161, 162, 164, 166, 171, 212, 214, 236, 275, 294, 296, 298, 299, 310, 333, 346, 370, 371, 372, 373, 391, 407, 415, 425, 435, 436, 471, 492, 522, 553, 561, 588, 591, 592, ]
[51, 69, 80, 82, 157, 160, 161, 162, 165, 175, 181, 189, 190, 207, 208, 213, 243, 248, 258, 281, 295, 302, 303, 309, 333, 346, 361, 367, 371, 372, 373, 394, 417, 423, 426, 431, 434, 435, 436, 479, 522, 556, 591, 592, 593, ]
[9, 41, 49, 68, 99, 100, 131, 132, 134, 163, 164, 166, 171, 175, 184, 198, 211, 217, 227, 232, 233, 234, 258, 261, 265, 305, 307, 311, 336, 360, 372, 375, 398, 407, 408, 409, 411, 414, 427, 431, 433, 435, 461, 475, 477, 496, 517, 549, 556, 588, 590, ]
[13, 79, 81, 106, 133, 153, 154, 165, 166, 183, 189, 214, 241, 257, 272, 279, 281, 302, 304, 327, 328, 330, 341, 343, 394, 395, 397, 426, 427, 429, 446, 448, 457, 460, 470, 471, 480, 481, 488, 489, 490, 491, 492, 493, 500, 508, 510, 530, 538, 542, 550, 560, 561, 563, 577, 581, 597, ]
[48, 51, 70, 99, 108, 122, 128, 150, 163, 182, 184, 185, 197, 200, 202, 214, 215, 217, 219, 235, 262, 264, 286, 313, 332, 339, 359, 361, 392, 393, 394, 407, 408, 409, 423, 434, 447, 477, 481, 488, 499, 511, 515, 520, 526, 527, 529, 531, 532, 537, 539, 558, 560, 577, 581, 582, 583, 590, 591, 603, ]
[2, 7, 8, 36, 49, 78, 87, 95, 98, 138, 171, 172, 173, 183, 205, 215, 232, 264, 309, 334, 337, 363, 375, 418, 422, 425, 435, 471, 561, 564, 581, 592, 606, ]
[79, 119, 130, 166, 172, 179, 207, 259, 333, 340, 377, 408, 410, 412, 413, 414, 415, 434, 442, 447, 496, 597, 601, ]
[59, 60, 81, 133, 216, 257, 272, 330, 331, 345, 354, 361, 368, 394, 424, 425, 426, 428, 432, 437, 469, 471, 474, 480, 486, 487, 488, 492, 493, 494, 496, 502, 505, 513, 527, 533, 534, 561, 565, 569, 576, 581, 612, ]
[7, 8, 12, 15, 72, 83, 99, 130, 162, 182, 184, 185, 199, 200, 214, 216, 218, 228, 249, 262, 286, 326, 331, 332, 333, 336, 358, 371, 375, 391, 407, 408, 409, 411, 428, 430, 457, 461, 471, 477, 479, 480, 497, 512, 546, 576, 589, 595, ]
[7, 37, 51, 77, 90, 113, 154, 165, 169, 173, 182, 186, 198, 203, 209, 216, 233, 241, 243, 250, 284, 294, 337, 360, 361, 362, 390, 418, 425, 426, 435, 455, 459, 461, 471, 474, 479, 480, 481, 519, 532, 544, 551, 552, 554, 567, 571, 576, 581, 590, 601, ]
[3, 10, 49, 53, 66, 67, 118, 133, 135, 198, 201, 202, 203, 214, 219, 227, 258, 259, 260, 291, 314, 323, 324, 325, 326, 333, 356, 357, 367, 394, 408, 411, 414, 431, 432, 433, 434, 435, 475, 485, 496, 499, 500, 501, 509, 545, 582, 584, 585, 586, 590, 608, ]
[3, 16, 48, 113, 130, 165, 166, 170, 207, 208, 209, 210, 213, 217, 234, 248, 303, 336, 349, 361, 376, 407, 410, 418, 436, 439, 440, 441, 447, 448, 473, 479, 521, 551, 560, 581, 582, 584, 585, 598, 600, 603, 611, ]
[3, 19, 20, 21, 23, 31, 72, 99, 103, 112, 134, 140, 162, 178, 213, 215, 227, 240, 245, 249, 258, 277, 282, 336, 364, 369, 395, 396, 397, 416, 427, 428, 432, 461, 474, 475, 479, 499, 512, 545, 562, 576, 596, ]
[7, 17, 156, 224, 277, 306, 322, 346, 390, 416, 421, 422, 426, 427, 428, 433, 471, 479, 485, 489, 491, 495, 516, 523, 526, 529, 531, 541, 547, 549, 556, 559, 560, 564, 570, 571, 573, 576, 577, 578, 580, 602, ]