[132, 140, 162, 197, 199, 208, 296, 310, 324, 329, 358, 360, 426, 427, 436, 453, 455, 469, 472, 489, 492, 496, 502, 507, 519, 521, 526, 530, 532, 533, 538, 551, 563, 573, 647, 662, 671, 680, 694, 741, 743, 744, 756, 759, 779, 789, 804, 809, 839, 840, 846, 871, 886, 903, 928, 937, 956, 991, 1020, ]
[0, 1, 41, 42, 54, 64, 70, 99, 100, 103, 108, 112, 134, 136, 146, 156, 157, 169, 171, 196, 199, 200, 223, 231, 240, 246, 268, 269, 281, 286, 296, 297, 305, 315, 331, 333, 335, 338, 342, 358, 371, 373, 392, 402, 421, 435, 457, 461, 466, 468, 475, 476, 484, 487, 492, 496, 500, 504, 519, 520, 535, 550, 555, 575, 584, 594, 596, 602, 611, 612, 620, 627, 637, 640, 647, 657, 661, 665, 675, 679, 687, 710, 711, 713, 715, 718, 719, 740, 743, 757, 776, 777, 799, 806, 840, 863, 869, 876, 893, 899, 933, 960, 969, 992, 1003, 1007, 1012, 1019, ]
[0, 11, 18, 20, 62, 87, 101, 116, 117, 127, 133, 137, 138, 148, 157, 169, 186, 192, 198, 201, 229, 265, 274, 330, 331, 339, 345, 362, 376, 378, 390, 394, 405, 425, 429, 435, 445, 456, 457, 465, 475, 487, 493, 499, 500, 516, 520, 532, 536, 537, 557, 570, 575, 597, 658, 677, 678, 688, 704, 710, 760, 775, 780, 790, 808, 815, 834, 836, 841, 893, 901, 919, 920, 963, 1015, ]
[9, 27, 60, 63, 76, 100, 127, 137, 165, 167, 169, 183, 209, 224, 232, 265, 325, 331, 347, 355, 382, 389, 402, 403, 405, 406, 410, 423, 433, 440, 441, 468, 469, 480, 498, 501, 531, 533, 538, 552, 561, 563, 565, 582, 601, 608, 654, 658, 662, 667, 677, 683, 743, 772, 775, 776, 789, 809, 825, 837, 867, 873, 887, 903, 904, 958, 959, 967, 983, 988, 993, 1002, 1021, ]
[21, 22, 23, 25, 31, 65, 95, 115, 132, 147, 169, 178, 186, 190, 197, 200, 208, 226, 238, 244, 250, 260, 264, 293, 294, 296, 305, 312, 333, 341, 345, 379, 406, 408, 411, 419, 422, 436, 457, 475, 506, 510, 532, 538, 539, 540, 563, 568, 571, 583, 590, 598, 602, 619, 624, 631, 633, 655, 659, 678, 680, 741, 757, 776, 807, 808, 840, 853, 928, 934, 946, 954, 1022, ]
[8, 13, 23, 25, 26, 28, 29, 31, 63, 73, 95, 103, 161, 164, 168, 169, 190, 200, 232, 233, 236, 239, 243, 247, 255, 286, 291, 296, 298, 313, 327, 358, 359, 390, 392, 404, 412, 424, 436, 440, 442, 452, 463, 471, 504, 507, 508, 509, 525, 526, 540, 541, 552, 559, 562, 582, 590, 600, 604, 636, 637, 646, 679, 707, 714, 741, 745, 776, 808, 839, 840, 841, 894, 895, 925, 932, 958, 987, 993, ]
[0, 1, 26, 63, 74, 75, 93, 102, 133, 138, 157, 203, 231, 233, 237, 319, 325, 340, 345, 356, 368, 374, 386, 392, 404, 408, 411, 424, 434, 445, 460, 496, 508, 531, 536, 556, 557, 561, 569, 586, 587, 596, 599, 602, 607, 621, 626, 627, 644, 649, 678, 681, 714, 731, 753, 754, 767, 784, 805, 860, 866, 872, 895, 902, 930, 934, 935, 941, 949, 958, 968, 973, 980, 989, 992, 1004, 1005, 1006, 1018, ]
[31, 40, 57, 85, 107, 138, 165, 177, 191, 213, 218, 242, 249, 252, 259, 282, 283, 312, 313, 314, 315, 316, 326, 332, 339, 357, 393, 396, 398, 400, 401, 403, 404, 420, 427, 434, 435, 440, 456, 461, 491, 492, 493, 495, 497, 519, 564, 569, 600, 623, 638, 651, 658, 807, 835, 864, 866, 898, 902, 903, 960, 963, 1013, ]
[20, 29, 31, 70, 78, 94, 118, 124, 143, 162, 168, 169, 180, 195, 203, 207, 234, 249, 256, 279, 286, 292, 293, 296, 299, 308, 319, 329, 346, 373, 411, 420, 431, 435, 456, 466, 470, 486, 497, 499, 519, 581, 592, 598, 600, 601, 622, 647, 651, 676, 708, 728, 762, 769, 778, 803, 841, 847, 853, 869, 873, 888, 894, 904, 937, 958, 964, 966, 967, 984, 1020, ]
[5, 17, 37, 57, 64, 102, 127, 132, 136, 137, 164, 174, 175, 176, 182, 196, 197, 209, 231, 232, 234, 291, 304, 345, 391, 396, 397, 403, 405, 410, 424, 447, 462, 464, 467, 471, 498, 502, 504, 507, 509, 519, 527, 529, 583, 710, 720, 745, 778, 791, 808, 814, 838, 868, 872, 927, 934, 959, 987, 1011, ]
[1, 5, 10, 14, 23, 27, 36, 74, 105, 131, 133, 152, 157, 164, 169, 177, 184, 204, 213, 223, 232, 234, 274, 277, 319, 334, 335, 367, 373, 376, 383, 398, 413, 425, 434, 437, 438, 439, 447, 453, 454, 456, 464, 466, 485, 487, 488, 489, 505, 509, 519, 521, 533, 543, 547, 550, 555, 558, 562, 564, 575, 584, 595, 597, 604, 614, 625, 631, 644, 653, 655, 664, 681, 683, 714, 729, 734, 737, 739, 744, 745, 750, 757, 774, 776, 799, 824, 840, 844, 846, 848, 858, 864, 868, 873, 883, 924, 954, 966, 979, 991, 1018, 1022, ]
[9, 16, 23, 30, 31, 33, 57, 100, 110, 128, 135, 149, 163, 164, 169, 196, 238, 251, 260, 262, 286, 310, 346, 358, 371, 377, 391, 396, 400, 424, 433, 434, 460, 467, 488, 491, 507, 528, 559, 560, 580, 595, 617, 624, 631, 652, 703, 742, 747, 765, 768, 772, 778, 803, 823, 835, 836, 867, 868, 871, 873, 894, 931, 932, 968, 987, ]
[8, 29, 31, 54, 70, 79, 95, 105, 140, 163, 167, 169, 191, 196, 207, 218, 232, 244, 262, 283, 293, 300, 330, 341, 347, 365, 373, 386, 393, 400, 408, 425, 434, 442, 444, 461, 465, 468, 471, 496, 508, 526, 539, 560, 563, 623, 625, 630, 632, 663, 677, 678, 704, 720, 728, 735, 741, 754, 772, 776, 778, 803, 824, 870, 893, 931, 934, 937, 958, 969, 993, 1001, 1016, 1019, ]
[0, 31, 46, 89, 94, 103, 105, 115, 127, 130, 133, 136, 188, 191, 195, 197, 217, 228, 230, 263, 286, 296, 302, 324, 350, 358, 361, 375, 376, 392, 405, 406, 423, 425, 428, 436, 447, 463, 473, 489, 498, 515, 526, 555, 563, 567, 581, 586, 592, 595, 596, 597, 598, 610, 611, 625, 626, 632, 649, 663, 709, 712, 745, 750, 785, 790, 791, 799, 802, 823, 831, 838, 853, 869, 872, 873, 875, 876, 895, 900, 925, 932, 940, 941, 973, 997, 1012, 1017, 1020, 1023, ]
[2, 17, 24, 33, 44, 62, 91, 92, 125, 131, 159, 165, 168, 169, 171, 172, 187, 193, 196, 197, 200, 206, 218, 240, 276, 278, 280, 293, 295, 296, 313, 329, 337, 339, 356, 357, 358, 363, 364, 373, 375, 376, 389, 407, 410, 425, 427, 437, 438, 456, 462, 463, 477, 479, 486, 487, 492, 508, 515, 518, 521, 526, 530, 534, 559, 560, 563, 583, 585, 587, 588, 589, 599, 613, 626, 629, 649, 652, 678, 683, 684, 689, 695, 712, 713, 719, 731, 737, 741, 753, 767, 798, 805, 830, 842, 851, 869, 871, 888, 901, 905, 930, 958, 972, 989, 993, 998, 1014, 1018, 1019, 1020, ]
[5, 24, 37, 41, 87, 127, 132, 134, 135, 137, 149, 201, 202, 216, 222, 228, 245, 252, 265, 295, 299, 311, 325, 365, 368, 373, 375, 377, 382, 401, 408, 409, 456, 501, 502, 553, 581, 599, 600, 603, 612, 628, 666, 685, 714, 728, 743, 749, 762, 775, 797, 817, 820, 821, 841, 843, 852, 868, 873, 903, 928, 989, 995, 1017, ]
[6, 25, 63, 68, 100, 136, 177, 197, 213, 221, 223, 233, 235, 245, 249, 263, 264, 277, 287, 294, 303, 318, 326, 328, 342, 357, 371, 372, 378, 390, 401, 407, 412, 441, 445, 467, 476, 478, 501, 504, 521, 549, 564, 591, 599, 625, 636, 651, 653, 680, 682, 708, 709, 726, 735, 745, 770, 800, 802, 813, 905, 914, 937, 969, 1010, 1023, ]
[3, 16, 30, 32, 39, 60, 70, 94, 138, 150, 158, 161, 168, 207, 220, 261, 277, 283, 294, 296, 304, 306, 319, 326, 332, 361, 363, 370, 377, 391, 412, 414, 437, 447, 464, 473, 479, 492, 498, 536, 543, 563, 612, 623, 644, 645, 661, 680, 695, 730, 735, 774, 800, 807, 830, 833, 847, 853, 875, 892, 902, 921, 926, 933, 962, 974, 993, 1000, 1023, ]
[11, 12, 25, 28, 30, 57, 69, 93, 95, 100, 103, 106, 131, 133, 135, 138, 139, 152, 170, 191, 200, 203, 221, 228, 233, 263, 283, 287, 293, 296, 299, 313, 328, 337, 344, 357, 365, 388, 392, 393, 396, 401, 402, 406, 407, 420, 428, 429, 457, 458, 462, 463, 475, 483, 487, 495, 512, 514, 523, 524, 526, 528, 530, 531, 532, 534, 538, 550, 552, 555, 588, 592, 593, 598, 616, 619, 627, 632, 647, 667, 680, 682, 683, 697, 709, 710, 711, 712, 723, 745, 750, 759, 785, 807, 809, 831, 863, 872, 895, 906, 929, 942, 960, 987, 991, 999, 1009, 1016, 1018, 1021, ]
[27, 31, 45, 67, 90, 94, 101, 112, 139, 141, 147, 165, 197, 229, 247, 261, 281, 290, 293, 318, 325, 341, 347, 356, 357, 376, 397, 400, 401, 426, 434, 435, 447, 453, 455, 460, 465, 466, 476, 486, 488, 493, 498, 501, 523, 558, 559, 561, 585, 613, 616, 631, 693, 696, 709, 712, 713, 775, 776, 798, 817, 832, 862, 872, 932, 953, 1004, 1020, ]
[5, 11, 17, 23, 28, 68, 80, 93, 97, 98, 111, 125, 132, 133, 140, 146, 162, 168, 180, 198, 202, 223, 228, 246, 247, 254, 258, 264, 266, 280, 293, 333, 345, 349, 351, 353, 358, 400, 401, 408, 416, 424, 430, 434, 440, 442, 443, 453, 480, 497, 499, 520, 527, 532, 536, 572, 588, 594, 616, 624, 688, 695, 696, 707, 710, 718, 735, 745, 748, 749, 750, 760, 763, 774, 804, 805, 808, 815, 830, 843, 884, 901, 927, 931, 933, 934, 936, 950, 960, 961, 966, 967, 969, 990, 1001, 1017, ]
[3, 11, 28, 32, 58, 77, 81, 87, 104, 106, 108, 129, 131, 132, 133, 134, 148, 171, 173, 186, 188, 201, 202, 209, 215, 235, 240, 245, 246, 259, 261, 264, 266, 286, 287, 289, 294, 313, 316, 324, 332, 340, 344, 359, 363, 389, 401, 403, 411, 426, 427, 432, 435, 440, 446, 447, 456, 457, 459, 466, 473, 476, 488, 489, 491, 517, 519, 522, 528, 550, 552, 553, 562, 580, 583, 585, 590, 614, 618, 620, 622, 624, 627, 632, 636, 652, 659, 667, 685, 717, 743, 749, 750, 765, 776, 790, 800, 803, 806, 818, 831, 833, 853, 865, 877, 879, 888, 894, 897, 901, 904, 915, 924, 931, 937, 943, 953, 965, 966, 968, 978, 986, 988, 989, 992, 1002, 1005, 1021, ]
[2, 29, 89, 94, 105, 108, 109, 117, 134, 148, 162, 163, 169, 191, 201, 202, 211, 215, 216, 228, 229, 240, 245, 260, 280, 292, 313, 324, 342, 363, 374, 375, 422, 435, 456, 464, 476, 478, 492, 497, 498, 505, 518, 533, 535, 563, 564, 587, 591, 597, 607, 616, 663, 677, 678, 679, 696, 698, 739, 741, 744, 774, 783, 784, 821, 827, 839, 872, 873, 933, 969, 986, 989, 1015, 1016, ]
[23, 28, 45, 60, 63, 66, 73, 92, 93, 94, 95, 100, 127, 226, 227, 229, 259, 273, 277, 290, 319, 321, 332, 341, 343, 356, 364, 368, 371, 374, 375, 392, 394, 399, 432, 450, 459, 468, 492, 508, 516, 520, 524, 527, 529, 530, 549, 562, 563, 565, 568, 588, 596, 598, 599, 600, 606, 614, 624, 625, 634, 644, 653, 663, 671, 685, 703, 710, 712, 715, 734, 735, 743, 748, 773, 775, 784, 838, 866, 873, 925, 936, 962, ]
[8, 23, 31, 63, 71, 90, 92, 101, 130, 136, 150, 162, 165, 190, 201, 234, 245, 249, 264, 272, 294, 305, 312, 327, 341, 342, 343, 344, 362, 370, 397, 399, 411, 415, 428, 431, 432, 433, 434, 437, 440, 441, 447, 455, 460, 465, 466, 467, 471, 472, 486, 499, 502, 516, 530, 533, 538, 569, 573, 587, 624, 646, 662, 690, 697, 710, 728, 739, 740, 756, 757, 759, 773, 776, 808, 823, 840, 870, 885, 895, 900, 905, 969, 986, 999, 1012, 1023, ]
[19, 29, 39, 42, 46, 69, 89, 93, 103, 125, 127, 135, 137, 159, 163, 188, 195, 201, 217, 238, 243, 261, 284, 291, 295, 313, 315, 340, 355, 361, 406, 407, 412, 426, 432, 435, 436, 444, 455, 464, 469, 489, 496, 509, 510, 512, 519, 522, 527, 529, 531, 532, 534, 536, 561, 571, 583, 587, 594, 634, 655, 662, 680, 694, 719, 732, 739, 760, 804, 840, 895, 899, 936, 957, 990, 992, 996, 997, 1006, ]
[6, 18, 24, 26, 31, 37, 42, 60, 62, 64, 138, 150, 159, 170, 172, 187, 194, 197, 201, 203, 232, 240, 255, 262, 269, 272, 277, 282, 295, 297, 304, 339, 357, 361, 369, 378, 388, 393, 398, 405, 423, 427, 431, 432, 456, 463, 470, 489, 491, 500, 501, 504, 505, 511, 516, 526, 528, 532, 571, 589, 621, 622, 625, 627, 629, 632, 669, 672, 693, 717, 728, 730, 737, 739, 741, 743, 753, 775, 777, 825, 831, 841, 853, 875, 880, 889, 894, 895, 904, 924, 925, 927, 928, 955, 965, 969, 1006, 1014, 1015, 1018, ]
[23, 26, 41, 63, 85, 124, 149, 157, 158, 161, 167, 191, 201, 203, 211, 222, 228, 250, 259, 264, 281, 291, 296, 348, 374, 399, 423, 435, 458, 468, 476, 487, 496, 499, 502, 504, 507, 533, 541, 543, 567, 591, 613, 646, 656, 674, 713, 745, 746, 748, 751, 773, 776, 778, 816, 827, 831, 842, 861, 868, 871, 873, 880, 894, 901, 917, 956, 968, 1009, ]
[2, 27, 29, 35, 61, 64, 67, 91, 100, 101, 111, 117, 144, 159, 200, 210, 227, 235, 247, 254, 269, 297, 300, 303, 313, 325, 336, 338, 340, 350, 353, 360, 374, 378, 384, 390, 398, 400, 402, 407, 412, 423, 433, 435, 465, 478, 493, 496, 523, 531, 558, 561, 579, 586, 623, 625, 652, 666, 726, 735, 744, 756, 799, 840, 851, 871, 896, 901, 959, 960, 969, 991, 992, 1010, ]
[1, 8, 17, 27, 63, 69, 102, 126, 134, 140, 156, 162, 163, 175, 180, 197, 201, 233, 241, 255, 275, 278, 279, 288, 292, 294, 299, 339, 344, 354, 370, 377, 379, 390, 394, 400, 403, 404, 410, 423, 430, 453, 454, 455, 458, 466, 476, 495, 500, 516, 518, 520, 528, 530, 541, 561, 565, 583, 658, 662, 664, 665, 669, 687, 702, 707, 740, 749, 757, 767, 774, 806, 822, 831, 838, 839, 840, 841, 849, 870, 888, 897, 902, 909, 925, 932, 935, 966, 967, 973, 989, 994, 1022, ]
[2, 6, 28, 29, 39, 62, 101, 106, 136, 169, 178, 193, 195, 196, 200, 208, 212, 213, 232, 236, 240, 244, 245, 248, 268, 270, 287, 304, 306, 343, 344, 345, 367, 376, 380, 392, 394, 395, 406, 414, 433, 442, 445, 456, 459, 464, 473, 489, 493, 499, 500, 503, 533, 539, 551, 592, 600, 616, 620, 646, 647, 655, 660, 664, 712, 729, 743, 780, 816, 848, 851, 856, 866, 873, 910, 938, 958, 961, 969, 992, 1009, 1023, ]
[0, 7, 14, 30, 39, 41, 42, 55, 68, 70, 101, 136, 168, 169, 190, 212, 222, 230, 234, 238, 249, 260, 265, 270, 293, 298, 323, 329, 358, 385, 391, 400, 438, 493, 505, 512, 527, 533, 540, 552, 570, 573, 598, 611, 639, 657, 693, 712, 730, 742, 744, 751, 754, 786, 788, 811, 826, 842, 846, 866, 868, 869, 889, 901, 902, 903, 912, 934, 958, 993, ]
[47, 129, 160, 191, 192, 224, 225, 243, 256, 257, 288, 289, 292, 301, 319, 321, 335, 341, 346, 353, 354, 360, 376, 417, 448, 480, 495, 556, 559, 600, 734, 773, 789, 814, 834, 944, 969, 1018, ]
[9, 26, 33, 47, 52, 69, 126, 137, 140, 145, 162, 165, 166, 169, 171, 180, 200, 209, 216, 223, 227, 231, 247, 254, 264, 271, 272, 281, 304, 305, 319, 326, 330, 336, 340, 366, 383, 385, 389, 394, 399, 412, 414, 428, 451, 456, 463, 485, 488, 489, 493, 497, 507, 518, 527, 529, 530, 531, 537, 552, 563, 574, 582, 583, 588, 593, 594, 605, 613, 616, 654, 655, 679, 686, 688, 695, 708, 712, 720, 739, 742, 746, 752, 758, 760, 769, 781, 783, 786, 867, 896, 906, 910, 913, 924, 956, 996, 1006, 1022, ]
[1, 25, 27, 64, 116, 126, 133, 143, 201, 266, 281, 291, 297, 307, 326, 331, 368, 373, 389, 398, 402, 408, 426, 430, 436, 439, 455, 490, 495, 515, 519, 524, 536, 560, 570, 650, 653, 663, 697, 711, 744, 746, 772, 808, 831, 852, 896, 905, 915, 929, 954, 994, 1019, 1021, 1023, ]
[6, 26, 27, 28, 29, 107, 120, 135, 156, 158, 202, 212, 229, 250, 259, 306, 314, 339, 344, 360, 367, 369, 375, 376, 377, 406, 425, 429, 435, 442, 443, 462, 466, 472, 483, 487, 494, 495, 496, 505, 527, 530, 561, 571, 588, 592, 599, 603, 615, 626, 638, 663, 665, 676, 678, 743, 772, 775, 793, 862, 864, 868, 869, 896, 902, 928, 929, 945, 961, 968, 986, 1000, 1008, 1011, ]
[4, 5, 17, 19, 24, 41, 55, 63, 118, 119, 122, 150, 157, 159, 165, 170, 181, 187, 195, 199, 201, 215, 227, 237, 238, 246, 248, 265, 267, 279, 280, 287, 292, 311, 312, 313, 315, 323, 337, 345, 347, 348, 349, 359, 395, 404, 412, 420, 423, 424, 435, 453, 466, 487, 494, 497, 499, 502, 506, 529, 532, 541, 567, 632, 656, 710, 713, 740, 766, 774, 791, 793, 798, 829, 839, 856, 858, 867, 888, 894, 901, 913, 960, 979, 988, 991, 996, 1003, 1010, 1012, ]
[0, 3, 4, 18, 31, 42, 50, 59, 77, 136, 139, 166, 169, 192, 196, 200, 206, 210, 228, 229, 245, 252, 260, 266, 280, 296, 298, 299, 303, 307, 324, 341, 344, 358, 369, 403, 409, 412, 414, 420, 434, 467, 470, 493, 496, 497, 500, 508, 520, 528, 536, 552, 560, 572, 587, 598, 612, 615, 627, 634, 636, 676, 708, 709, 718, 743, 757, 794, 807, 808, 811, 816, 824, 834, 869, 871, 890, 925, 936, 949, 967, 969, 991, ]
[12, 15, 28, 57, 78, 84, 105, 129, 139, 154, 166, 169, 177, 202, 213, 223, 229, 235, 265, 269, 273, 277, 282, 284, 306, 311, 312, 327, 340, 349, 358, 375, 378, 389, 393, 403, 408, 434, 441, 445, 446, 459, 462, 463, 464, 492, 499, 516, 518, 534, 547, 554, 557, 561, 565, 581, 594, 603, 631, 638, 652, 671, 681, 697, 731, 743, 744, 769, 788, 804, 808, 809, 825, 832, 835, 837, 843, 864, 865, 896, 897, 900, 910, 916, 923, 929, 930, 938, 969, 995, ]
[2, 25, 28, 60, 72, 74, 81, 82, 105, 108, 117, 164, 181, 191, 209, 216, 219, 231, 241, 254, 256, 261, 295, 298, 312, 346, 348, 357, 372, 397, 401, 420, 438, 442, 446, 466, 490, 495, 510, 529, 532, 535, 561, 565, 568, 578, 588, 592, 623, 663, 677, 679, 693, 709, 740, 768, 769, 835, 837, 899, 903, 911, 956, 967, 1009, ]