1.054000000000000000e+03
6.427000000000000000e+03
8.780000000000000000e+03
3.150000000000000000e+02
9.981000000000000000e+03
6.800000000000000000e+01
5.248000000000000000e+03
5.000000000000000000e+00
2.529000000000000000e+03
4.591000000000000000e+03
9.995000000000000000e+03
2.184000000000000000e+03
5.484000000000000000e+03
6.294000000000000000e+03
2.603000000000000000e+03
9.487000000000000000e+03
5.244000000000000000e+03
9.087000000000000000e+03
1.353000000000000000e+03
5.630000000000000000e+03
9.178000000000000000e+03
9.923000000000000000e+03
2.923000000000000000e+03
6.442000000000000000e+03
9.368000000000000000e+03
5.023000000000000000e+03
7.664000000000000000e+03
2.955000000000000000e+03
6.139000000000000000e+03
8.735000000000000000e+03
7.643000000000000000e+03
7.224000000000000000e+03
8.939000000000000000e+03
4.905000000000000000e+03
7.800000000000000000e+03
9.821000000000000000e+03
9.388000000000000000e+03
8.606000000000000000e+03
9.322000000000000000e+03
4.252000000000000000e+03
7.853000000000000000e+03
6.501000000000000000e+03
8.486000000000000000e+03
9.179000000000000000e+03
9.719000000000000000e+03
2.831000000000000000e+03
1.912000000000000000e+03
6.636000000000000000e+03
4.170000000000000000e+03
9.548000000000000000e+03
