6.427000000000000000e+03
7.211000000000000000e+03
3.703000000000000000e+03
2.636000000000000000e+03
6.975000000000000000e+03
8.684000000000000000e+03
2.032000000000000000e+03
2.923000000000000000e+03
9.322000000000000000e+03
6.294000000000000000e+03
5.000000000000000000e+00
2.529000000000000000e+03
7.643000000000000000e+03
4.021000000000000000e+03
9.487000000000000000e+03
9.995000000000000000e+03
4.490000000000000000e+03
9.981000000000000000e+03
7.391000000000000000e+03
2.603000000000000000e+03
2.831000000000000000e+03
3.274000000000000000e+03
4.905000000000000000e+03
2.300000000000000000e+02
2.760000000000000000e+03
6.268000000000000000e+03
9.548000000000000000e+03
9.087000000000000000e+03
2.584000000000000000e+03
6.630000000000000000e+03
5.630000000000000000e+03
9.923000000000000000e+03
2.988000000000000000e+03
5.248000000000000000e+03
7.805000000000000000e+03
1.353000000000000000e+03
2.749000000000000000e+03
1.060000000000000000e+02
6.442000000000000000e+03
8.486000000000000000e+03
9.719000000000000000e+03
1.912000000000000000e+03
7.664000000000000000e+03
5.023000000000000000e+03
3.442000000000000000e+03
4.960000000000000000e+03
7.262000000000000000e+03
1.000000000000000000e+03
2.955000000000000000e+03
9.368000000000000000e+03
