6.522000000000000000e+03
7.520000000000000000e+02
7.887000000000000000e+03
2.308000000000000000e+03
5.441000000000000000e+03
4.375000000000000000e+03
2.904000000000000000e+03
2.923000000000000000e+03
6.294000000000000000e+03
5.000000000000000000e+00
2.749000000000000000e+03
2.603000000000000000e+03
2.529000000000000000e+03
7.391000000000000000e+03
6.343000000000000000e+03
9.981000000000000000e+03
9.087000000000000000e+03
1.060000000000000000e+02
1.912000000000000000e+03
2.988000000000000000e+03
2.831000000000000000e+03
9.923000000000000000e+03
2.481000000000000000e+03
6.630000000000000000e+03
9.487000000000000000e+03
4.490000000000000000e+03
9.548000000000000000e+03
9.322000000000000000e+03
9.995000000000000000e+03
8.486000000000000000e+03
8.405000000000000000e+03
4.021000000000000000e+03
2.567000000000000000e+03
1.353000000000000000e+03
3.274000000000000000e+03
5.248000000000000000e+03
9.368000000000000000e+03
2.300000000000000000e+02
8.735000000000000000e+03
9.388000000000000000e+03
5.630000000000000000e+03
4.252000000000000000e+03
7.262000000000000000e+03
8.498000000000000000e+03
2.955000000000000000e+03
9.719000000000000000e+03
7.643000000000000000e+03
4.868000000000000000e+03
4.905000000000000000e+03
4.290000000000000000e+02
