1.061200000000000000e+04
1.009100000000000000e+04
7.335000000000000000e+03
3.410000000000000000e+02
9.582000000000000000e+03
5.890000000000000000e+03
9.719000000000000000e+03
7.888000000000000000e+03
1.822000000000000000e+03
9.854000000000000000e+03
6.702000000000000000e+03
8.463000000000000000e+03
1.115600000000000000e+04
1.081900000000000000e+04
2.833000000000000000e+03
2.877000000000000000e+03
3.981000000000000000e+03
1.103100000000000000e+04
4.182000000000000000e+03
3.044000000000000000e+03
1.108500000000000000e+04
9.261000000000000000e+03
2.567000000000000000e+03
2.605000000000000000e+03
1.033100000000000000e+04
6.430000000000000000e+03
4.801000000000000000e+03
8.456000000000000000e+03
5.374000000000000000e+03
6.454000000000000000e+03
1.095400000000000000e+04
1.051700000000000000e+04
9.513000000000000000e+03
9.930000000000000000e+03
4.706000000000000000e+03
4.765000000000000000e+03
2.159000000000000000e+03
9.840000000000000000e+02
3.948000000000000000e+03
9.004000000000000000e+03
3.330000000000000000e+02
8.295000000000000000e+03
8.829000000000000000e+03
8.477000000000000000e+03
3.795000000000000000e+03
2.230000000000000000e+03
6.565000000000000000e+03
4.682000000000000000e+03
4.127000000000000000e+03
8.527000000000000000e+03
