1.061200000000000000e+04
1.009100000000000000e+04
2.653000000000000000e+03
3.113000000000000000e+03
1.087300000000000000e+04
1.093500000000000000e+04
1.011500000000000000e+04
7.900000000000000000e+02
4.371000000000000000e+03
1.039200000000000000e+04
2.775000000000000000e+03
1.720000000000000000e+03
7.798000000000000000e+03
1.064000000000000000e+03
3.482000000000000000e+03
1.119100000000000000e+04
7.999000000000000000e+03
4.934000000000000000e+03
5.967000000000000000e+03
2.833000000000000000e+03
7.914000000000000000e+03
4.040000000000000000e+03
2.630000000000000000e+02
4.172000000000000000e+03
1.046100000000000000e+04
1.098700000000000000e+04
2.159000000000000000e+03
6.407000000000000000e+03
5.362000000000000000e+03
4.222000000000000000e+03
9.513000000000000000e+03
8.829000000000000000e+03
3.044000000000000000e+03
4.413000000000000000e+03
4.127000000000000000e+03
3.251000000000000000e+03
8.295000000000000000e+03
9.004000000000000000e+03
3.970000000000000000e+03
3.417000000000000000e+03
1.039900000000000000e+04
9.911000000000000000e+03
1.051700000000000000e+04
8.463000000000000000e+03
1.065900000000000000e+04
2.705000000000000000e+03
1.057700000000000000e+04
2.183000000000000000e+03
9.059000000000000000e+03
7.243000000000000000e+03
