1.870000000000000000e+03
3.817000000000000000e+03
2.446000000000000000e+03
2.172000000000000000e+03
3.912000000000000000e+03
2.761000000000000000e+03
6.360000000000000000e+02
3.600000000000000000e+02
3.902000000000000000e+03
3.213000000000000000e+03
1.290000000000000000e+02
4.300000000000000000e+03
1.100000000000000000e+02
3.454000000000000000e+03
4.432000000000000000e+03
1.650000000000000000e+03
9.950000000000000000e+02
2.554000000000000000e+03
3.759000000000000000e+03
3.770000000000000000e+02
3.775000000000000000e+03
1.053000000000000000e+03
1.061000000000000000e+03
3.512000000000000000e+03
4.368000000000000000e+03
2.800000000000000000e+01
3.684000000000000000e+03
3.602000000000000000e+03
1.075000000000000000e+03
3.500000000000000000e+03
1.318000000000000000e+03
1.488000000000000000e+03
4.394000000000000000e+03
7.530000000000000000e+02
2.240000000000000000e+03
3.521000000000000000e+03
9.560000000000000000e+02
2.155000000000000000e+03
1.010000000000000000e+03
1.857000000000000000e+03
5.190000000000000000e+02
3.975000000000000000e+03
4.230000000000000000e+03
3.786000000000000000e+03
9.620000000000000000e+02
1.764000000000000000e+03
4.010000000000000000e+03
4.187000000000000000e+03
2.100000000000000000e+01
2.165000000000000000e+03
