6.966000000000000000e+03
4.350000000000000000e+02
1.152000000000000000e+03
6.332000000000000000e+03
5.577000000000000000e+03
7.815000000000000000e+03
5.205000000000000000e+03
8.781000000000000000e+03
5.210000000000000000e+03
2.566000000000000000e+03
4.236000000000000000e+03
4.114000000000000000e+03
4.989000000000000000e+03
5.348000000000000000e+03
8.001000000000000000e+03
9.019000000000000000e+03
5.099000000000000000e+03
4.452000000000000000e+03
7.986000000000000000e+03
5.093000000000000000e+03
4.347000000000000000e+03
8.051000000000000000e+03
5.550000000000000000e+03
6.358000000000000000e+03
5.572000000000000000e+03
7.556000000000000000e+03
5.209000000000000000e+03
2.060000000000000000e+03
4.124000000000000000e+03
3.656000000000000000e+03
4.227000000000000000e+03
8.276000000000000000e+03
5.887000000000000000e+03
5.435000000000000000e+03
8.778000000000000000e+03
5.461000000000000000e+03
4.459000000000000000e+03
5.098000000000000000e+03
1.424000000000000000e+03
6.024000000000000000e+03
4.907000000000000000e+03
4.228000000000000000e+03
7.816000000000000000e+03
5.662000000000000000e+03
2.785000000000000000e+03
5.427000000000000000e+03
3.893000000000000000e+03
4.903000000000000000e+03
4.874000000000000000e+03
3.879000000000000000e+03
