6.966000000000000000e+03
9.600000000000000000e+01
8.121000000000000000e+03
5.126000000000000000e+03
5.242000000000000000e+03
1.047000000000000000e+03
3.114000000000000000e+03
7.444000000000000000e+03
8.050000000000000000e+03
3.352000000000000000e+03
8.445000000000000000e+03
8.799000000000000000e+03
5.662000000000000000e+03
5.099000000000000000e+03
4.228000000000000000e+03
4.459000000000000000e+03
8.793000000000000000e+03
5.348000000000000000e+03
7.815000000000000000e+03
5.887000000000000000e+03
5.210000000000000000e+03
8.051000000000000000e+03
7.554000000000000000e+03
6.358000000000000000e+03
5.899000000000000000e+03
4.236000000000000000e+03
8.889000000000000000e+03
4.452000000000000000e+03
8.001000000000000000e+03
4.982000000000000000e+03
8.892000000000000000e+03
1.163000000000000000e+03
7.445000000000000000e+03
7.773000000000000000e+03
4.114000000000000000e+03
3.015000000000000000e+03
5.098000000000000000e+03
4.347000000000000000e+03
5.461000000000000000e+03
8.378000000000000000e+03
7.556000000000000000e+03
5.687000000000000000e+03
3.781000000000000000e+03
5.900000000000000000e+03
2.849000000000000000e+03
4.989000000000000000e+03
4.451000000000000000e+03
3.990000000000000000e+03
7.442000000000000000e+03
4.788000000000000000e+03
