6.966000000000000000e+03
4.370000000000000000e+02
8.846000000000000000e+03
6.447000000000000000e+03
7.444000000000000000e+03
8.793000000000000000e+03
5.687000000000000000e+03
5.210000000000000000e+03
7.773000000000000000e+03
7.815000000000000000e+03
4.236000000000000000e+03
1.424000000000000000e+03
5.662000000000000000e+03
7.668000000000000000e+03
5.099000000000000000e+03
4.347000000000000000e+03
8.786000000000000000e+03
3.990000000000000000e+03
4.528000000000000000e+03
7.878000000000000000e+03
8.055000000000000000e+03
1.163000000000000000e+03
4.228000000000000000e+03
8.388000000000000000e+03
8.051000000000000000e+03
5.098000000000000000e+03
6.358000000000000000e+03
7.666000000000000000e+03
3.015000000000000000e+03
4.529000000000000000e+03
8.775000000000000000e+03
7.884000000000000000e+03
3.782000000000000000e+03
2.566000000000000000e+03
5.214000000000000000e+03
5.899000000000000000e+03
8.893000000000000000e+03
4.124000000000000000e+03
2.060000000000000000e+03
6.694000000000000000e+03
4.907000000000000000e+03
8.445000000000000000e+03
5.774000000000000000e+03
8.277000000000000000e+03
5.209000000000000000e+03
8.004000000000000000e+03
4.878000000000000000e+03
6.994000000000000000e+03
9.017000000000000000e+03
7.885000000000000000e+03
