4.162000000000000000e+03
2.710000000000000000e+03
3.077000000000000000e+03
2.806000000000000000e+03
5.760000000000000000e+02
3.724000000000000000e+03
5.268000000000000000e+03
4.460000000000000000e+03
4.190000000000000000e+02
2.084000000000000000e+03
1.701000000000000000e+03
4.797000000000000000e+03
3.576000000000000000e+03
4.736000000000000000e+03
9.200000000000000000e+02
6.300000000000000000e+01
4.982000000000000000e+03
4.479000000000000000e+03
4.203000000000000000e+03
5.472000000000000000e+03
4.829000000000000000e+03
3.507000000000000000e+03
3.084000000000000000e+03
6.840000000000000000e+02
4.826000000000000000e+03
3.522000000000000000e+03
1.341000000000000000e+03
5.480000000000000000e+03
5.152000000000000000e+03
3.220000000000000000e+02
3.790000000000000000e+02
1.864000000000000000e+03
4.751000000000000000e+03
2.882000000000000000e+03
5.624000000000000000e+03
1.400000000000000000e+03
2.884000000000000000e+03
4.000000000000000000e+00
5.160000000000000000e+02
2.211000000000000000e+03
2.065000000000000000e+03
3.505000000000000000e+03
8.930000000000000000e+02
5.254000000000000000e+03
2.475000000000000000e+03
3.741000000000000000e+03
5.427000000000000000e+03
1.310000000000000000e+03
5.235000000000000000e+03
4.900000000000000000e+01
