4.959000000000000000e+03
2.585000000000000000e+03
6.300000000000000000e+02
2.710000000000000000e+03
3.218000000000000000e+03
5.550000000000000000e+03
7.400000000000000000e+02
1.483000000000000000e+03
2.220000000000000000e+02
2.224000000000000000e+03
5.949000000000000000e+03
1.678000000000000000e+03
3.599000000000000000e+03
5.833000000000000000e+03
4.419000000000000000e+03
2.681000000000000000e+03
4.692000000000000000e+03
5.222000000000000000e+03
5.402000000000000000e+03
5.624000000000000000e+03
4.759000000000000000e+03
5.840000000000000000e+03
5.507000000000000000e+03
1.374000000000000000e+03
1.295000000000000000e+03
5.173000000000000000e+03
5.474000000000000000e+03
2.542000000000000000e+03
5.246000000000000000e+03
1.238000000000000000e+03
4.826000000000000000e+03
1.558000000000000000e+03
4.829000000000000000e+03
4.751000000000000000e+03
1.860000000000000000e+03
4.900000000000000000e+01
5.088000000000000000e+03
7.520000000000000000e+02
8.320000000000000000e+02
1.130000000000000000e+03
8.400000000000000000e+01
2.997000000000000000e+03
3.505000000000000000e+03
1.920000000000000000e+02
1.768000000000000000e+03
5.270000000000000000e+02
4.663000000000000000e+03
5.510000000000000000e+03
3.990000000000000000e+03
5.490000000000000000e+03
