2.665000000000000000e+03
8.170000000000000000e+02
1.870000000000000000e+03
3.635000000000000000e+03
5.503000000000000000e+03
1.125000000000000000e+03
4.163000000000000000e+03
1.490000000000000000e+03
2.377000000000000000e+03
1.609000000000000000e+03
4.084000000000000000e+03
3.349000000000000000e+03
3.627000000000000000e+03
3.840000000000000000e+03
2.518000000000000000e+03
5.740000000000000000e+02
3.381000000000000000e+03
7.920000000000000000e+02
4.155000000000000000e+03
1.306000000000000000e+03
4.350000000000000000e+02
1.311000000000000000e+03
1.387000000000000000e+03
3.160000000000000000e+02
3.767000000000000000e+03
3.108000000000000000e+03
4.743000000000000000e+03
4.867000000000000000e+03
3.994000000000000000e+03
6.500000000000000000e+02
2.909000000000000000e+03
3.827000000000000000e+03
3.060000000000000000e+03
4.576000000000000000e+03
4.061000000000000000e+03
2.433000000000000000e+03
1.428000000000000000e+03
3.593000000000000000e+03
5.421000000000000000e+03
3.031000000000000000e+03
1.344000000000000000e+03
3.167000000000000000e+03
3.056000000000000000e+03
7.040000000000000000e+02
3.921000000000000000e+03
3.596000000000000000e+03
4.131000000000000000e+03
1.075000000000000000e+03
5.211000000000000000e+03
2.142000000000000000e+03
