4.652000000000000000e+03
1.264000000000000000e+03
4.293000000000000000e+03
5.448000000000000000e+03
1.496000000000000000e+03
2.377000000000000000e+03
3.548000000000000000e+03
3.848000000000000000e+03
2.518000000000000000e+03
4.792000000000000000e+03
1.450000000000000000e+02
3.783000000000000000e+03
4.084000000000000000e+03
2.740000000000000000e+02
3.767000000000000000e+03
1.732000000000000000e+03
3.108000000000000000e+03
1.311000000000000000e+03
3.994000000000000000e+03
1.310000000000000000e+03
2.909000000000000000e+03
4.460000000000000000e+02
4.743000000000000000e+03
7.040000000000000000e+02
3.160000000000000000e+02
3.972000000000000000e+03
2.998000000000000000e+03
2.497000000000000000e+03
2.433000000000000000e+03
4.061000000000000000e+03
2.996000000000000000e+03
1.387000000000000000e+03
4.350000000000000000e+02
3.056000000000000000e+03
2.264000000000000000e+03
4.799000000000000000e+03
3.484000000000000000e+03
1.116000000000000000e+03
3.302000000000000000e+03
1.317000000000000000e+03
7.410000000000000000e+02
5.421000000000000000e+03
3.031000000000000000e+03
2.966000000000000000e+03
2.314000000000000000e+03
3.175000000000000000e+03
1.722000000000000000e+03
1.344000000000000000e+03
3.606000000000000000e+03
4.400000000000000000e+01
