5.400000000000000000e+01
2.756000000000000000e+03
2.552000000000000000e+03
4.305000000000000000e+03
2.215000000000000000e+03
8.000000000000000000e+00
2.415000000000000000e+03
5.486000000000000000e+03
1.797000000000000000e+03
2.314000000000000000e+03
1.513000000000000000e+03
2.000000000000000000e+00
4.460000000000000000e+02
5.354000000000000000e+03
5.033000000000000000e+03
1.344000000000000000e+03
2.966000000000000000e+03
4.400000000000000000e+01
5.960000000000000000e+02
3.175000000000000000e+03
2.330000000000000000e+03
1.311000000000000000e+03
3.160000000000000000e+02
3.108000000000000000e+03
1.387000000000000000e+03
3.767000000000000000e+03
3.994000000000000000e+03
2.518000000000000000e+03
4.084000000000000000e+03
5.180000000000000000e+03
3.484000000000000000e+03
3.167000000000000000e+03
4.743000000000000000e+03
2.264000000000000000e+03
5.535000000000000000e+03
4.061000000000000000e+03
2.433000000000000000e+03
3.921000000000000000e+03
3.056000000000000000e+03
3.627000000000000000e+03
1.317000000000000000e+03
2.909000000000000000e+03
3.596000000000000000e+03
1.012000000000000000e+03
2.526000000000000000e+03
1.882000000000000000e+03
3.031000000000000000e+03
4.325000000000000000e+03
4.576000000000000000e+03
9.850000000000000000e+02
