3.527000000000000000e+03
2.446000000000000000e+03
4.073000000000000000e+03
9.500000000000000000e+02
5.476000000000000000e+03
3.321000000000000000e+03
2.773000000000000000e+03
5.542000000000000000e+03
2.914000000000000000e+03
2.573000000000000000e+03
3.916000000000000000e+03
2.982000000000000000e+03
4.990000000000000000e+03
4.815000000000000000e+03
2.695000000000000000e+03
5.710000000000000000e+03
1.344000000000000000e+03
3.160000000000000000e+03
3.196000000000000000e+03
4.340000000000000000e+02
3.383000000000000000e+03
4.560000000000000000e+02
5.704000000000000000e+03
4.816000000000000000e+03
3.119000000000000000e+03
2.075000000000000000e+03
4.786000000000000000e+03
4.274000000000000000e+03
1.428000000000000000e+03
4.335000000000000000e+03
2.772000000000000000e+03
2.208000000000000000e+03
2.501000000000000000e+03
3.580000000000000000e+03
7.960000000000000000e+02
1.390000000000000000e+03
4.546000000000000000e+03
6.480000000000000000e+02
4.845000000000000000e+03
2.256000000000000000e+03
5.618000000000000000e+03
8.730000000000000000e+02
1.598000000000000000e+03
2.793000000000000000e+03
2.858000000000000000e+03
1.695000000000000000e+03
5.656000000000000000e+03
1.189000000000000000e+03
6.930000000000000000e+02
2.564000000000000000e+03
