2.419000000000000000e+03
1.665000000000000000e+03
1.413000000000000000e+03
1.554000000000000000e+03
1.360000000000000000e+03
1.607000000000000000e+03
1.612000000000000000e+03
1.655000000000000000e+03
1.291000000000000000e+03
4.110000000000000000e+02
6.100000000000000000e+02
1.848000000000000000e+03
9.200000000000000000e+02
1.237000000000000000e+03
8.010000000000000000e+02
1.011000000000000000e+03
1.682000000000000000e+03
7.730000000000000000e+02
1.235000000000000000e+03
9.620000000000000000e+02
6.950000000000000000e+02
1.805000000000000000e+03
7.760000000000000000e+02
1.233000000000000000e+03
5.040000000000000000e+02
1.788000000000000000e+03
9.240000000000000000e+02
8.550000000000000000e+02
7.200000000000000000e+02
1.683000000000000000e+03
1.175000000000000000e+03
6.110000000000000000e+02
4.700000000000000000e+02
1.231000000000000000e+03
8.570000000000000000e+02
6.980000000000000000e+02
5.550000000000000000e+02
1.236000000000000000e+03
2.970000000000000000e+02
1.381000000000000000e+03
3.950000000000000000e+02
1.050000000000000000e+02
1.625000000000000000e+03
5.250000000000000000e+02
8.280000000000000000e+02
1.901000000000000000e+03
8.580000000000000000e+02
1.034000000000000000e+03
1.238000000000000000e+03
9.060000000000000000e+02
