2.419000000000000000e+03
1.261000000000000000e+03
1.101000000000000000e+03
1.020000000000000000e+02
8.950000000000000000e+02
9.200000000000000000e+02
1.090000000000000000e+02
8.010000000000000000e+02
1.237000000000000000e+03
5.040000000000000000e+02
1.683000000000000000e+03
1.068000000000000000e+03
8.570000000000000000e+02
1.788000000000000000e+03
1.140000000000000000e+03
7.250000000000000000e+02
1.231000000000000000e+03
8.540000000000000000e+02
8.280000000000000000e+02
1.235000000000000000e+03
5.880000000000000000e+02
4.700000000000000000e+02
7.200000000000000000e+02
1.901000000000000000e+03
1.233000000000000000e+03
9.240000000000000000e+02
9.060000000000000000e+02
6.110000000000000000e+02
1.451000000000000000e+03
7.800000000000000000e+02
6.980000000000000000e+02
6.620000000000000000e+02
5.200000000000000000e+02
1.238000000000000000e+03
1.627000000000000000e+03
8.270000000000000000e+02
5.030000000000000000e+02
1.655000000000000000e+03
8.550000000000000000e+02
1.234000000000000000e+03
1.194000000000000000e+03
1.011000000000000000e+03
1.291000000000000000e+03
1.733000000000000000e+03
6.950000000000000000e+02
4.490000000000000000e+02
8.850000000000000000e+02
9.690000000000000000e+02
1.236000000000000000e+03
1.411000000000000000e+03
