1.927000000000000000e+03
1.022000000000000000e+03
1.521000000000000000e+03
1.936000000000000000e+03
1.610000000000000000e+03
1.465000000000000000e+03
1.422000000000000000e+03
1.459000000000000000e+03
2.369000000000000000e+03
1.184000000000000000e+03
7.430000000000000000e+02
1.760000000000000000e+03
1.644000000000000000e+03
6.840000000000000000e+02
3.840000000000000000e+02
8.230000000000000000e+02
2.057000000000000000e+03
1.522000000000000000e+03
1.362000000000000000e+03
2.123000000000000000e+03
1.240000000000000000e+03
1.368000000000000000e+03
1.364000000000000000e+03
1.458000000000000000e+03
8.030000000000000000e+02
1.244000000000000000e+03
2.125000000000000000e+03
8.840000000000000000e+02
1.672000000000000000e+03
1.761000000000000000e+03
1.125000000000000000e+03
1.499000000000000000e+03
7.440000000000000000e+02
5.650000000000000000e+02
1.578000000000000000e+03
9.420000000000000000e+02
2.003000000000000000e+03
1.876000000000000000e+03
1.543000000000000000e+03
2.245000000000000000e+03
2.217000000000000000e+03
7.650000000000000000e+02
1.704000000000000000e+03
8.570000000000000000e+02
1.245000000000000000e+03
5.030000000000000000e+02
1.314000000000000000e+03
1.399000000000000000e+03
8.860000000000000000e+02
8.200000000000000000e+01
