2.419000000000000000e+03
1.261000000000000000e+03
2.358000000000000000e+03
1.060000000000000000e+02
4.500000000000000000e+01
3.170000000000000000e+02
8.010000000000000000e+02
1.030000000000000000e+02
1.571000000000000000e+03
6.100000000000000000e+02
9.330000000000000000e+02
9.100000000000000000e+02
1.237000000000000000e+03
2.970000000000000000e+02
8.550000000000000000e+02
1.291000000000000000e+03
5.040000000000000000e+02
1.627000000000000000e+03
7.200000000000000000e+02
8.540000000000000000e+02
1.235000000000000000e+03
9.200000000000000000e+02
7.250000000000000000e+02
1.570000000000000000e+03
4.510000000000000000e+02
6.950000000000000000e+02
1.233000000000000000e+03
8.280000000000000000e+02
1.451000000000000000e+03
3.950000000000000000e+02
9.620000000000000000e+02
1.683000000000000000e+03
1.231000000000000000e+03
6.110000000000000000e+02
7.800000000000000000e+02
1.655000000000000000e+03
6.980000000000000000e+02
5.580000000000000000e+02
5.080000000000000000e+02
1.175000000000000000e+03
1.085000000000000000e+03
1.236000000000000000e+03
4.700000000000000000e+02
5.000000000000000000e+02
8.580000000000000000e+02
1.788000000000000000e+03
5.220000000000000000e+02
8.920000000000000000e+02
1.140000000000000000e+03
1.625000000000000000e+03
