9.020000000000000000e+02
1.926000000000000000e+03
1.978000000000000000e+03
1.878000000000000000e+03
1.876000000000000000e+03
2.207000000000000000e+03
1.522000000000000000e+03
1.364000000000000000e+03
2.125000000000000000e+03
2.057000000000000000e+03
1.422000000000000000e+03
2.366000000000000000e+03
1.463000000000000000e+03
2.245000000000000000e+03
1.644000000000000000e+03
1.368000000000000000e+03
1.519000000000000000e+03
7.430000000000000000e+02
1.760000000000000000e+03
1.583000000000000000e+03
1.184000000000000000e+03
2.123000000000000000e+03
3.840000000000000000e+02
1.643000000000000000e+03
1.244000000000000000e+03
1.374000000000000000e+03
1.704000000000000000e+03
2.055000000000000000e+03
1.362000000000000000e+03
2.003000000000000000e+03
8.160000000000000000e+02
7.440000000000000000e+02
1.458000000000000000e+03
1.523000000000000000e+03
4.420000000000000000e+02
7.650000000000000000e+02
1.824000000000000000e+03
1.482000000000000000e+03
1.240000000000000000e+03
1.459000000000000000e+03
8.030000000000000000e+02
1.483000000000000000e+03
6.840000000000000000e+02
1.245000000000000000e+03
5.650000000000000000e+02
8.230000000000000000e+02
1.578000000000000000e+03
2.277000000000000000e+03
1.559000000000000000e+03
2.369000000000000000e+03
