7.620000000000000000e+02
2.880000000000000000e+02
3.080000000000000000e+02
5.250000000000000000e+02
1.570000000000000000e+02
9.550000000000000000e+02
4.310000000000000000e+02
3.750000000000000000e+02
3.860000000000000000e+02
7.740000000000000000e+02
5.270000000000000000e+02
9.690000000000000000e+02
1.360000000000000000e+02
9.580000000000000000e+02
5.540000000000000000e+02
4.950000000000000000e+02
2.640000000000000000e+02
5.840000000000000000e+02
4.600000000000000000e+01
6.240000000000000000e+02
4.070000000000000000e+02
1.660000000000000000e+02
9.240000000000000000e+02
3.540000000000000000e+02
1.880000000000000000e+02
7.100000000000000000e+01
4.000000000000000000e+02
9.900000000000000000e+02
2.950000000000000000e+02
6.740000000000000000e+02
9.540000000000000000e+02
5.590000000000000000e+02
1.530000000000000000e+02
8.060000000000000000e+02
4.960000000000000000e+02
6.230000000000000000e+02
2.320000000000000000e+02
4.230000000000000000e+02
5.260000000000000000e+02
3.250000000000000000e+02
5.520000000000000000e+02
4.910000000000000000e+02
4.720000000000000000e+02
3.990000000000000000e+02
1.400000000000000000e+01
9.560000000000000000e+02
4.530000000000000000e+02
1.990000000000000000e+02
2.960000000000000000e+02
3.220000000000000000e+02
