6.030000000000000000e+03
1.120100000000000000e+04
9.406000000000000000e+03
9.052000000000000000e+03
7.540000000000000000e+03
7.428000000000000000e+03
1.124400000000000000e+04
4.437000000000000000e+03
7.025000000000000000e+03
9.862000000000000000e+03
1.087200000000000000e+04
8.160000000000000000e+03
7.378000000000000000e+03
2.601000000000000000e+03
3.873000000000000000e+03
2.815000000000000000e+03
4.376000000000000000e+03
4.020000000000000000e+02
1.188800000000000000e+04
8.525000000000000000e+03
1.804000000000000000e+03
1.257000000000000000e+04
4.288000000000000000e+03
9.956000000000000000e+03
9.322000000000000000e+03
1.994000000000000000e+03
1.138900000000000000e+04
4.170000000000000000e+03
9.023000000000000000e+03
1.017800000000000000e+04
9.587000000000000000e+03
4.228000000000000000e+03
7.189000000000000000e+03
8.529000000000000000e+03
8.210000000000000000e+02
2.743000000000000000e+03
3.337000000000000000e+03
5.675000000000000000e+03
7.769000000000000000e+03
7.952000000000000000e+03
8.116000000000000000e+03
5.826000000000000000e+03
1.254200000000000000e+04
1.712000000000000000e+03
6.322000000000000000e+03
1.144200000000000000e+04
9.480000000000000000e+02
1.133600000000000000e+04
4.516000000000000000e+03
8.890000000000000000e+03
