3.530000000000000000e+02
2.600000000000000000e+01
3.010000000000000000e+02
2.400000000000000000e+01
7.320000000000000000e+02
2.900000000000000000e+01
1.016000000000000000e+03
9.790000000000000000e+02
2.800000000000000000e+01
6.070000000000000000e+02
2.700000000000000000e+01
7.380000000000000000e+02
6.300000000000000000e+01
8.970000000000000000e+02
2.300000000000000000e+01
6.060000000000000000e+02
9.940000000000000000e+02
3.100000000000000000e+01
4.300000000000000000e+01
5.900000000000000000e+01
9.800000000000000000e+01
1.013000000000000000e+03
2.500000000000000000e+01
9.470000000000000000e+02
2.200000000000000000e+01
4.100000000000000000e+01
3.000000000000000000e+01
7.950000000000000000e+02
9.120000000000000000e+02
5.800000000000000000e+01
7.390000000000000000e+02
1.021000000000000000e+03
6.200000000000000000e+01
4.900000000000000000e+02
5.500000000000000000e+01
2.690000000000000000e+02
2.100000000000000000e+01
5.940000000000000000e+02
1.012000000000000000e+03
6.000000000000000000e+01
9.190000000000000000e+02
9.910000000000000000e+02
5.200000000000000000e+01
1.260000000000000000e+02
9.320000000000000000e+02
5.700000000000000000e+01
1.023000000000000000e+03
5.750000000000000000e+02
5.300000000000000000e+01
9.900000000000000000e+01
