6.000000000000000000e+01
4.150000000000000000e+02
1.500000000000000000e+01
2.100000000000000000e+01
2.990000000000000000e+02
2.310000000000000000e+02
3.200000000000000000e+01
1.800000000000000000e+01
6.900000000000000000e+01
2.530000000000000000e+02
6.200000000000000000e+01
3.300000000000000000e+01
1.130000000000000000e+02
3.540000000000000000e+02
3.400000000000000000e+01
2.170000000000000000e+02
2.400000000000000000e+01
2.850000000000000000e+02
1.200000000000000000e+01
2.480000000000000000e+02
3.100000000000000000e+02
4.090000000000000000e+02
8.100000000000000000e+01
7.100000000000000000e+01
3.210000000000000000e+02
6.300000000000000000e+01
1.200000000000000000e+02
3.980000000000000000e+02
1.210000000000000000e+02
3.400000000000000000e+02
8.000000000000000000e+00
3.800000000000000000e+01
2.270000000000000000e+02
1.400000000000000000e+01
2.780000000000000000e+02
7.300000000000000000e+01
3.370000000000000000e+02
4.540000000000000000e+02
2.510000000000000000e+02
8.300000000000000000e+01
4.180000000000000000e+02
2.980000000000000000e+02
1.600000000000000000e+02
4.110000000000000000e+02
2.220000000000000000e+02
1.470000000000000000e+02
3.490000000000000000e+02
7.700000000000000000e+01
8.900000000000000000e+01
3.600000000000000000e+01
