1.600000000000000000e+02
2.600000000000000000e+01
4.300000000000000000e+01
2.900000000000000000e+01
9.800000000000000000e+01
2.700000000000000000e+01
5.750000000000000000e+02
2.400000000000000000e+01
4.900000000000000000e+02
2.800000000000000000e+01
9.190000000000000000e+02
1.016000000000000000e+03
6.300000000000000000e+01
9.900000000000000000e+01
2.300000000000000000e+01
7.340000000000000000e+02
2.500000000000000000e+01
5.220000000000000000e+02
3.100000000000000000e+01
3.510000000000000000e+02
5.900000000000000000e+01
2.490000000000000000e+02
7.320000000000000000e+02
5.500000000000000000e+01
1.013000000000000000e+03
2.700000000000000000e+02
3.000000000000000000e+01
1.290000000000000000e+02
9.100000000000000000e+01
9.120000000000000000e+02
5.800000000000000000e+01
5.110000000000000000e+02
1.021000000000000000e+03
6.000000000000000000e+01
4.100000000000000000e+01
2.200000000000000000e+01
6.070000000000000000e+02
6.200000000000000000e+01
1.820000000000000000e+02
7.090000000000000000e+02
2.000000000000000000e+01
9.510000000000000000e+02
6.460000000000000000e+02
9.300000000000000000e+01
8.540000000000000000e+02
5.200000000000000000e+01
5.200000000000000000e+02
5.700000000000000000e+01
4.040000000000000000e+02
1.260000000000000000e+02
