3.530000000000000000e+02
2.600000000000000000e+01
3.010000000000000000e+02
2.900000000000000000e+01
4.300000000000000000e+01
2.400000000000000000e+01
7.380000000000000000e+02
2.700000000000000000e+01
9.510000000000000000e+02
6.300000000000000000e+01
1.016000000000000000e+03
2.800000000000000000e+01
2.700000000000000000e+02
6.070000000000000000e+02
5.900000000000000000e+01
9.190000000000000000e+02
7.950000000000000000e+02
2.500000000000000000e+01
1.920000000000000000e+02
2.200000000000000000e+01
4.100000000000000000e+01
3.000000000000000000e+01
5.750000000000000000e+02
6.200000000000000000e+01
1.012000000000000000e+03
3.510000000000000000e+02
2.300000000000000000e+01
5.200000000000000000e+02
3.100000000000000000e+01
7.670000000000000000e+02
9.100000000000000000e+01
8.540000000000000000e+02
5.800000000000000000e+01
4.900000000000000000e+02
1.013000000000000000e+03
5.300000000000000000e+01
3.030000000000000000e+02
6.000000000000000000e+01
1.820000000000000000e+02
5.500000000000000000e+01
3.200000000000000000e+02
9.460000000000000000e+02
2.100000000000000000e+01
1.260000000000000000e+02
5.210000000000000000e+02
9.910000000000000000e+02
5.700000000000000000e+01
2.710000000000000000e+02
9.300000000000000000e+01
7.610000000000000000e+02
