9.100000000000000000e+01
1.480000000000000000e+02
7.900000000000000000e+01
5.800000000000000000e+01
8.200000000000000000e+01
7.500000000000000000e+01
8.700000000000000000e+01
4.200000000000000000e+01
1.370000000000000000e+02
1.650000000000000000e+02
1.460000000000000000e+02
1.500000000000000000e+01
9.600000000000000000e+01
5.700000000000000000e+01
4.000000000000000000e+00
1.610000000000000000e+02
7.800000000000000000e+01
6.600000000000000000e+01
1.440000000000000000e+02
3.000000000000000000e+01
1.150000000000000000e+02
4.600000000000000000e+01
1.560000000000000000e+02
6.900000000000000000e+01
1.060000000000000000e+02
1.310000000000000000e+02
9.300000000000000000e+01
3.000000000000000000e+00
6.500000000000000000e+01
2.700000000000000000e+01
1.200000000000000000e+01
1.350000000000000000e+02
1.450000000000000000e+02
3.600000000000000000e+01
1.390000000000000000e+02
1.630000000000000000e+02
1.320000000000000000e+02
1.080000000000000000e+02
1.620000000000000000e+02
9.000000000000000000e+00
3.500000000000000000e+01
3.900000000000000000e+01
5.000000000000000000e+01
5.000000000000000000e+00
6.800000000000000000e+01
1.050000000000000000e+02
5.500000000000000000e+01
1.540000000000000000e+02
8.600000000000000000e+01
8.300000000000000000e+01
