9.020000000000000000e+02
8.860000000000000000e+02
8.580000000000000000e+02
1.760000000000000000e+03
7.440000000000000000e+02
4.960000000000000000e+02
4.860000000000000000e+02
1.499000000000000000e+03
1.522000000000000000e+03
1.383000000000000000e+03
8.630000000000000000e+02
7.110000000000000000e+02
2.116000000000000000e+03
1.517000000000000000e+03
7.230000000000000000e+02
1.758000000000000000e+03
8.030000000000000000e+02
1.244000000000000000e+03
1.614000000000000000e+03
1.761000000000000000e+03
1.644000000000000000e+03
5.360000000000000000e+02
7.430000000000000000e+02
1.928000000000000000e+03
2.364000000000000000e+03
2.339000000000000000e+03
1.263000000000000000e+03
1.756000000000000000e+03
1.582000000000000000e+03
6.840000000000000000e+02
1.422000000000000000e+03
7.970000000000000000e+02
8.020000000000000000e+02
1.254000000000000000e+03
6.640000000000000000e+02
1.458000000000000000e+03
2.379000000000000000e+03
1.867000000000000000e+03
1.189000000000000000e+03
1.938000000000000000e+03
2.056000000000000000e+03
8.000000000000000000e+02
9.620000000000000000e+02
2.217000000000000000e+03
1.643000000000000000e+03
1.821000000000000000e+03
1.876000000000000000e+03
1.622000000000000000e+03
2.366000000000000000e+03
1.078000000000000000e+03
