1.054000000000000000e+03
1.670000000000000000e+03
3.221000000000000000e+03
2.276000000000000000e+03
3.402000000000000000e+03
9.995000000000000000e+03
8.316000000000000000e+03
5.630000000000000000e+03
3.200000000000000000e+01
4.909000000000000000e+03
6.294000000000000000e+03
2.923000000000000000e+03
9.322000000000000000e+03
5.000000000000000000e+00
2.529000000000000000e+03
2.749000000000000000e+03
1.353000000000000000e+03
7.805000000000000000e+03
9.487000000000000000e+03
9.388000000000000000e+03
9.368000000000000000e+03
2.988000000000000000e+03
4.021000000000000000e+03
9.981000000000000000e+03
6.343000000000000000e+03
9.178000000000000000e+03
7.262000000000000000e+03
9.923000000000000000e+03
2.603000000000000000e+03
7.800000000000000000e+03
4.290000000000000000e+02
9.087000000000000000e+03
8.498000000000000000e+03
4.252000000000000000e+03
2.300000000000000000e+02
1.060000000000000000e+02
8.950000000000000000e+02
6.442000000000000000e+03
7.664000000000000000e+03
8.486000000000000000e+03
2.027000000000000000e+03
9.719000000000000000e+03
2.831000000000000000e+03
8.939000000000000000e+03
5.248000000000000000e+03
6.501000000000000000e+03
5.023000000000000000e+03
6.936000000000000000e+03
9.821000000000000000e+03
7.344000000000000000e+03
