1.061200000000000000e+04
1.009100000000000000e+04
7.335000000000000000e+03
6.808000000000000000e+03
6.476000000000000000e+03
6.746000000000000000e+03
4.872000000000000000e+03
3.460000000000000000e+02
7.055000000000000000e+03
1.093500000000000000e+04
1.115600000000000000e+04
1.949000000000000000e+03
1.054000000000000000e+03
4.542000000000000000e+03
5.570000000000000000e+02
6.034000000000000000e+03
8.463000000000000000e+03
6.702000000000000000e+03
3.989000000000000000e+03
8.295000000000000000e+03
2.009000000000000000e+03
7.999000000000000000e+03
5.820000000000000000e+02
3.795000000000000000e+03
7.243000000000000000e+03
9.856000000000000000e+03
3.643000000000000000e+03
2.583000000000000000e+03
9.878000000000000000e+03
3.291000000000000000e+03
3.247000000000000000e+03
8.130000000000000000e+02
9.409000000000000000e+03
8.527000000000000000e+03
8.360000000000000000e+02
6.652000000000000000e+03
7.480000000000000000e+03
1.002900000000000000e+04
4.935000000000000000e+03
8.605000000000000000e+03
1.064000000000000000e+03
1.419000000000000000e+03
1.041900000000000000e+04
4.988000000000000000e+03
3.911000000000000000e+03
5.864000000000000000e+03
6.590000000000000000e+02
2.833000000000000000e+03
2.159000000000000000e+03
4.127000000000000000e+03
