1.870000000000000000e+03
3.817000000000000000e+03
2.307000000000000000e+03
2.847000000000000000e+03
3.600000000000000000e+02
3.521000000000000000e+03
6.360000000000000000e+02
2.554000000000000000e+03
4.368000000000000000e+03
4.432000000000000000e+03
1.488000000000000000e+03
3.454000000000000000e+03
3.759000000000000000e+03
2.165000000000000000e+03
3.962000000000000000e+03
9.560000000000000000e+02
1.053000000000000000e+03
5.310000000000000000e+02
3.902000000000000000e+03
3.033000000000000000e+03
2.100000000000000000e+01
3.213000000000000000e+03
5.190000000000000000e+02
3.602000000000000000e+03
2.800000000000000000e+01
2.826000000000000000e+03
1.767000000000000000e+03
3.111000000000000000e+03
2.475000000000000000e+03
3.768000000000000000e+03
4.560000000000000000e+02
3.862000000000000000e+03
2.502000000000000000e+03
3.975000000000000000e+03
4.011000000000000000e+03
4.420000000000000000e+03
3.618000000000000000e+03
2.030000000000000000e+02
2.429000000000000000e+03
1.290000000000000000e+02
4.046000000000000000e+03
1.100000000000000000e+02
2.240000000000000000e+03
3.912000000000000000e+03
2.780000000000000000e+03
4.300000000000000000e+03
3.166000000000000000e+03
9.620000000000000000e+02
9.950000000000000000e+02
1.010000000000000000e+03
