1.870000000000000000e+03
3.817000000000000000e+03
2.811000000000000000e+03
2.847000000000000000e+03
3.759000000000000000e+03
3.298000000000000000e+03
3.521000000000000000e+03
1.428000000000000000e+03
3.775000000000000000e+03
1.100000000000000000e+02
6.360000000000000000e+02
1.290000000000000000e+02
1.318000000000000000e+03
3.454000000000000000e+03
3.166000000000000000e+03
2.801000000000000000e+03
3.770000000000000000e+02
3.975000000000000000e+03
9.950000000000000000e+02
2.236000000000000000e+03
2.026000000000000000e+03
4.368000000000000000e+03
2.320000000000000000e+02
4.187000000000000000e+03
5.190000000000000000e+02
2.800000000000000000e+01
4.046000000000000000e+03
3.476000000000000000e+03
4.011000000000000000e+03
4.199000000000000000e+03
4.039000000000000000e+03
4.432000000000000000e+03
3.455000000000000000e+03
5.820000000000000000e+02
2.797000000000000000e+03
1.053000000000000000e+03
1.488000000000000000e+03
3.333000000000000000e+03
1.010000000000000000e+03
4.414000000000000000e+03
4.560000000000000000e+02
1.464000000000000000e+03
1.024000000000000000e+03
1.650000000000000000e+03
4.300000000000000000e+03
1.949000000000000000e+03
1.767000000000000000e+03
2.479000000000000000e+03
3.618000000000000000e+03
2.030000000000000000e+02
