1.730000000000000000e+02
9.280000000000000000e+02
5.000000000000000000e+01
5.320000000000000000e+02
5.280000000000000000e+02
4.240000000000000000e+02
9.850000000000000000e+02
4.000000000000000000e+00
3.750000000000000000e+02
4.560000000000000000e+02
6.010000000000000000e+02
1.400000000000000000e+01
5.840000000000000000e+02
3.430000000000000000e+02
4.720000000000000000e+02
6.300000000000000000e+02
4.550000000000000000e+02
5.370000000000000000e+02
4.070000000000000000e+02
1.230000000000000000e+02
2.330000000000000000e+02
5.030000000000000000e+02
1.100000000000000000e+01
4.660000000000000000e+02
4.080000000000000000e+02
1.700000000000000000e+01
4.730000000000000000e+02
3.110000000000000000e+02
5.940000000000000000e+02
2.000000000000000000e+00
5.040000000000000000e+02
5.380000000000000000e+02
4.710000000000000000e+02
6.000000000000000000e+00
5.660000000000000000e+02
4.370000000000000000e+02
4.230000000000000000e+02
2.000000000000000000e+01
6.310000000000000000e+02
3.440000000000000000e+02
5.690000000000000000e+02
6.940000000000000000e+02
4.390000000000000000e+02
7.000000000000000000e+00
6.160000000000000000e+02
1.250000000000000000e+02
6.450000000000000000e+02
2.320000000000000000e+02
5.050000000000000000e+02
7.270000000000000000e+02
