8.960000000000000000e+02
1.990000000000000000e+02
2.280000000000000000e+02
2.000000000000000000e+01
9.590000000000000000e+02
4.360000000000000000e+02
4.240000000000000000e+02
4.070000000000000000e+02
5.370000000000000000e+02
6.300000000000000000e+02
4.720000000000000000e+02
3.430000000000000000e+02
1.100000000000000000e+01
5.030000000000000000e+02
1.700000000000000000e+01
4.560000000000000000e+02
6.630000000000000000e+02
5.970000000000000000e+02
1.230000000000000000e+02
4.080000000000000000e+02
3.280000000000000000e+02
4.650000000000000000e+02
6.010000000000000000e+02
3.750000000000000000e+02
4.000000000000000000e+00
5.060000000000000000e+02
5.350000000000000000e+02
4.690000000000000000e+02
7.270000000000000000e+02
4.730000000000000000e+02
4.550000000000000000e+02
3.760000000000000000e+02
3.420000000000000000e+02
7.000000000000000000e+00
5.110000000000000000e+02
4.660000000000000000e+02
1.600000000000000000e+01
4.710000000000000000e+02
5.340000000000000000e+02
5.850000000000000000e+02
6.160000000000000000e+02
1.240000000000000000e+02
6.590000000000000000e+02
6.000000000000000000e+00
4.540000000000000000e+02
5.050000000000000000e+02
5.680000000000000000e+02
7.240000000000000000e+02
2.200000000000000000e+01
6.810000000000000000e+02
