9.857000000000000000e+03
7.287000000000000000e+03
6.440000000000000000e+02
3.990000000000000000e+02
8.386000000000000000e+03
4.452000000000000000e+03
4.529000000000000000e+03
8.055000000000000000e+03
5.210000000000000000e+03
2.962000000000000000e+03
7.815000000000000000e+03
8.001000000000000000e+03
5.899000000000000000e+03
4.347000000000000000e+03
7.773000000000000000e+03
5.662000000000000000e+03
5.099000000000000000e+03
6.358000000000000000e+03
3.782000000000000000e+03
4.228000000000000000e+03
8.051000000000000000e+03
5.427000000000000000e+03
5.215000000000000000e+03
8.276000000000000000e+03
2.566000000000000000e+03
8.781000000000000000e+03
4.417000000000000000e+03
4.339000000000000000e+03
4.236000000000000000e+03
7.878000000000000000e+03
7.666000000000000000e+03
5.348000000000000000e+03
5.214000000000000000e+03
8.002000000000000000e+03
7.884000000000000000e+03
5.239000000000000000e+03
9.017000000000000000e+03
5.098000000000000000e+03
4.676000000000000000e+03
5.121000000000000000e+03
2.849000000000000000e+03
4.869000000000000000e+03
3.352000000000000000e+03
5.438000000000000000e+03
8.893000000000000000e+03
4.114000000000000000e+03
4.989000000000000000e+03
7.446000000000000000e+03
5.232000000000000000e+03
1.087000000000000000e+03
