6.966000000000000000e+03
6.660000000000000000e+02
8.284000000000000000e+03
9.683000000000000000e+03
4.978000000000000000e+03
5.236000000000000000e+03
5.577000000000000000e+03
7.444000000000000000e+03
8.778000000000000000e+03
4.553000000000000000e+03
1.163000000000000000e+03
8.055000000000000000e+03
4.529000000000000000e+03
7.884000000000000000e+03
7.783000000000000000e+03
5.461000000000000000e+03
8.051000000000000000e+03
5.099000000000000000e+03
5.887000000000000000e+03
4.124000000000000000e+03
7.815000000000000000e+03
7.661000000000000000e+03
4.304000000000000000e+03
4.236000000000000000e+03
8.544000000000000000e+03
7.220000000000000000e+03
3.015000000000000000e+03
4.452000000000000000e+03
7.773000000000000000e+03
7.668000000000000000e+03
5.098000000000000000e+03
8.001000000000000000e+03
8.786000000000000000e+03
7.878000000000000000e+03
8.799000000000000000e+03
4.640000000000000000e+03
1.883000000000000000e+03
3.990000000000000000e+03
4.795000000000000000e+03
6.994000000000000000e+03
8.775000000000000000e+03
4.527000000000000000e+03
4.349000000000000000e+03
2.787000000000000000e+03
8.053000000000000000e+03
5.237000000000000000e+03
1.882000000000000000e+03
3.670000000000000000e+03
3.185000000000000000e+03
7.885000000000000000e+03
