4.162000000000000000e+03
2.710000000000000000e+03
3.077000000000000000e+03
5.599000000000000000e+03
3.614000000000000000e+03
2.337000000000000000e+03
3.474000000000000000e+03
3.853000000000000000e+03
3.909000000000000000e+03
7.020000000000000000e+02
2.084000000000000000e+03
4.352000000000000000e+03
5.571000000000000000e+03
4.203000000000000000e+03
3.715000000000000000e+03
8.870000000000000000e+02
1.837000000000000000e+03
3.891000000000000000e+03
3.397000000000000000e+03
5.128000000000000000e+03
2.526000000000000000e+03
1.113000000000000000e+03
4.926000000000000000e+03
3.483000000000000000e+03
4.798000000000000000e+03
3.166000000000000000e+03
3.724000000000000000e+03
1.233000000000000000e+03
4.290000000000000000e+03
5.300000000000000000e+01
2.231000000000000000e+03
3.691000000000000000e+03
4.797000000000000000e+03
1.701000000000000000e+03
5.679000000000000000e+03
4.483000000000000000e+03
2.884000000000000000e+03
8.320000000000000000e+02
2.393000000000000000e+03
2.433000000000000000e+03
3.155000000000000000e+03
3.358000000000000000e+03
9.200000000000000000e+02
5.308000000000000000e+03
1.088000000000000000e+03
2.600000000000000000e+03
1.252000000000000000e+03
2.766000000000000000e+03
8.900000000000000000e+02
4.014000000000000000e+03
