4.162000000000000000e+03
2.710000000000000000e+03
3.077000000000000000e+03
5.154000000000000000e+03
1.050000000000000000e+02
4.172000000000000000e+03
3.951000000000000000e+03
1.620000000000000000e+03
4.521000000000000000e+03
1.113000000000000000e+03
3.188000000000000000e+03
1.689000000000000000e+03
3.358000000000000000e+03
3.483000000000000000e+03
5.152000000000000000e+03
2.084000000000000000e+03
1.701000000000000000e+03
4.479000000000000000e+03
3.576000000000000000e+03
4.484000000000000000e+03
3.341000000000000000e+03
3.715000000000000000e+03
3.044000000000000000e+03
5.674000000000000000e+03
1.283000000000000000e+03
2.884000000000000000e+03
2.569000000000000000e+03
4.292000000000000000e+03
2.600000000000000000e+02
5.679000000000000000e+03
5.254000000000000000e+03
2.231000000000000000e+03
4.085000000000000000e+03
6.030000000000000000e+02
3.084000000000000000e+03
3.522000000000000000e+03
4.982000000000000000e+03
7.980000000000000000e+02
8.900000000000000000e+02
2.766000000000000000e+03
9.900000000000000000e+01
1.492000000000000000e+03
5.052000000000000000e+03
4.709000000000000000e+03
1.400000000000000000e+03
5.128000000000000000e+03
1.654000000000000000e+03
3.227000000000000000e+03
2.209000000000000000e+03
4.014000000000000000e+03
