9.010000000000000000e+02
1.016000000000000000e+03
4.170000000000000000e+02
4.960000000000000000e+02
7.380000000000000000e+02
1.245000000000000000e+03
8.040000000000000000e+02
7.430000000000000000e+02
2.850000000000000000e+02
8.700000000000000000e+02
1.368000000000000000e+03
6.980000000000000000e+02
8.030000000000000000e+02
1.244000000000000000e+03
1.824000000000000000e+03
5.610000000000000000e+02
1.062000000000000000e+03
8.160000000000000000e+02
1.578000000000000000e+03
8.200000000000000000e+01
8.230000000000000000e+02
1.362000000000000000e+03
1.760000000000000000e+03
6.840000000000000000e+02
1.522000000000000000e+03
1.422000000000000000e+03
1.937000000000000000e+03
2.369000000000000000e+03
1.007000000000000000e+03
5.650000000000000000e+02
2.245000000000000000e+03
1.482000000000000000e+03
1.458000000000000000e+03
1.364000000000000000e+03
1.583000000000000000e+03
2.366000000000000000e+03
1.704000000000000000e+03
8.860000000000000000e+02
1.559000000000000000e+03
8.400000000000000000e+01
7.440000000000000000e+02
8.570000000000000000e+02
1.045000000000000000e+03
1.240000000000000000e+03
1.185000000000000000e+03
2.990000000000000000e+02
3.870000000000000000e+02
2.363000000000000000e+03
1.644000000000000000e+03
8.830000000000000000e+02
