2.419000000000000000e+03
2.358000000000000000e+03
1.090000000000000000e+02
1.043000000000000000e+03
1.000000000000000000e+02
2.396000000000000000e+03
3.790000000000000000e+02
1.408000000000000000e+03
2.730000000000000000e+02
1.020000000000000000e+02
9.670000000000000000e+02
1.627000000000000000e+03
2.970000000000000000e+02
6.110000000000000000e+02
1.235000000000000000e+03
9.100000000000000000e+02
1.237000000000000000e+03
8.550000000000000000e+02
5.040000000000000000e+02
1.683000000000000000e+03
7.200000000000000000e+02
8.570000000000000000e+02
1.231000000000000000e+03
8.540000000000000000e+02
8.640000000000000000e+02
5.020000000000000000e+02
7.760000000000000000e+02
1.788000000000000000e+03
4.110000000000000000e+02
1.233000000000000000e+03
8.280000000000000000e+02
9.060000000000000000e+02
1.682000000000000000e+03
1.655000000000000000e+03
9.040000000000000000e+02
8.010000000000000000e+02
5.080000000000000000e+02
4.490000000000000000e+02
1.236000000000000000e+03
6.950000000000000000e+02
8.270000000000000000e+02
1.562000000000000000e+03
1.011000000000000000e+03
1.229000000000000000e+03
5.580000000000000000e+02
1.279000000000000000e+03
1.234000000000000000e+03
3.950000000000000000e+02
7.250000000000000000e+02
9.580000000000000000e+02
