4.800000000000000000e+02
4.030000000000000000e+02
7.960000000000000000e+02
1.570000000000000000e+02
5.270000000000000000e+02
3.860000000000000000e+02
9.240000000000000000e+02
4.000000000000000000e+02
7.740000000000000000e+02
2.640000000000000000e+02
4.310000000000000000e+02
3.750000000000000000e+02
9.580000000000000000e+02
6.230000000000000000e+02
7.100000000000000000e+01
5.540000000000000000e+02
4.530000000000000000e+02
9.690000000000000000e+02
2.950000000000000000e+02
5.590000000000000000e+02
4.330000000000000000e+02
6.220000000000000000e+02
1.880000000000000000e+02
4.950000000000000000e+02
6.620000000000000000e+02
5.840000000000000000e+02
4.070000000000000000e+02
2.960000000000000000e+02
9.590000000000000000e+02
1.990000000000000000e+02
3.540000000000000000e+02
9.550000000000000000e+02
2.630000000000000000e+02
4.910000000000000000e+02
1.400000000000000000e+01
9.570000000000000000e+02
4.320000000000000000e+02
4.620000000000000000e+02
5.500000000000000000e+02
9.530000000000000000e+02
4.200000000000000000e+02
6.740000000000000000e+02
9.250000000000000000e+02
4.700000000000000000e+02
8.410000000000000000e+02
4.250000000000000000e+02
1.540000000000000000e+02
8.060000000000000000e+02
1.330000000000000000e+02
3.990000000000000000e+02
