6.030000000000000000e+03
1.120100000000000000e+04
9.406000000000000000e+03
9.052000000000000000e+03
1.026200000000000000e+04
3.248000000000000000e+03
1.093000000000000000e+04
9.486000000000000000e+03
5.380000000000000000e+02
1.188800000000000000e+04
1.187600000000000000e+04
1.804000000000000000e+03
8.389000000000000000e+03
1.072600000000000000e+04
4.730000000000000000e+03
5.845000000000000000e+03
9.956000000000000000e+03
4.644000000000000000e+03
2.600000000000000000e+03
3.409000000000000000e+03
1.003700000000000000e+04
1.172500000000000000e+04
1.017800000000000000e+04
3.563000000000000000e+03
4.134000000000000000e+03
1.214400000000000000e+04
4.288000000000000000e+03
1.043400000000000000e+04
1.133600000000000000e+04
5.491000000000000000e+03
7.224000000000000000e+03
5.643000000000000000e+03
1.026100000000000000e+04
8.525000000000000000e+03
1.999000000000000000e+03
5.475000000000000000e+03
8.090000000000000000e+02
9.322000000000000000e+03
8.210000000000000000e+02
1.743000000000000000e+03
2.815000000000000000e+03
3.662000000000000000e+03
6.676000000000000000e+03
1.776000000000000000e+03
9.480000000000000000e+02
5.244000000000000000e+03
3.460000000000000000e+02
1.720000000000000000e+03
9.970000000000000000e+02
3.496000000000000000e+03
