1.120100000000000000e+04
6.030000000000000000e+03
9.406000000000000000e+03
9.052000000000000000e+03
9.078000000000000000e+03
1.182500000000000000e+04
8.917000000000000000e+03
2.601000000000000000e+03
8.607000000000000000e+03
5.390000000000000000e+03
9.862000000000000000e+03
1.193800000000000000e+04
1.187600000000000000e+04
5.367000000000000000e+03
1.110200000000000000e+04
1.188800000000000000e+04
2.815000000000000000e+03
7.110000000000000000e+03
8.091000000000000000e+03
5.244000000000000000e+03
1.804000000000000000e+03
1.133600000000000000e+04
1.188600000000000000e+04
1.700000000000000000e+03
3.308000000000000000e+03
1.365000000000000000e+03
7.280000000000000000e+03
4.710000000000000000e+03
6.218000000000000000e+03
1.378000000000000000e+03
4.170000000000000000e+03
1.170800000000000000e+04
1.214400000000000000e+04
3.179000000000000000e+03
9.480000000000000000e+02
5.643000000000000000e+03
5.826000000000000000e+03
1.191800000000000000e+04
4.228000000000000000e+03
1.664000000000000000e+03
6.016000000000000000e+03
1.026100000000000000e+04
9.967000000000000000e+03
1.075500000000000000e+04
1.149400000000000000e+04
1.017800000000000000e+04
2.663000000000000000e+03
1.060100000000000000e+04
7.170000000000000000e+03
8.310000000000000000e+02
