6.030000000000000000e+03
1.120100000000000000e+04
9.406000000000000000e+03
9.052000000000000000e+03
7.428000000000000000e+03
1.026200000000000000e+04
3.261000000000000000e+03
9.956000000000000000e+03
2.600000000000000000e+03
1.193800000000000000e+04
1.250400000000000000e+04
1.012900000000000000e+04
1.129700000000000000e+04
5.367000000000000000e+03
1.251000000000000000e+04
1.026100000000000000e+04
1.017800000000000000e+04
1.133600000000000000e+04
8.525000000000000000e+03
4.516000000000000000e+03
2.782000000000000000e+03
7.534000000000000000e+03
7.111000000000000000e+03
1.166100000000000000e+04
2.010000000000000000e+03
3.633000000000000000e+03
3.662000000000000000e+03
3.409000000000000000e+03
2.091000000000000000e+03
4.644000000000000000e+03
5.611000000000000000e+03
8.890000000000000000e+03
1.725000000000000000e+03
5.244000000000000000e+03
1.225900000000000000e+04
4.228000000000000000e+03
1.214400000000000000e+04
1.804000000000000000e+03
1.002100000000000000e+04
4.134000000000000000e+03
4.288000000000000000e+03
3.308000000000000000e+03
9.247000000000000000e+03
4.710000000000000000e+03
7.492000000000000000e+03
4.594000000000000000e+03
4.476000000000000000e+03
9.322000000000000000e+03
1.776000000000000000e+03
6.322000000000000000e+03
