2.430000000000000000e+02
3.220000000000000000e+03
6.486000000000000000e+03
2.190000000000000000e+02
1.540000000000000000e+02
6.522000000000000000e+03
9.879000000000000000e+03
4.325000000000000000e+03
5.004000000000000000e+03
1.288000000000000000e+03
1.054000000000000000e+03
2.850000000000000000e+03
6.427000000000000000e+03
7.520000000000000000e+02
5.780000000000000000e+02
2.742000000000000000e+03
8.322000000000000000e+03
2.636000000000000000e+03
4.152000000000000000e+03
3.256000000000000000e+03
6.439000000000000000e+03
5.399000000000000000e+03
2.880000000000000000e+02
7.747000000000000000e+03
8.326000000000000000e+03
2.390000000000000000e+03
3.205000000000000000e+03
8.289000000000000000e+03
8.377000000000000000e+03
7.860000000000000000e+03
4.380000000000000000e+02
9.134000000000000000e+03
3.660000000000000000e+03
3.758000000000000000e+03
2.308000000000000000e+03
1.247000000000000000e+03
9.274000000000000000e+03
6.927000000000000000e+03
3.652000000000000000e+03
8.238000000000000000e+03
2.255000000000000000e+03
2.919000000000000000e+03
7.271000000000000000e+03
5.119000000000000000e+03
7.074000000000000000e+03
6.210000000000000000e+02
1.045000000000000000e+03
8.052000000000000000e+03
7.318000000000000000e+03
7.259000000000000000e+03
