7.768000000000000000e+03
7.092000000000000000e+03
8.082000000000000000e+03
9.153000000000000000e+03
1.114300000000000000e+04
3.610000000000000000e+02
4.368000000000000000e+03
7.335000000000000000e+03
1.061200000000000000e+04
1.016800000000000000e+04
1.017800000000000000e+04
2.046000000000000000e+03
8.880000000000000000e+03
6.772000000000000000e+03
3.742000000000000000e+03
4.580000000000000000e+02
5.740000000000000000e+02
1.009100000000000000e+04
3.315000000000000000e+03
3.834000000000000000e+03
9.743000000000000000e+03
4.920000000000000000e+02
8.010000000000000000e+03
4.329000000000000000e+03
1.351000000000000000e+03
9.193000000000000000e+03
6.649000000000000000e+03
1.012400000000000000e+04
8.486000000000000000e+03
3.664000000000000000e+03
4.103000000000000000e+03
9.613000000000000000e+03
5.261000000000000000e+03
1.030500000000000000e+04
5.900000000000000000e+03
5.093000000000000000e+03
1.936000000000000000e+03
1.945000000000000000e+03
6.324000000000000000e+03
6.078000000000000000e+03
7.393000000000000000e+03
8.379000000000000000e+03
9.356000000000000000e+03
7.836000000000000000e+03
4.441000000000000000e+03
8.781000000000000000e+03
6.022000000000000000e+03
2.125000000000000000e+03
1.679000000000000000e+03
1.025600000000000000e+04
