1.114300000000000000e+04
9.153000000000000000e+03
9.076000000000000000e+03
7.768000000000000000e+03
4.580000000000000000e+02
1.009100000000000000e+04
2.046000000000000000e+03
6.078000000000000000e+03
8.250000000000000000e+02
8.880000000000000000e+03
3.100000000000000000e+02
8.082000000000000000e+03
1.264000000000000000e+03
1.061200000000000000e+04
7.335000000000000000e+03
3.834000000000000000e+03
3.742000000000000000e+03
1.016800000000000000e+04
4.441000000000000000e+03
1.128000000000000000e+03
4.051000000000000000e+03
6.772000000000000000e+03
1.017800000000000000e+04
9.743000000000000000e+03
1.945000000000000000e+03
6.649000000000000000e+03
1.012400000000000000e+04
8.486000000000000000e+03
9.613000000000000000e+03
8.010000000000000000e+03
6.022000000000000000e+03
8.962000000000000000e+03
8.031000000000000000e+03
1.329000000000000000e+03
3.406000000000000000e+03
5.261000000000000000e+03
1.009200000000000000e+04
4.082000000000000000e+03
9.448000000000000000e+03
1.030500000000000000e+04
4.103000000000000000e+03
6.230000000000000000e+03
4.368000000000000000e+03
9.935000000000000000e+03
3.610000000000000000e+02
9.356000000000000000e+03
7.393000000000000000e+03
4.329000000000000000e+03
5.093000000000000000e+03
1.064100000000000000e+04
