1.870000000000000000e+03
3.817000000000000000e+03
3.299000000000000000e+03
3.020000000000000000e+03
8.500000000000000000e+01
4.240000000000000000e+03
3.769000000000000000e+03
7.380000000000000000e+02
3.337000000000000000e+03
2.410000000000000000e+03
4.030000000000000000e+03
3.790000000000000000e+02
3.992000000000000000e+03
2.870000000000000000e+03
2.329000000000000000e+03
4.419000000000000000e+03
4.156000000000000000e+03
9.800000000000000000e+02
3.307000000000000000e+03
5.540000000000000000e+02
2.534000000000000000e+03
5.000000000000000000e+00
2.975000000000000000e+03
2.932000000000000000e+03
1.597000000000000000e+03
6.190000000000000000e+02
4.279000000000000000e+03
4.020000000000000000e+03
3.600000000000000000e+01
8.640000000000000000e+02
2.878000000000000000e+03
1.346000000000000000e+03
2.499000000000000000e+03
2.617000000000000000e+03
2.858000000000000000e+03
1.194000000000000000e+03
1.180000000000000000e+02
8.840000000000000000e+02
3.434000000000000000e+03
1.647000000000000000e+03
8.460000000000000000e+02
4.423000000000000000e+03
9.230000000000000000e+02
7.390000000000000000e+02
3.608000000000000000e+03
4.290000000000000000e+02
1.978000000000000000e+03
8.900000000000000000e+01
9.500000000000000000e+01
2.766000000000000000e+03
