6.966000000000000000e+03
9.600000000000000000e+01
6.501000000000000000e+03
9.751000000000000000e+03
8.950000000000000000e+02
7.190000000000000000e+03
7.810000000000000000e+02
8.854000000000000000e+03
8.937000000000000000e+03
8.863000000000000000e+03
1.019400000000000000e+04
6.967000000000000000e+03
6.710000000000000000e+02
6.613000000000000000e+03
3.090000000000000000e+02
5.845000000000000000e+03
6.670000000000000000e+02
9.857000000000000000e+03
6.051000000000000000e+03
7.076000000000000000e+03
9.864000000000000000e+03
7.790000000000000000e+02
9.956000000000000000e+03
7.077000000000000000e+03
9.970000000000000000e+03
2.750000000000000000e+02
9.992000000000000000e+03
3.160000000000000000e+02
6.965000000000000000e+03
6.680000000000000000e+02
9.206000000000000000e+03
3.390000000000000000e+02
5.063000000000000000e+03
6.389000000000000000e+03
7.800000000000000000e+02
9.755000000000000000e+03
9.567000000000000000e+03
6.853000000000000000e+03
5.000000000000000000e+00
2.805000000000000000e+03
3.240000000000000000e+02
9.092000000000000000e+03
2.250000000000000000e+02
6.700000000000000000e+02
7.189000000000000000e+03
1.028500000000000000e+04
7.281000000000000000e+03
6.660000000000000000e+02
6.404000000000000000e+03
9.277000000000000000e+03
