[27, 29, 31, 33, 35, 37, 39, 41, 56, 58, 60, 62, 65, 67, 69, 71, 75, 79, 81, 87]
[21, 23, 29, 31, 33, 35, 37, 39, 41, 54, 60, 62, 64, 66, 68, 70, 72, 74, 76, 78]
[25, 35, 37, 39, 41, 43, 45, 47, 49, 51, 53, 55, 57, 59, 61, 65, 69, 71, 73, 78]
[1, 3, 5, 7, 9, 37, 41, 43, 45, 47, 49, 53, 55, 77, 79, 81, 83, 85, 87, 89]
[35, 37, 39, 41, 43, 45, 47, 49, 51, 53, 55, 57, 59, 61, 63, 65, 67, 69, 71, 73]
[]
[]
[]
[]
[]
[]
[]
[]
[]
[20, 22, 24, 26, 28, 30, 32, 34, 36, 42, 48, 50, 55, 57, 61, 63, 69, 71, 86, 88]
[18, 20, 22, 24, 26, 28, 30, 32, 34, 36, 38, 40, 42, 44, 55, 57, 59, 61, 63, 65]
[42, 44, 46, 48, 50, 52, 54, 56, 58, 60, 62, 63, 64, 68, 70, 78, 80, 82, 86, 88]
[14, 16, 18, 20, 22, 24, 30, 32, 34, 36, 38, 44, 46, 48, 50, 54, 56, 65, 75, 77]
[12, 14, 16, 18, 20, 22, 24, 26, 28, 30, 32, 34, 49, 51, 53, 54, 56, 57, 59, 78]
[]
[]
[]
[]
[]
[]
[]
[]
[]
[27, 29, 31, 33, 35, 37, 39, 41, 56, 57, 58, 60, 65, 67, 69, 71, 75, 79, 81, 85]
[21, 23, 25, 29, 31, 37, 39, 41, 43, 49, 51, 62, 64, 66, 68, 70, 72, 74, 76, 78]
[35, 37, 39, 41, 43, 45, 47, 49, 51, 53, 55, 57, 59, 61, 71, 73, 78, 83, 85, 87]
[1, 3, 5, 7, 9, 37, 41, 43, 45, 47, 49, 53, 55, 67, 69, 75, 77, 81, 83, 85]
[33, 37, 39, 41, 43, 45, 47, 49, 51, 55, 57, 59, 61, 63, 65, 67, 69, 71, 73, 75]
[]
[]
[]
[]
[]
[]
[]
[]
[]
[24, 26, 28, 30, 32, 34, 36, 42, 48, 50, 52, 55, 57, 63, 69, 71, 73, 79, 86, 88]
[16, 18, 20, 22, 24, 26, 28, 30, 32, 34, 36, 38, 40, 42, 57, 59, 60, 61, 63, 67]
[40, 42, 44, 46, 48, 50, 52, 54, 56, 58, 60, 62, 64, 65, 68, 70, 80, 82, 86, 88]
[12, 14, 16, 18, 20, 22, 24, 30, 32, 34, 36, 38, 44, 46, 48, 50, 63, 73, 75, 77]
[14, 16, 18, 20, 22, 24, 26, 28, 30, 32, 34, 49, 51, 53, 54, 55, 56, 57, 59, 61]
[]
[]
[]
[]
[]
[]
[]
[]
[]
[27, 29, 31, 33, 35, 37, 39, 41, 56, 58, 60, 62, 65, 67, 69, 71, 75, 79, 83, 87]
[21, 29, 33, 37, 39, 41, 43, 45, 49, 51, 60, 62, 64, 66, 68, 70, 72, 74, 76, 78]
[25, 35, 37, 39, 41, 43, 45, 47, 49, 51, 52, 53, 55, 57, 59, 61, 71, 73, 83, 85]
[1, 3, 5, 7, 37, 39, 41, 43, 45, 47, 49, 53, 55, 67, 77, 81, 83, 85, 87, 89]
[35, 37, 39, 41, 43, 45, 47, 49, 51, 55, 57, 59, 61, 63, 65, 67, 69, 71, 73, 75]
[]
[]
[]
[]
[]
[]
[]
[]
[]
[24, 26, 28, 30, 32, 34, 36, 48, 50, 53, 55, 57, 61, 63, 67, 69, 71, 73, 86, 88]
[18, 20, 22, 24, 26, 28, 30, 32, 34, 36, 38, 40, 42, 55, 57, 59, 60, 61, 62, 63]
[34, 40, 42, 44, 46, 48, 50, 52, 54, 56, 58, 60, 62, 63, 68, 70, 80, 82, 86, 88]
[16, 18, 20, 22, 24, 30, 32, 34, 36, 38, 40, 42, 44, 46, 48, 50, 54, 73, 75, 77]
[12, 14, 16, 18, 20, 22, 24, 26, 28, 30, 32, 49, 51, 53, 54, 56, 57, 59, 76, 78]
[]
[]
[]
[]
[]
[]
[]
[]
[]
[27, 29, 31, 33, 35, 37, 39, 41, 52, 54, 56, 58, 65, 67, 69, 71, 75, 79, 81, 83]
[21, 37, 39, 41, 43, 45, 47, 49, 51, 58, 60, 62, 64, 66, 68, 70, 72, 74, 76, 78]
[35, 37, 39, 41, 43, 45, 53, 55, 57, 59, 61, 63, 65, 69, 71, 73, 78, 83, 85, 87]
[1, 3, 7, 9, 37, 39, 41, 43, 45, 47, 49, 53, 55, 69, 75, 77, 81, 83, 85, 89]
[35, 37, 39, 41, 43, 45, 47, 49, 51, 53, 55, 57, 59, 61, 63, 65, 67, 69, 73, 75]
[]
[]
[]
[]
[]
[]
[]
[]
[]
[24, 26, 28, 30, 32, 34, 36, 48, 50, 55, 57, 63, 65, 67, 69, 71, 73, 75, 86, 88]
[20, 22, 24, 26, 28, 30, 32, 34, 36, 38, 40, 42, 44, 57, 59, 61, 62, 63, 65, 67]
[40, 42, 44, 46, 48, 50, 52, 54, 56, 58, 60, 62, 64, 66, 68, 70, 72, 78, 80, 82]
[16, 18, 20, 22, 24, 26, 30, 32, 34, 36, 38, 40, 42, 44, 46, 48, 56, 73, 75, 77]
[12, 14, 16, 18, 20, 22, 24, 26, 28, 30, 32, 36, 42, 49, 51, 53, 54, 56, 57, 78]
[]
[]
[]
[]
[]
[]
[]
[]
[]
[27, 29, 33, 35, 37, 39, 41, 48, 50, 52, 54, 56, 65, 67, 69, 71, 75, 83, 85, 87]
[21, 39, 41, 43, 49, 51, 53, 55, 62, 64, 65, 66, 68, 69, 70, 72, 74, 76, 78, 79]
[37, 39, 41, 43, 45, 52, 53, 55, 59, 61, 63, 65, 67, 69, 71, 73, 83, 85, 87, 89]
[1, 3, 5, 7, 9, 13, 35, 37, 39, 41, 43, 45, 47, 49, 53, 55, 57, 81, 83, 85]
[37, 39, 41, 43, 45, 47, 49, 51, 53, 55, 57, 59, 61, 63, 65, 67, 69, 71, 73, 75]
[]
[]
[]
[]
[]
[]
[]
[]
[]
[20, 22, 24, 26, 28, 30, 32, 34, 36, 38, 48, 50, 63, 65, 67, 69, 71, 79, 86, 88]
[16, 18, 20, 22, 24, 26, 28, 30, 32, 34, 36, 38, 40, 42, 44, 57, 59, 61, 62, 69]
[42, 44, 46, 48, 50, 52, 54, 56, 58, 60, 62, 64, 66, 68, 70, 72, 78, 80, 82, 86]
[12, 18, 20, 22, 24, 30, 32, 34, 36, 38, 40, 42, 44, 46, 48, 50, 73, 75, 77, 79]
[14, 18, 20, 22, 24, 26, 28, 30, 32, 42, 49, 51, 53, 54, 56, 57, 59, 61, 76, 78]
[]
[]
[]
[]
[]
[]
[]
[]
[]
[27, 33, 35, 37, 39, 41, 43, 48, 50, 52, 54, 56, 57, 65, 67, 69, 71, 75, 79, 83]
[21, 29, 39, 41, 43, 45, 47, 51, 53, 57, 64, 65, 67, 68, 69, 70, 72, 74, 76, 78]
[37, 39, 41, 43, 45, 53, 57, 59, 61, 63, 65, 67, 69, 71, 73, 81, 83, 85, 87, 89]
[1, 3, 5, 7, 9, 11, 33, 35, 37, 39, 41, 43, 45, 47, 49, 53, 55, 69, 71, 73]
[35, 37, 39, 41, 43, 45, 47, 49, 51, 55, 57, 59, 61, 63, 65, 67, 69, 71, 73, 77]
[]
[]
[]
[]
[]
[]
[]
[]
[]
[20, 22, 24, 26, 28, 30, 32, 34, 36, 38, 48, 57, 61, 63, 65, 67, 69, 71, 86, 88]
[18, 20, 22, 24, 26, 28, 30, 32, 34, 36, 38, 40, 42, 44, 55, 57, 59, 60, 61, 63]
[36, 40, 42, 44, 46, 48, 50, 52, 54, 56, 58, 60, 62, 64, 66, 68, 70, 72, 78, 82]
[8, 10, 14, 16, 18, 20, 22, 24, 26, 28, 30, 32, 34, 36, 38, 61, 63, 69, 75, 77]
[12, 14, 20, 22, 24, 26, 28, 30, 32, 34, 49, 51, 53, 54, 55, 56, 57, 59, 61, 78]
[]
[]
[]
[]
[]
[]
[]
[]
[]
[27, 35, 37, 39, 41, 43, 48, 50, 52, 54, 56, 65, 67, 69, 71, 75, 79, 83, 85, 87]
[25, 29, 31, 37, 39, 41, 43, 45, 47, 49, 51, 53, 65, 67, 68, 70, 72, 74, 76, 78]
[35, 37, 39, 41, 43, 47, 49, 53, 57, 59, 61, 69, 71, 73, 79, 81, 83, 85, 87, 89]
[1, 3, 5, 7, 9, 11, 13, 17, 33, 35, 37, 39, 41, 43, 45, 47, 49, 53, 55, 85]
[35, 37, 39, 41, 43, 45, 47, 49, 51, 55, 57, 59, 61, 63, 65, 67, 69, 71, 73, 75]
[]
[]
[]
[]
[]
[]
[]
[]
[]
[20, 24, 26, 28, 30, 32, 34, 36, 38, 48, 50, 55, 57, 63, 65, 67, 69, 71, 86, 88]
[14, 16, 18, 20, 22, 24, 26, 28, 30, 32, 34, 36, 38, 40, 42, 55, 57, 63, 86, 88]
[36, 38, 40, 42, 44, 46, 48, 50, 52, 54, 56, 58, 60, 62, 64, 66, 68, 70, 72, 78]
[8, 10, 14, 16, 18, 20, 22, 24, 26, 28, 30, 32, 34, 36, 38, 61, 63, 75, 77, 81]
[14, 18, 20, 22, 24, 26, 28, 30, 32, 34, 36, 38, 40, 42, 49, 51, 54, 56, 57, 76]
[]
[]
[]
[]
[]
[]
[]
[]
[]
[35, 37, 39, 41, 43, 48, 52, 54, 56, 67, 69, 71, 73, 75, 77, 79, 81, 83, 85, 87]
[25, 27, 29, 31, 33, 35, 37, 41, 43, 46, 48, 50, 52, 54, 56, 58, 66, 67, 68, 76]
[19, 35, 37, 39, 41, 43, 45, 47, 59, 61, 68, 69, 71, 73, 79, 81, 83, 85, 87, 89]
[1, 3, 5, 7, 9, 11, 13, 15, 17, 23, 37, 41, 43, 45, 47, 49, 53, 55, 83, 85]
[35, 37, 39, 41, 43, 45, 47, 49, 51, 53, 55, 57, 59, 61, 63, 65, 67, 69, 71, 73]
[]
[]
[]
[]
[]
[]
[]
[]
[]
