2.430000000000000000e+02
8.550000000000000000e+03
1.521000000000000000e+03
9.995000000000000000e+03
9.087000000000000000e+03
9.981000000000000000e+03
6.000000000000000000e+00
2.955000000000000000e+03
8.087000000000000000e+03
7.619000000000000000e+03
6.294000000000000000e+03
1.060000000000000000e+02
6.932000000000000000e+03
2.603000000000000000e+03
6.600000000000000000e+02
2.529000000000000000e+03
3.590000000000000000e+03
4.030000000000000000e+02
6.093000000000000000e+03
2.027000000000000000e+03
9.513000000000000000e+03
8.652000000000000000e+03
2.760000000000000000e+03
3.381000000000000000e+03
6.630000000000000000e+03
7.800000000000000000e+03
9.923000000000000000e+03
4.490000000000000000e+03
1.605000000000000000e+03
9.197000000000000000e+03
9.548000000000000000e+03
4.005000000000000000e+03
2.567000000000000000e+03
6.139000000000000000e+03
2.300000000000000000e+02
4.967000000000000000e+03
6.268000000000000000e+03
9.511000000000000000e+03
1.912000000000000000e+03
3.274000000000000000e+03
9.707000000000000000e+03
6.125000000000000000e+03
4.021000000000000000e+03
9.487000000000000000e+03
3.297000000000000000e+03
2.372000000000000000e+03
9.719000000000000000e+03
7.650000000000000000e+02
9.179000000000000000e+03
9.322000000000000000e+03
