2.430000000000000000e+02
9.275000000000000000e+03
9.995000000000000000e+03
1.461000000000000000e+03
3.381000000000000000e+03
4.490000000000000000e+03
6.139000000000000000e+03
8.000000000000000000e+02
9.981000000000000000e+03
5.000000000000000000e+00
6.125000000000000000e+03
2.529000000000000000e+03
9.487000000000000000e+03
2.603000000000000000e+03
8.735000000000000000e+03
4.030000000000000000e+02
9.087000000000000000e+03
6.294000000000000000e+03
6.630000000000000000e+03
6.537000000000000000e+03
7.561000000000000000e+03
1.060000000000000000e+02
8.652000000000000000e+03
2.567000000000000000e+03
4.560000000000000000e+02
9.120000000000000000e+02
9.923000000000000000e+03
6.442000000000000000e+03
2.955000000000000000e+03
9.719000000000000000e+03
6.000000000000000000e+00
5.192000000000000000e+03
5.630000000000000000e+03
8.550000000000000000e+03
1.605000000000000000e+03
1.353000000000000000e+03
3.297000000000000000e+03
7.800000000000000000e+03
9.388000000000000000e+03
1.042000000000000000e+03
2.300000000000000000e+02
6.290000000000000000e+03
6.600000000000000000e+02
6.774000000000000000e+03
4.395000000000000000e+03
5.183000000000000000e+03
9.368000000000000000e+03
6.501000000000000000e+03
4.754000000000000000e+03
4.252000000000000000e+03
