4.191000000000000000e+03
8.652000000000000000e+03
8.550000000000000000e+03
6.600000000000000000e+02
1.060000000000000000e+02
9.981000000000000000e+03
4.030000000000000000e+02
9.087000000000000000e+03
2.603000000000000000e+03
7.800000000000000000e+03
6.294000000000000000e+03
8.735000000000000000e+03
5.183000000000000000e+03
6.501000000000000000e+03
9.995000000000000000e+03
2.567000000000000000e+03
9.487000000000000000e+03
9.923000000000000000e+03
2.955000000000000000e+03
2.300000000000000000e+02
5.192000000000000000e+03
6.139000000000000000e+03
3.297000000000000000e+03
2.027000000000000000e+03
5.630000000000000000e+03
2.529000000000000000e+03
5.244000000000000000e+03
4.560000000000000000e+02
3.381000000000000000e+03
2.154000000000000000e+03
1.461000000000000000e+03
6.290000000000000000e+03
7.561000000000000000e+03
4.322000000000000000e+03
5.023000000000000000e+03
9.388000000000000000e+03
6.630000000000000000e+02
2.439000000000000000e+03
8.950000000000000000e+02
7.792000000000000000e+03
7.520000000000000000e+03
1.353000000000000000e+03
3.577000000000000000e+03
9.719000000000000000e+03
2.714000000000000000e+03
8.486000000000000000e+03
6.630000000000000000e+03
6.000000000000000000e+00
1.000000000000000000e+03
6.430000000000000000e+03
