5.093000000000000000e+03
7.335000000000000000e+03
3.610000000000000000e+02
1.082900000000000000e+04
8.963000000000000000e+03
1.056100000000000000e+04
5.887000000000000000e+03
8.592000000000000000e+03
4.920000000000000000e+02
3.113000000000000000e+03
1.597000000000000000e+03
7.580000000000000000e+02
2.547000000000000000e+03
8.884000000000000000e+03
8.130000000000000000e+02
1.880000000000000000e+03
6.755000000000000000e+03
2.412000000000000000e+03
2.630000000000000000e+02
8.950000000000000000e+03
3.129000000000000000e+03
1.019500000000000000e+04
7.420000000000000000e+03
3.654000000000000000e+03
8.379000000000000000e+03
9.720000000000000000e+02
5.104000000000000000e+03
1.039100000000000000e+04
4.051000000000000000e+03
5.135000000000000000e+03
2.199000000000000000e+03
3.044000000000000000e+03
3.410000000000000000e+02
7.144000000000000000e+03
7.950000000000000000e+03
3.877000000000000000e+03
8.367000000000000000e+03
9.582000000000000000e+03
5.967000000000000000e+03
5.684000000000000000e+03
9.929000000000000000e+03
9.911000000000000000e+03
4.249000000000000000e+03
4.430000000000000000e+03
1.072900000000000000e+04
1.013400000000000000e+04
2.000000000000000000e+02
2.088000000000000000e+03
9.428000000000000000e+03
9.250000000000000000e+03
