1.870000000000000000e+03
3.817000000000000000e+03
2.446000000000000000e+03
1.878000000000000000e+03
3.158000000000000000e+03
3.912000000000000000e+03
2.761000000000000000e+03
2.172000000000000000e+03
2.517000000000000000e+03
6.360000000000000000e+02
3.521000000000000000e+03
3.213000000000000000e+03
2.797000000000000000e+03
2.275000000000000000e+03
2.373000000000000000e+03
3.786000000000000000e+03
2.274000000000000000e+03
1.055000000000000000e+03
2.554000000000000000e+03
2.801000000000000000e+03
1.053000000000000000e+03
3.454000000000000000e+03
2.100000000000000000e+01
1.199000000000000000e+03
4.046000000000000000e+03
3.602000000000000000e+03
3.404000000000000000e+03
1.709000000000000000e+03
2.747000000000000000e+03
1.749000000000000000e+03
4.262000000000000000e+03
3.759000000000000000e+03
1.464000000000000000e+03
1.382000000000000000e+03
2.236000000000000000e+03
7.790000000000000000e+02
1.290000000000000000e+02
2.800000000000000000e+01
3.111000000000000000e+03
1.813000000000000000e+03
4.011000000000000000e+03
1.746000000000000000e+03
3.167000000000000000e+03
2.847000000000000000e+03
1.868000000000000000e+03
3.729000000000000000e+03
2.748000000000000000e+03
3.902000000000000000e+03
4.200000000000000000e+01
3.775000000000000000e+03
