1.730000000000000000e+02
8.960000000000000000e+02
9.240000000000000000e+02
7.080000000000000000e+02
1.990000000000000000e+02
5.320000000000000000e+02
0.000000000000000000e+00
4.650000000000000000e+02
9.850000000000000000e+02
2.450000000000000000e+02
1.960000000000000000e+02
2.990000000000000000e+02
8.160000000000000000e+02
6.400000000000000000e+01
1.800000000000000000e+02
3.240000000000000000e+02
2.290000000000000000e+02
8.250000000000000000e+02
2.000000000000000000e+01
3.800000000000000000e+01
4.240000000000000000e+02
9.830000000000000000e+02
3.330000000000000000e+02
8.440000000000000000e+02
3.200000000000000000e+01
8.680000000000000000e+02
4.350000000000000000e+02
6.760000000000000000e+02
1.016000000000000000e+03
1.000000000000000000e+00
4.560000000000000000e+02
5.280000000000000000e+02
3.100000000000000000e+01
9.620000000000000000e+02
2.920000000000000000e+02
7.140000000000000000e+02
1.450000000000000000e+02
8.940000000000000000e+02
3.000000000000000000e+00
4.550000000000000000e+02
5.000000000000000000e+02
9.860000000000000000e+02
3.300000000000000000e+01
7.400000000000000000e+02
2.310000000000000000e+02
5.300000000000000000e+02
8.830000000000000000e+02
6.120000000000000000e+02
3.190000000000000000e+02
2.700000000000000000e+02
