6.966000000000000000e+03
6.660000000000000000e+02
3.135000000000000000e+03
8.862000000000000000e+03
1.152000000000000000e+03
1.963000000000000000e+03
9.395000000000000000e+03
8.234000000000000000e+03
8.950000000000000000e+02
8.532000000000000000e+03
6.347000000000000000e+03
6.210000000000000000e+02
2.790000000000000000e+03
1.511000000000000000e+03
7.591000000000000000e+03
4.528000000000000000e+03
1.151000000000000000e+03
8.777000000000000000e+03
1.018300000000000000e+04
1.900000000000000000e+01
1.158000000000000000e+03
7.685000000000000000e+03
9.354000000000000000e+03
9.619000000000000000e+03
8.380000000000000000e+03
2.928000000000000000e+03
7.673000000000000000e+03
2.536000000000000000e+03
8.887000000000000000e+03
3.400000000000000000e+01
1.119000000000000000e+03
1.157000000000000000e+03
9.391000000000000000e+03
2.854000000000000000e+03
8.531000000000000000e+03
7.650000000000000000e+02
7.796000000000000000e+03
1.400000000000000000e+03
5.390000000000000000e+03
2.090000000000000000e+03
3.013000000000000000e+03
8.290000000000000000e+02
4.085000000000000000e+03
2.481000000000000000e+03
5.577000000000000000e+03
2.092000000000000000e+03
3.500000000000000000e+01
7.878000000000000000e+03
3.968000000000000000e+03
5.093000000000000000e+03
