4.652000000000000000e+03
1.478000000000000000e+03
2.444000000000000000e+03
1.789000000000000000e+03
3.745000000000000000e+03
5.500000000000000000e+02
1.668000000000000000e+03
3.191000000000000000e+03
2.717000000000000000e+03
2.696000000000000000e+03
2.100000000000000000e+02
6.720000000000000000e+02
1.910000000000000000e+03
1.071000000000000000e+03
1.573000000000000000e+03
2.851000000000000000e+03
3.763000000000000000e+03
4.631000000000000000e+03
2.967000000000000000e+03
4.286000000000000000e+03
2.318000000000000000e+03
2.384000000000000000e+03
3.903000000000000000e+03
5.234000000000000000e+03
1.304000000000000000e+03
1.565000000000000000e+03
1.170000000000000000e+02
6.640000000000000000e+02
2.653000000000000000e+03
1.207000000000000000e+03
2.370000000000000000e+02
2.342000000000000000e+03
2.227000000000000000e+03
7.660000000000000000e+02
3.749000000000000000e+03
5.016000000000000000e+03
2.933000000000000000e+03
5.326000000000000000e+03
1.564000000000000000e+03
3.335000000000000000e+03
2.248000000000000000e+03
8.800000000000000000e+01
4.469000000000000000e+03
4.791000000000000000e+03
4.191000000000000000e+03
1.625000000000000000e+03
3.674000000000000000e+03
1.898000000000000000e+03
3.606000000000000000e+03
3.803000000000000000e+03
