9.020000000000000000e+02
1.927000000000000000e+03
1.786000000000000000e+03
1.878000000000000000e+03
1.876000000000000000e+03
1.383000000000000000e+03
1.582000000000000000e+03
2.096000000000000000e+03
2.366000000000000000e+03
1.867000000000000000e+03
1.521000000000000000e+03
2.056000000000000000e+03
1.324000000000000000e+03
2.319000000000000000e+03
1.522000000000000000e+03
1.640000000000000000e+03
2.113000000000000000e+03
1.263000000000000000e+03
1.422000000000000000e+03
2.057000000000000000e+03
1.866000000000000000e+03
1.660000000000000000e+03
2.279000000000000000e+03
1.644000000000000000e+03
1.928000000000000000e+03
1.973000000000000000e+03
9.620000000000000000e+02
1.700000000000000000e+03
1.996000000000000000e+03
2.368000000000000000e+03
1.744000000000000000e+03
2.038000000000000000e+03
2.277000000000000000e+03
1.613000000000000000e+03
1.990000000000000000e+03
1.938000000000000000e+03
2.097000000000000000e+03
1.584000000000000000e+03
1.926000000000000000e+03
1.643000000000000000e+03
1.143000000000000000e+03
1.517000000000000000e+03
1.374000000000000000e+03
1.760000000000000000e+03
1.859000000000000000e+03
1.463000000000000000e+03
1.805000000000000000e+03
1.645000000000000000e+03
1.022000000000000000e+03
2.112000000000000000e+03
