4.191000000000000000e+03
9.071000000000000000e+03
2.357000000000000000e+03
9.407000000000000000e+03
7.570000000000000000e+02
4.370000000000000000e+03
1.060000000000000000e+02
6.600000000000000000e+02
9.981000000000000000e+03
9.087000000000000000e+03
4.030000000000000000e+02
2.603000000000000000e+03
9.923000000000000000e+03
7.800000000000000000e+03
2.955000000000000000e+03
9.487000000000000000e+03
6.501000000000000000e+03
2.529000000000000000e+03
1.912000000000000000e+03
5.183000000000000000e+03
9.368000000000000000e+03
8.735000000000000000e+03
6.294000000000000000e+03
2.300000000000000000e+02
2.567000000000000000e+03
9.995000000000000000e+03
8.486000000000000000e+03
2.831000000000000000e+03
9.178000000000000000e+03
5.630000000000000000e+03
9.388000000000000000e+03
1.000000000000000000e+03
5.000000000000000000e+00
8.498000000000000000e+03
5.023000000000000000e+03
1.353000000000000000e+03
5.244000000000000000e+03
2.027000000000000000e+03
3.274000000000000000e+03
9.322000000000000000e+03
3.590000000000000000e+03
9.548000000000000000e+03
2.923000000000000000e+03
7.792000000000000000e+03
6.139000000000000000e+03
8.550000000000000000e+03
7.561000000000000000e+03
6.630000000000000000e+03
4.021000000000000000e+03
6.268000000000000000e+03
