1.540000000000000000e+03
8.377000000000000000e+03
3.100000000000000000e+02
8.322000000000000000e+03
9.134000000000000000e+03
6.970000000000000000e+02
5.004000000000000000e+03
3.381000000000000000e+03
8.652000000000000000e+03
1.461000000000000000e+03
2.308000000000000000e+03
7.650000000000000000e+02
9.511000000000000000e+03
9.995000000000000000e+03
4.653000000000000000e+03
6.600000000000000000e+02
9.800000000000000000e+03
7.370000000000000000e+03
9.480000000000000000e+02
2.979000000000000000e+03
2.430000000000000000e+02
6.932000000000000000e+03
1.060000000000000000e+02
6.139000000000000000e+03
9.586000000000000000e+03
3.780000000000000000e+03
1.670000000000000000e+03
4.967000000000000000e+03
6.294000000000000000e+03
9.278000000000000000e+03
1.605000000000000000e+03
2.529000000000000000e+03
3.050000000000000000e+02
4.279000000000000000e+03
7.520000000000000000e+03
8.518000000000000000e+03
4.490000000000000000e+03
8.735000000000000000e+03
9.981000000000000000e+03
4.839000000000000000e+03
5.192000000000000000e+03
5.420000000000000000e+03
4.188000000000000000e+03
9.179000000000000000e+03
6.914000000000000000e+03
9.923000000000000000e+03
2.643000000000000000e+03
2.567000000000000000e+03
2.100000000000000000e+03
6.000000000000000000e+00
