5.093000000000000000e+03
7.335000000000000000e+03
3.610000000000000000e+02
5.887000000000000000e+03
8.963000000000000000e+03
1.056100000000000000e+04
4.920000000000000000e+02
8.592000000000000000e+03
3.113000000000000000e+03
5.684000000000000000e+03
7.580000000000000000e+02
8.130000000000000000e+02
8.884000000000000000e+03
2.547000000000000000e+03
9.929000000000000000e+03
7.950000000000000000e+03
3.988000000000000000e+03
9.582000000000000000e+03
5.967000000000000000e+03
8.950000000000000000e+03
4.685000000000000000e+03
9.856000000000000000e+03
7.718000000000000000e+03
2.630000000000000000e+02
8.898000000000000000e+03
9.261000000000000000e+03
6.702000000000000000e+03
1.115800000000000000e+04
9.720000000000000000e+02
6.755000000000000000e+03
8.295000000000000000e+03
3.129000000000000000e+03
4.430000000000000000e+03
3.291000000000000000e+03
6.590000000000000000e+02
8.367000000000000000e+03
3.643000000000000000e+03
4.494000000000000000e+03
3.697000000000000000e+03
6.430000000000000000e+03
5.140000000000000000e+03
3.044000000000000000e+03
4.801000000000000000e+03
3.877000000000000000e+03
2.939000000000000000e+03
2.110000000000000000e+02
5.135000000000000000e+03
5.154000000000000000e+03
1.148000000000000000e+03
9.840000000000000000e+02
