1.114300000000000000e+04
9.153000000000000000e+03
1.009200000000000000e+04
4.139000000000000000e+03
1.019500000000000000e+04
5.333000000000000000e+03
2.199000000000000000e+03
4.706000000000000000e+03
7.780000000000000000e+03
6.551000000000000000e+03
7.335000000000000000e+03
9.376000000000000000e+03
6.496000000000000000e+03
3.580000000000000000e+03
7.718000000000000000e+03
9.720000000000000000e+02
1.067400000000000000e+04
3.113000000000000000e+03
6.590000000000000000e+02
2.245000000000000000e+03
5.818000000000000000e+03
1.100700000000000000e+04
5.967000000000000000e+03
4.494000000000000000e+03
9.840000000000000000e+02
1.593000000000000000e+03
1.073200000000000000e+04
3.417000000000000000e+03
2.934000000000000000e+03
7.145000000000000000e+03
8.583000000000000000e+03
7.914000000000000000e+03
9.582000000000000000e+03
8.950000000000000000e+03
5.212000000000000000e+03
8.049000000000000000e+03
4.685000000000000000e+03
3.416000000000000000e+03
3.482000000000000000e+03
9.713000000000000000e+03
2.493000000000000000e+03
5.135000000000000000e+03
1.148000000000000000e+03
3.970000000000000000e+03
9.911000000000000000e+03
6.217000000000000000e+03
8.367000000000000000e+03
1.000800000000000000e+04
6.926000000000000000e+03
7.950000000000000000e+03
