1.870000000000000000e+03
2.172000000000000000e+03
3.020000000000000000e+03
3.488000000000000000e+03
2.132000000000000000e+03
3.697000000000000000e+03
1.604000000000000000e+03
6.250000000000000000e+02
3.158000000000000000e+03
3.817000000000000000e+03
2.071000000000000000e+03
2.517000000000000000e+03
3.912000000000000000e+03
1.194000000000000000e+03
4.156000000000000000e+03
1.500000000000000000e+02
3.786000000000000000e+03
2.870000000000000000e+03
2.446000000000000000e+03
2.359000000000000000e+03
3.664000000000000000e+03
3.884000000000000000e+03
3.902000000000000000e+03
2.618000000000000000e+03
1.464000000000000000e+03
3.290000000000000000e+03
1.145000000000000000e+03
1.515000000000000000e+03
2.801000000000000000e+03
3.466000000000000000e+03
3.729000000000000000e+03
2.552000000000000000e+03
3.897000000000000000e+03
2.858000000000000000e+03
7.550000000000000000e+02
3.270000000000000000e+03
2.155000000000000000e+03
9.750000000000000000e+02
3.129000000000000000e+03
4.280000000000000000e+03
1.544000000000000000e+03
1.917000000000000000e+03
1.175000000000000000e+03
2.772000000000000000e+03
3.857000000000000000e+03
2.403000000000000000e+03
8.220000000000000000e+02
2.394000000000000000e+03
1.485000000000000000e+03
3.307000000000000000e+03
