6.966000000000000000e+03
9.600000000000000000e+01
7.282000000000000000e+03
4.716000000000000000e+03
9.166000000000000000e+03
8.950000000000000000e+02
9.755000000000000000e+03
6.967000000000000000e+03
3.160000000000000000e+02
6.838000000000000000e+03
2.119000000000000000e+03
1.010200000000000000e+04
9.281000000000000000e+03
1.044000000000000000e+03
8.234000000000000000e+03
9.621000000000000000e+03
7.190000000000000000e+03
6.670000000000000000e+02
3.135000000000000000e+03
2.296000000000000000e+03
1.152000000000000000e+03
7.730000000000000000e+03
7.189000000000000000e+03
9.282000000000000000e+03
6.710000000000000000e+02
8.532000000000000000e+03
1.157000000000000000e+03
9.618000000000000000e+03
1.096000000000000000e+03
6.965000000000000000e+03
1.118000000000000000e+03
8.408000000000000000e+03
9.167000000000000000e+03
8.458000000000000000e+03
1.158000000000000000e+03
7.729000000000000000e+03
4.828000000000000000e+03
4.370000000000000000e+02
7.077000000000000000e+03
2.790000000000000000e+03
4.198000000000000000e+03
2.485000000000000000e+03
8.940000000000000000e+02
2.407000000000000000e+03
1.029100000000000000e+04
1.269000000000000000e+03
4.157000000000000000e+03
3.150000000000000000e+02
7.281000000000000000e+03
9.277000000000000000e+03
