1.815000000000000000e+03
5.138000000000000000e+03
4.237000000000000000e+03
2.430000000000000000e+03
3.407000000000000000e+03
2.372000000000000000e+03
3.380000000000000000e+03
4.646000000000000000e+03
5.387000000000000000e+03
2.188000000000000000e+03
2.690000000000000000e+03
4.842000000000000000e+03
5.069000000000000000e+03
3.845000000000000000e+03
4.910000000000000000e+02
2.816000000000000000e+03
5.850000000000000000e+02
3.083000000000000000e+03
3.410000000000000000e+02
2.084000000000000000e+03
4.685000000000000000e+03
2.133000000000000000e+03
3.114000000000000000e+03
2.710000000000000000e+03
6.880000000000000000e+02
3.648000000000000000e+03
4.522000000000000000e+03
4.203000000000000000e+03
5.840000000000000000e+02
3.474000000000000000e+03
5.703000000000000000e+03
2.400000000000000000e+03
5.679000000000000000e+03
3.724000000000000000e+03
9.100000000000000000e+02
4.024000000000000000e+03
4.155000000000000000e+03
1.774000000000000000e+03
3.919000000000000000e+03
3.762000000000000000e+03
1.560000000000000000e+02
2.677000000000000000e+03
2.443000000000000000e+03
2.684000000000000000e+03
3.044000000000000000e+03
1.921000000000000000e+03
3.947000000000000000e+03
4.300000000000000000e+01
5.650000000000000000e+03
3.227000000000000000e+03
