3.527000000000000000e+03
2.865000000000000000e+03
2.540000000000000000e+03
1.902000000000000000e+03
1.947000000000000000e+03
4.429000000000000000e+03
1.200000000000000000e+02
1.987000000000000000e+03
3.916000000000000000e+03
2.075000000000000000e+03
2.772000000000000000e+03
3.283000000000000000e+03
4.048000000000000000e+03
1.353000000000000000e+03
1.612000000000000000e+03
4.815000000000000000e+03
4.100000000000000000e+03
5.542000000000000000e+03
3.119000000000000000e+03
1.344000000000000000e+03
2.982000000000000000e+03
2.861000000000000000e+03
3.415000000000000000e+03
9.500000000000000000e+02
4.073000000000000000e+03
3.321000000000000000e+03
9.540000000000000000e+02
5.710000000000000000e+03
1.695000000000000000e+03
2.896000000000000000e+03
4.780000000000000000e+02
5.569000000000000000e+03
4.707000000000000000e+03
2.985000000000000000e+03
5.272000000000000000e+03
1.767000000000000000e+03
4.819000000000000000e+03
2.372000000000000000e+03
2.501000000000000000e+03
3.926000000000000000e+03
4.057000000000000000e+03
5.704000000000000000e+03
3.459000000000000000e+03
5.656000000000000000e+03
4.348000000000000000e+03
3.980000000000000000e+02
5.202000000000000000e+03
1.766000000000000000e+03
5.136000000000000000e+03
5.371000000000000000e+03
