2.419000000000000000e+03
1.666000000000000000e+03
1.778000000000000000e+03
2.306000000000000000e+03
1.000000000000000000e+02
1.308000000000000000e+03
1.090000000000000000e+02
2.199000000000000000e+03
2.190000000000000000e+02
1.098000000000000000e+03
1.299000000000000000e+03
8.120000000000000000e+02
4.880000000000000000e+02
1.689000000000000000e+03
1.080000000000000000e+02
2.198000000000000000e+03
1.020000000000000000e+02
8.690000000000000000e+02
9.740000000000000000e+02
7.830000000000000000e+02
7.720000000000000000e+02
5.700000000000000000e+02
9.330000000000000000e+02
4.500000000000000000e+01
1.369000000000000000e+03
1.050000000000000000e+02
4.870000000000000000e+02
5.560000000000000000e+02
1.408000000000000000e+03
4.560000000000000000e+02
1.805000000000000000e+03
2.160000000000000000e+02
9.200000000000000000e+02
1.060000000000000000e+02
9.790000000000000000e+02
9.340000000000000000e+02
6.100000000000000000e+02
8.380000000000000000e+02
1.179000000000000000e+03
6.670000000000000000e+02
8.640000000000000000e+02
1.235000000000000000e+03
1.745000000000000000e+03
5.880000000000000000e+02
1.070000000000000000e+02
1.894000000000000000e+03
7.180000000000000000e+02
9.240000000000000000e+02
4.170000000000000000e+02
1.627000000000000000e+03
