[199, 662, 141]
[199, 366]
[199, 362, 243, 0]
[199, 502, 593, 2]
[199, 665, 472, 25]
[199, 604, 229, 10]
[199, 935, 169, 7]
[199, 932, 29]
[199, 628, 866, 243]
[199, 713, 143, 94, 0]
[199, 797, 35]
[199, 837, 22]
[199, 804, 349, 5]
[199, 804, 313, 95]
[199, 429, 191, 215]
[199, 554, 538, 3]
[199, 1, 229, 11]
[199, 936, 662, 93]
[199, 372, 996, 2]
[199, 479, 64, 2]
[199, 806, 51, 3]
[199, 357, 575, 0]
[199, 434, 991, 27]
[199, 98, 893, 31]
[199, 203, 452, 2]
[199, 130, 651, 293]
[199, 224, 214]
[199, 498, 398, 60]
[199, 348, 710, 20]
[199, 426, 456, 0]
[199, 895, 714, 56]
[199, 69, 1004, 8]
[199, 353, 246, 137]
[199, 752, 471, 6]
[199, 787, 10, 767]
[199, 353, 406, 3]
[199, 354, 756, 29]
[199, 754, 981, 0]
[199, 891, 89, 6]
[199, 961, 398, 0]