[24, 36, 39, 52, 71, 83, 84, 85, 99, 106, 115, 134, 135, 149, 152, 174, 181, 183, 184, 186, 189, 203, 204, 214, 215, 226, 232, 237, 244, 245, 256, 297, 299, 300, 309, 328, 335, 336, 359, 360, 361, 375, 395, 414, 417, 421, 429, 431, 432, 433, 436, 437, 447, 452, 453, 454, 475, 512, 515, 522, 537, 551, 553, 554, 581, 595, 598, 608, ]
[1, 19, 81, 101, 111, 154, 173, 185, 215, 217, 245, 254, 278, 293, 299, 304, 314, 317, 327, 331, 343, 360, 362, 366, 393, 395, 396, 422, 424, 425, 427, 429, 432, 445, 452, 453, 454, 455, 456, 457, 458, 470, 471, 477, 479, 486, 488, 489, 512, 519, 520, 544, 545, 554, 555, 564, 565, 598, 603, ]
[21, 131, 139, 185, 330, 377, 387, 389, 425, 448, 481, 493, 495, 513, 531, 539, 545, 555, 559, 570, 576, 581, 583, ]
[7, 49, 123, 168, 217, 305, 331, 337, 352, 360, 363, 367, 393, 394, 396, 409, 428, 430, 432, 435, 461, 462, 470, 471, 479, 499, 501, 523, 533, 548, 559, 565, 579, 602, 605, 611, ]
[5, 15, 27, 50, 108, 112, 143, 150, 171, 189, 215, 228, 240, 241, 253, 260, 268, 269, 271, 274, 285, 287, 294, 315, 316, 328, 333, 337, 360, 393, 395, 415, 421, 424, 425, 432, 434, 447, 462, 463, 466, 467, 468, 469, 471, 479, 480, 492, 502, 512, 581, 583, 608, ]
[16, 57, 77, 110, 131, 140, 166, 170, 172, 173, 187, 199, 202, 206, 242, 336, 341, 367, 372, 378, 406, 408, 411, 414, 415, 423, 426, 441, 445, 452, 473, 488, 528, 589, 602, 604, 607, 608, 610, 612, 614, ]
[38, 69, 81, 166, 177, 183, 239, 248, 286, 333, 357, 362, 363, 394, 395, 413, 424, 425, 426, 433, 435, 447, 473, 474, 494, 495, 496, 501, 512, 513, 522, 524, 527, 559, 560, 562, 566, 568, 582, 605, ]
[108, 118, 145, 168, 192, 201, 252, 277, 301, 337, 344, 380, 383, 384, 385, 394, 417, 439, 440, 445, 449, 451, 455, 471, 473, 522, 581, 582, 584, 588, 600, 601, 604, 606, 609, ]
[3, 8, 9, 10, 22, 36, 41, 43, 47, 62, 66, 68, 75, 76, 82, 108, 121, 144, 179, 180, 205, 213, 214, 215, 233, 234, 265, 266, 333, 338, 346, 355, 371, 409, 429, 432, 434, 437, 443, 448, 485, 500, 581, 596, ]
[3, 20, 49, 66, 71, 79, 101, 114, 135, 146, 147, 180, 183, 192, 210, 213, 214, 237, 259, 292, 307, 331, 334, 339, 362, 375, 395, 416, 426, 434, 457, 461, 480, 481, 488, 494, 495, 500, 501, 512, 513, 516, 517, 526, 527, 530, 531, 537, 553, 559, 561, 583, 612, ]
[20, 49, 50, 67, 72, 82, 83, 115, 127, 138, 147, 148, 182, 199, 205, 214, 215, 253, 308, 333, 338, 341, 364, 393, 394, 395, 396, 424, 425, 429, 447, 458, 460, 461, 474, 488, 495, 498, 500, 502, 524, 525, 554, 577, 583, 586, 596, 599, 609, ]
[14, 15, 45, 46, 56, 72, 102, 104, 114, 133, 134, 135, 142, 145, 165, 166, 167, 172, 174, 181, 182, 196, 210, 211, 214, 215, 217, 239, 248, 258, 330, 336, 367, 407, 408, 416, 423, 429, 433, 478, 545, 552, 553, 582, 589, 590, 594, 607, ]
[18, 24, 37, 48, 71, 77, 78, 128, 129, 145, 161, 162, 164, 165, 166, 177, 186, 204, 214, 237, 276, 286, 294, 296, 297, 298, 299, 310, 311, 328, 333, 370, 371, 372, 373, 394, 415, 431, 435, 436, 471, 473, 492, 522, 524, 553, 561, 588, 590, 591, 592, 605, 607, ]
[51, 69, 79, 80, 82, 89, 159, 160, 161, 162, 165, 175, 181, 189, 190, 205, 208, 213, 245, 248, 258, 281, 295, 302, 303, 309, 333, 346, 361, 367, 371, 372, 373, 394, 417, 423, 426, 431, 432, 435, 436, 473, 479, 522, 556, 591, 592, 593, ]
[9, 26, 41, 68, 99, 100, 113, 131, 132, 134, 163, 164, 166, 172, 180, 198, 212, 217, 227, 232, 233, 234, 258, 261, 265, 273, 302, 305, 311, 335, 360, 372, 375, 398, 407, 408, 409, 411, 431, 433, 435, 461, 475, 477, 496, 517, 549, 556, 588, 590, ]
[13, 46, 69, 81, 107, 114, 133, 151, 153, 154, 165, 166, 189, 214, 241, 257, 266, 279, 281, 302, 304, 327, 328, 330, 343, 394, 417, 426, 427, 429, 448, 470, 471, 474, 480, 488, 489, 490, 491, 492, 493, 510, 511, 524, 530, 538, 540, 546, 550, 560, 561, 563, 567, 577, 581, ]
[51, 63, 70, 78, 98, 99, 108, 122, 131, 150, 163, 182, 183, 184, 185, 200, 202, 214, 215, 217, 219, 235, 262, 264, 282, 332, 343, 359, 361, 392, 393, 394, 407, 408, 409, 411, 423, 434, 447, 477, 481, 488, 495, 499, 511, 513, 519, 520, 526, 527, 529, 531, 532, 536, 537, 539, 558, 560, 576, 577, 581, 582, 583, 590, 591, 600, ]
[2, 7, 8, 36, 49, 78, 87, 95, 98, 138, 171, 172, 173, 183, 205, 215, 232, 264, 309, 337, 363, 375, 418, 422, 425, 432, 435, 437, 471, 555, 561, 565, 581, 592, 606, ]
[79, 119, 130, 166, 172, 179, 259, 333, 340, 377, 408, 410, 412, 413, 414, 415, 432, 434, 442, 447, 496, 597, 601, 605, ]
[59, 60, 81, 133, 201, 216, 257, 272, 330, 331, 345, 354, 361, 394, 399, 424, 425, 426, 428, 432, 437, 469, 471, 474, 480, 486, 487, 488, 492, 493, 494, 495, 496, 502, 503, 505, 513, 527, 533, 534, 561, 565, 576, 581, 605, 612, ]
[7, 8, 12, 13, 15, 30, 72, 83, 99, 107, 130, 162, 163, 167, 182, 183, 184, 199, 200, 206, 214, 216, 217, 218, 228, 249, 256, 260, 262, 286, 326, 331, 332, 333, 336, 358, 365, 371, 375, 391, 407, 408, 409, 410, 428, 430, 437, 456, 458, 461, 477, 479, 480, 497, 512, 536, 545, 555, 576, 577, 590, 595, ]
[7, 37, 51, 109, 113, 154, 169, 173, 182, 186, 190, 198, 209, 216, 233, 249, 250, 294, 322, 337, 360, 361, 362, 388, 418, 425, 455, 459, 461, 471, 474, 479, 480, 481, 532, 551, 552, 553, 554, 567, 571, 576, 581, 590, 601, ]
[3, 35, 49, 53, 57, 66, 67, 101, 118, 133, 172, 198, 202, 203, 214, 218, 227, 254, 259, 291, 314, 323, 324, 325, 326, 333, 356, 357, 367, 393, 394, 408, 411, 414, 432, 433, 434, 435, 437, 475, 499, 500, 501, 525, 545, 582, 584, 585, 586, 590, 608, ]
[16, 48, 162, 165, 166, 170, 207, 208, 209, 210, 213, 217, 234, 248, 303, 307, 336, 349, 361, 363, 376, 407, 410, 418, 439, 440, 441, 447, 448, 473, 479, 506, 521, 551, 560, 581, 582, 584, 585, 598, 600, 602, 603, 611, ]
[3, 19, 20, 21, 23, 71, 72, 103, 112, 130, 134, 140, 178, 212, 213, 215, 227, 240, 245, 249, 255, 258, 277, 278, 282, 335, 364, 369, 395, 396, 397, 416, 427, 428, 432, 461, 474, 475, 477, 479, 499, 512, 544, 545, 562, 576, 577, 596, ]
[17, 156, 224, 306, 322, 346, 390, 416, 421, 422, 427, 428, 433, 437, 471, 479, 485, 489, 495, 496, 516, 523, 529, 531, 541, 547, 549, 554, 556, 559, 560, 570, 571, 573, 576, 577, 578, 580, 600, ]