[140, 141, 162, 177, 196, 199, 296, 310, 324, 358, 360, 394, 425, 427, 436, 455, 469, 487, 489, 492, 496, 502, 507, 517, 521, 526, 530, 532, 533, 538, 541, 551, 563, 575, 600, 614, 647, 662, 694, 741, 743, 744, 756, 759, 779, 789, 804, 809, 827, 839, 840, 846, 871, 903, 937, 991, 1020, ]
[0, 41, 42, 54, 59, 64, 70, 76, 99, 100, 103, 112, 134, 136, 146, 156, 157, 169, 171, 196, 199, 200, 216, 223, 233, 243, 261, 268, 269, 281, 287, 296, 297, 305, 315, 319, 331, 333, 335, 342, 371, 373, 392, 421, 426, 435, 436, 455, 461, 466, 468, 475, 476, 477, 484, 487, 492, 496, 500, 519, 520, 530, 535, 536, 539, 550, 555, 570, 588, 595, 611, 612, 627, 640, 647, 661, 663, 665, 679, 685, 687, 702, 707, 710, 711, 713, 715, 718, 719, 743, 757, 777, 799, 804, 806, 840, 863, 869, 873, 876, 893, 899, 912, 933, 960, 968, 992, 1007, 1012, 1019, ]
[0, 18, 20, 57, 62, 86, 101, 117, 127, 133, 137, 138, 148, 157, 169, 183, 192, 198, 201, 229, 265, 274, 330, 331, 339, 345, 362, 376, 378, 390, 394, 398, 435, 437, 456, 457, 475, 478, 487, 490, 494, 499, 500, 516, 520, 532, 536, 537, 557, 570, 586, 597, 629, 658, 677, 678, 688, 704, 710, 760, 775, 783, 808, 834, 836, 841, 859, 892, 901, 920, 963, 1014, ]
[9, 27, 60, 63, 69, 76, 127, 137, 165, 167, 169, 201, 214, 224, 232, 243, 265, 311, 325, 331, 347, 355, 373, 389, 402, 403, 406, 423, 437, 441, 455, 464, 466, 468, 469, 480, 486, 501, 507, 522, 531, 533, 538, 551, 561, 563, 565, 582, 601, 608, 634, 654, 658, 662, 677, 683, 700, 725, 728, 739, 743, 767, 772, 775, 776, 837, 839, 873, 895, 903, 904, 926, 959, 967, 983, 988, 993, 1002, 1021, ]
[21, 22, 23, 25, 31, 65, 95, 105, 115, 132, 147, 169, 178, 186, 190, 197, 200, 208, 226, 238, 244, 250, 260, 261, 262, 264, 296, 312, 333, 341, 345, 379, 404, 406, 408, 411, 419, 422, 444, 457, 475, 506, 510, 532, 538, 539, 540, 563, 568, 583, 590, 591, 592, 598, 602, 631, 633, 655, 659, 678, 680, 741, 757, 776, 807, 808, 840, 853, 891, 928, 993, 1022, ]
[8, 13, 21, 23, 24, 25, 26, 28, 29, 31, 63, 73, 95, 103, 138, 161, 164, 169, 190, 200, 232, 233, 236, 239, 243, 247, 248, 255, 286, 291, 296, 298, 313, 327, 358, 359, 372, 390, 392, 404, 408, 412, 424, 436, 440, 442, 452, 463, 471, 476, 504, 507, 508, 525, 526, 540, 541, 552, 559, 562, 573, 582, 590, 600, 604, 636, 637, 646, 668, 679, 707, 714, 741, 745, 776, 802, 808, 839, 840, 841, 895, 925, 932, 958, 959, 986, 993, ]
[0, 1, 63, 74, 75, 93, 102, 133, 138, 156, 196, 203, 233, 237, 284, 319, 325, 340, 345, 354, 368, 374, 392, 404, 408, 411, 424, 460, 520, 529, 531, 536, 538, 541, 556, 557, 569, 571, 586, 587, 596, 599, 607, 621, 626, 627, 644, 649, 680, 731, 746, 751, 753, 754, 767, 805, 860, 866, 872, 895, 902, 930, 934, 935, 941, 949, 958, 968, 973, 980, 989, 992, 1004, 1005, 1006, 1018, ]
[31, 57, 85, 138, 144, 165, 167, 178, 196, 218, 245, 249, 252, 259, 273, 282, 283, 296, 312, 314, 315, 316, 326, 332, 336, 339, 349, 393, 396, 398, 400, 401, 403, 404, 420, 422, 427, 434, 435, 440, 456, 461, 491, 492, 493, 495, 497, 519, 564, 569, 600, 623, 629, 638, 651, 771, 776, 807, 835, 864, 866, 898, 903, 960, 963, 1019, ]
[20, 28, 31, 70, 78, 91, 94, 118, 143, 162, 168, 169, 180, 195, 201, 203, 207, 234, 249, 256, 279, 286, 292, 293, 296, 299, 308, 319, 329, 343, 346, 365, 373, 406, 411, 420, 435, 445, 466, 497, 499, 519, 537, 592, 598, 600, 622, 647, 676, 708, 728, 762, 769, 803, 841, 847, 853, 863, 869, 873, 888, 904, 912, 923, 937, 964, 966, 967, 990, 1014, ]
[5, 17, 57, 64, 102, 106, 127, 131, 132, 136, 137, 175, 176, 196, 197, 209, 223, 231, 232, 234, 304, 345, 375, 388, 391, 396, 397, 403, 405, 410, 424, 447, 462, 464, 467, 498, 504, 509, 520, 527, 583, 630, 710, 720, 744, 778, 808, 814, 824, 838, 872, 894, 934, 936, 959, 965, 987, ]
[1, 10, 14, 23, 27, 36, 65, 74, 105, 124, 131, 133, 152, 157, 164, 169, 177, 184, 201, 204, 213, 223, 234, 274, 277, 297, 298, 303, 334, 335, 345, 367, 373, 376, 383, 390, 398, 413, 425, 434, 437, 438, 439, 447, 453, 454, 456, 464, 466, 469, 485, 487, 488, 489, 505, 509, 519, 521, 543, 547, 550, 555, 558, 562, 563, 564, 575, 584, 595, 597, 604, 614, 625, 644, 654, 655, 664, 681, 683, 714, 734, 738, 739, 744, 750, 757, 774, 776, 824, 831, 844, 846, 848, 858, 868, 883, 901, 924, 954, 963, 979, 991, 1022, ]
[9, 16, 23, 30, 31, 33, 57, 73, 90, 100, 110, 128, 135, 163, 164, 169, 238, 251, 260, 262, 286, 342, 346, 358, 363, 371, 377, 396, 400, 424, 433, 434, 460, 467, 488, 491, 507, 528, 559, 560, 563, 580, 617, 624, 631, 652, 742, 747, 765, 772, 778, 803, 823, 835, 836, 867, 868, 871, 894, 905, 931, 932, 968, 1017, ]
[8, 29, 31, 54, 70, 95, 105, 111, 140, 167, 169, 191, 196, 207, 218, 232, 244, 262, 283, 293, 300, 330, 347, 365, 368, 373, 386, 393, 401, 408, 425, 429, 432, 434, 442, 444, 465, 468, 471, 496, 508, 526, 539, 561, 590, 625, 630, 632, 663, 677, 678, 704, 720, 728, 735, 741, 754, 772, 776, 778, 803, 824, 870, 893, 931, 934, 937, 958, 969, 993, 1001, 1016, 1019, ]
[0, 11, 20, 31, 89, 94, 103, 105, 115, 127, 130, 133, 136, 188, 191, 195, 197, 200, 216, 217, 228, 230, 263, 286, 292, 302, 338, 350, 358, 359, 361, 376, 392, 405, 406, 423, 428, 434, 436, 463, 473, 478, 515, 526, 530, 536, 563, 564, 581, 586, 595, 596, 597, 598, 611, 625, 632, 642, 649, 663, 671, 709, 712, 745, 783, 785, 790, 791, 799, 802, 823, 838, 853, 863, 869, 872, 873, 875, 876, 895, 900, 925, 932, 940, 941, 973, 984, 997, 1018, 1023, ]
[2, 17, 24, 33, 44, 91, 92, 131, 159, 165, 168, 169, 171, 172, 187, 194, 196, 197, 200, 206, 218, 240, 276, 278, 280, 283, 293, 295, 296, 313, 326, 329, 337, 339, 356, 357, 363, 364, 373, 375, 376, 389, 407, 410, 425, 427, 437, 438, 456, 462, 463, 477, 479, 486, 487, 492, 508, 515, 518, 521, 526, 530, 534, 559, 560, 563, 569, 583, 585, 587, 588, 589, 599, 613, 626, 629, 649, 652, 678, 683, 684, 689, 695, 712, 713, 719, 731, 737, 741, 753, 767, 798, 805, 830, 842, 851, 871, 888, 901, 905, 930, 958, 972, 985, 990, 993, 1000, 1018, 1019, 1020, ]
[24, 37, 57, 111, 127, 132, 134, 135, 137, 180, 199, 201, 202, 216, 223, 228, 252, 255, 265, 295, 311, 325, 369, 373, 375, 377, 382, 401, 409, 456, 501, 505, 551, 600, 603, 612, 628, 668, 685, 714, 728, 743, 749, 762, 775, 797, 817, 820, 821, 841, 843, 852, 868, 873, 903, 989, 995, 1017, ]
[6, 25, 63, 68, 100, 136, 177, 197, 198, 221, 223, 233, 245, 249, 264, 277, 287, 294, 303, 318, 326, 328, 341, 342, 343, 357, 371, 372, 378, 400, 412, 439, 441, 445, 454, 459, 467, 476, 478, 495, 501, 504, 521, 549, 564, 570, 599, 625, 636, 639, 646, 651, 653, 680, 682, 687, 709, 726, 767, 770, 775, 800, 802, 813, 868, 905, 914, 937, 969, 1010, 1023, ]
[3, 25, 30, 32, 39, 70, 94, 127, 138, 145, 150, 161, 168, 207, 220, 261, 277, 283, 294, 304, 306, 319, 326, 332, 361, 363, 370, 377, 392, 412, 414, 437, 447, 456, 464, 473, 474, 479, 492, 498, 529, 536, 543, 563, 612, 623, 631, 644, 645, 649, 661, 680, 730, 774, 800, 807, 827, 830, 833, 847, 875, 892, 900, 902, 915, 926, 930, 962, 993, 1014, 1023, ]
[11, 12, 25, 28, 30, 57, 69, 93, 95, 100, 103, 106, 131, 133, 135, 138, 139, 152, 165, 170, 191, 200, 203, 221, 228, 233, 283, 287, 293, 296, 299, 313, 328, 337, 344, 357, 365, 388, 392, 393, 396, 400, 406, 420, 428, 429, 433, 457, 458, 462, 463, 464, 475, 483, 487, 490, 495, 506, 514, 523, 526, 528, 530, 531, 532, 534, 538, 550, 552, 554, 555, 588, 592, 593, 595, 598, 616, 619, 632, 647, 656, 667, 680, 682, 683, 691, 697, 709, 710, 711, 712, 745, 750, 759, 776, 785, 807, 809, 831, 863, 868, 872, 895, 906, 929, 942, 960, 987, 991, 999, 1009, 1016, 1018, 1021, ]
[27, 31, 45, 64, 90, 101, 106, 112, 141, 147, 165, 190, 197, 202, 229, 247, 261, 281, 290, 293, 318, 325, 341, 347, 356, 357, 376, 400, 401, 406, 426, 434, 435, 453, 455, 460, 465, 466, 476, 486, 488, 496, 498, 500, 524, 558, 559, 585, 613, 616, 628, 631, 693, 696, 709, 712, 713, 775, 776, 798, 817, 862, 872, 907, 932, 981, 1004, 1020, ]
[6, 11, 17, 23, 28, 68, 80, 93, 97, 98, 111, 112, 125, 130, 132, 133, 140, 168, 180, 198, 200, 202, 223, 228, 241, 246, 247, 254, 258, 264, 266, 280, 291, 345, 349, 351, 353, 375, 400, 401, 405, 408, 416, 424, 430, 434, 440, 441, 442, 443, 446, 453, 480, 497, 520, 528, 531, 532, 536, 557, 572, 594, 612, 616, 640, 678, 695, 696, 710, 718, 735, 745, 748, 749, 750, 753, 760, 763, 804, 805, 815, 830, 840, 843, 871, 873, 884, 901, 925, 931, 933, 934, 936, 950, 957, 960, 962, 966, 967, 969, 990, 1001, 1017, ]
[3, 32, 58, 77, 81, 87, 91, 98, 103, 106, 108, 131, 132, 133, 134, 148, 171, 173, 186, 188, 201, 202, 209, 215, 229, 231, 235, 240, 245, 246, 264, 266, 287, 289, 294, 304, 313, 316, 324, 332, 340, 344, 359, 363, 389, 401, 403, 411, 426, 427, 435, 440, 446, 447, 456, 457, 459, 464, 466, 473, 476, 488, 489, 491, 517, 519, 522, 528, 550, 552, 553, 562, 580, 581, 583, 585, 590, 614, 618, 620, 622, 624, 627, 632, 636, 652, 655, 659, 667, 685, 717, 743, 750, 765, 776, 790, 800, 803, 806, 818, 831, 832, 833, 853, 865, 877, 879, 888, 897, 901, 904, 915, 924, 931, 943, 953, 965, 966, 968, 978, 986, 988, 989, 992, 1002, 1005, 1021, ]
[2, 29, 89, 94, 105, 108, 109, 117, 134, 148, 162, 163, 169, 191, 201, 202, 211, 215, 216, 228, 229, 240, 245, 260, 265, 266, 280, 292, 313, 324, 342, 358, 363, 374, 375, 388, 422, 435, 476, 478, 492, 497, 498, 505, 518, 533, 563, 564, 587, 591, 597, 616, 631, 639, 646, 664, 677, 679, 698, 739, 741, 744, 774, 783, 784, 839, 840, 872, 873, 933, 958, 969, 981, 986, 1016, ]
[23, 28, 60, 63, 66, 72, 84, 92, 93, 94, 95, 127, 226, 227, 229, 259, 273, 277, 290, 294, 321, 332, 341, 343, 356, 360, 364, 368, 370, 371, 374, 394, 401, 440, 450, 459, 462, 472, 508, 511, 516, 520, 524, 527, 529, 549, 562, 563, 565, 588, 593, 596, 598, 599, 614, 624, 634, 644, 653, 658, 663, 685, 703, 710, 712, 734, 735, 748, 773, 775, 784, 838, 873, 925, 936, 962, 1012, ]
[23, 31, 63, 71, 90, 92, 130, 132, 136, 150, 162, 165, 190, 201, 234, 245, 249, 264, 272, 294, 305, 312, 327, 341, 342, 343, 344, 362, 370, 397, 399, 411, 415, 428, 431, 432, 433, 434, 437, 440, 441, 447, 460, 465, 466, 467, 471, 472, 499, 502, 518, 530, 533, 538, 569, 573, 587, 624, 646, 662, 663, 690, 697, 707, 710, 728, 756, 757, 759, 773, 776, 808, 823, 840, 866, 868, 870, 885, 895, 905, 969, 991, 999, 1012, 1023, ]
[19, 29, 39, 42, 46, 89, 93, 103, 125, 127, 135, 137, 159, 161, 163, 188, 195, 199, 201, 217, 238, 243, 261, 291, 295, 313, 315, 355, 405, 406, 407, 412, 426, 432, 435, 436, 444, 455, 464, 489, 496, 509, 510, 519, 522, 527, 532, 534, 561, 571, 583, 587, 599, 601, 655, 662, 678, 680, 694, 719, 732, 739, 760, 776, 804, 827, 840, 895, 899, 936, 990, 992, 997, 1006, 1020, ]
[6, 19, 24, 26, 30, 31, 37, 60, 62, 64, 75, 105, 138, 150, 159, 170, 172, 187, 194, 197, 201, 203, 209, 232, 240, 255, 262, 269, 272, 277, 282, 297, 328, 339, 341, 357, 361, 369, 378, 388, 393, 404, 423, 427, 431, 432, 434, 456, 463, 470, 475, 479, 489, 491, 500, 501, 504, 505, 516, 526, 528, 529, 532, 589, 622, 625, 627, 630, 632, 647, 669, 672, 693, 717, 730, 737, 741, 743, 744, 753, 775, 777, 816, 825, 831, 841, 852, 875, 889, 894, 895, 901, 924, 925, 927, 928, 959, 965, 986, 1006, 1014, 1015, ]
[23, 26, 41, 63, 85, 87, 124, 157, 161, 167, 191, 201, 211, 222, 228, 232, 251, 259, 264, 281, 291, 296, 329, 331, 348, 374, 399, 423, 435, 452, 455, 458, 468, 472, 476, 496, 499, 502, 503, 507, 533, 541, 543, 567, 591, 646, 656, 745, 746, 748, 751, 773, 774, 776, 778, 802, 816, 827, 831, 842, 861, 868, 871, 873, 880, 892, 894, 901, 917, 959, 968, 994, 1020, ]
[2, 27, 29, 35, 61, 64, 67, 91, 100, 101, 111, 144, 159, 180, 200, 210, 220, 235, 247, 259, 269, 300, 313, 321, 325, 336, 340, 353, 360, 374, 378, 384, 390, 398, 400, 402, 407, 423, 432, 433, 435, 444, 455, 465, 478, 493, 496, 520, 523, 558, 561, 580, 586, 623, 625, 652, 693, 726, 750, 767, 799, 840, 852, 871, 901, 959, 960, 969, 977, 991, 992, ]
[1, 8, 17, 29, 69, 95, 102, 124, 130, 134, 140, 163, 165, 175, 180, 201, 222, 233, 241, 252, 275, 278, 279, 288, 292, 294, 299, 339, 344, 354, 370, 377, 379, 390, 394, 400, 403, 404, 410, 423, 430, 434, 454, 455, 458, 465, 476, 484, 495, 498, 518, 521, 528, 532, 541, 554, 565, 583, 594, 658, 664, 665, 669, 687, 694, 702, 707, 740, 749, 757, 767, 774, 806, 822, 831, 838, 839, 840, 841, 849, 870, 888, 897, 902, 909, 923, 927, 932, 935, 966, 967, 973, 990, 994, 1022, ]
[3, 6, 28, 29, 39, 62, 89, 101, 106, 129, 136, 169, 178, 193, 196, 200, 208, 212, 213, 232, 236, 240, 244, 245, 248, 268, 270, 287, 304, 311, 323, 344, 345, 367, 369, 376, 380, 392, 394, 395, 406, 414, 433, 442, 445, 456, 459, 464, 473, 489, 493, 499, 500, 503, 533, 539, 551, 557, 592, 600, 616, 620, 646, 647, 655, 660, 664, 712, 729, 731, 742, 743, 780, 808, 816, 848, 851, 859, 866, 873, 883, 910, 938, 961, 969, 992, 1009, 1010, 1018, 1023, ]
[0, 7, 14, 30, 39, 40, 41, 42, 55, 69, 70, 101, 136, 168, 169, 190, 196, 212, 222, 223, 230, 234, 238, 249, 263, 265, 270, 293, 298, 329, 356, 358, 386, 391, 400, 416, 438, 493, 505, 533, 540, 551, 570, 573, 598, 611, 639, 657, 693, 697, 712, 742, 744, 751, 754, 786, 788, 811, 826, 842, 846, 866, 868, 869, 889, 901, 902, 903, 912, 934, 957, 993, ]
[47, 129, 160, 191, 192, 224, 225, 256, 257, 288, 289, 292, 301, 319, 321, 335, 341, 346, 353, 354, 360, 367, 376, 417, 448, 480, 495, 556, 559, 734, 773, 789, 814, 834, 944, 969, 1018, ]
[26, 33, 47, 52, 69, 126, 137, 140, 145, 162, 165, 166, 169, 171, 180, 200, 209, 216, 223, 227, 231, 247, 254, 264, 271, 272, 281, 282, 304, 305, 319, 326, 330, 336, 337, 340, 366, 383, 385, 394, 399, 412, 414, 428, 451, 456, 463, 485, 488, 489, 493, 497, 507, 518, 527, 529, 530, 531, 552, 557, 574, 582, 588, 593, 594, 595, 605, 613, 616, 624, 654, 655, 679, 686, 695, 708, 712, 720, 728, 739, 742, 746, 751, 752, 758, 769, 781, 783, 840, 867, 896, 906, 910, 913, 924, 956, 996, 1006, 1022, ]
[1, 25, 27, 64, 116, 126, 133, 167, 201, 266, 281, 291, 297, 307, 319, 326, 331, 368, 373, 389, 393, 402, 408, 426, 430, 436, 439, 455, 461, 490, 495, 515, 520, 524, 536, 560, 570, 650, 653, 663, 697, 711, 744, 746, 772, 805, 808, 831, 852, 928, 932, 987, 994, 1004, 1021, 1023, ]
[5, 15, 18, 26, 27, 28, 29, 101, 135, 156, 158, 175, 202, 229, 241, 250, 259, 299, 306, 314, 339, 360, 367, 375, 376, 377, 406, 425, 429, 435, 442, 443, 462, 466, 483, 487, 495, 496, 497, 505, 520, 527, 530, 536, 557, 571, 589, 599, 603, 615, 626, 638, 663, 665, 676, 678, 742, 743, 753, 772, 794, 862, 864, 868, 869, 896, 902, 928, 929, 945, 961, 968, 985, 1000, 1008, 1011, ]
[4, 5, 17, 19, 23, 41, 63, 118, 119, 122, 150, 157, 159, 165, 181, 187, 195, 199, 201, 215, 227, 237, 238, 246, 248, 265, 267, 279, 287, 292, 311, 312, 313, 315, 323, 337, 345, 347, 348, 349, 350, 359, 394, 395, 404, 412, 420, 423, 424, 433, 435, 453, 466, 473, 487, 494, 499, 502, 503, 520, 529, 532, 566, 632, 656, 710, 713, 740, 766, 774, 791, 793, 798, 829, 839, 856, 858, 867, 888, 894, 901, 913, 960, 979, 989, 996, 1003, 1010, 1015, ]
[0, 3, 4, 18, 42, 50, 61, 136, 139, 166, 175, 192, 196, 200, 202, 206, 210, 228, 229, 232, 245, 252, 260, 296, 298, 303, 307, 324, 331, 341, 344, 358, 369, 403, 409, 412, 414, 420, 434, 467, 470, 493, 496, 497, 500, 508, 520, 528, 536, 552, 560, 566, 572, 587, 595, 598, 612, 615, 634, 636, 676, 708, 709, 718, 743, 747, 757, 795, 807, 808, 811, 816, 824, 834, 869, 871, 890, 925, 936, 949, 967, 969, 991, ]
[12, 15, 18, 30, 57, 78, 105, 129, 154, 166, 169, 177, 202, 213, 223, 229, 235, 265, 269, 273, 277, 280, 282, 284, 306, 311, 327, 340, 358, 375, 376, 378, 393, 401, 403, 434, 441, 445, 446, 459, 462, 463, 464, 492, 499, 504, 516, 517, 534, 537, 547, 554, 557, 561, 565, 571, 581, 594, 631, 638, 671, 712, 731, 743, 754, 769, 804, 808, 809, 825, 832, 835, 837, 843, 864, 865, 896, 897, 900, 910, 916, 923, 929, 930, 938, 969, 995, 1021, ]
[2, 25, 26, 60, 69, 72, 74, 81, 105, 108, 116, 117, 140, 159, 181, 196, 209, 216, 219, 228, 231, 241, 254, 256, 261, 295, 298, 309, 312, 346, 348, 372, 389, 397, 401, 420, 438, 442, 446, 466, 468, 490, 495, 529, 532, 534, 535, 561, 565, 568, 574, 578, 588, 623, 631, 679, 693, 709, 736, 740, 768, 769, 807, 835, 837, 903, 911, 928, 956, 990, 1009, ]