[14, 25, 26, 27, 29, 45, 50, 52, 61, 62, 65, 73, 79, 83, 86, ]
[7, 12, 20, 27, 29, 31, 34, 48, 51, 63, 67, 78, 79, 81, 82, 85, 87, ]
[5, 10, 11, 27, 29, 31, 38, 51, 53, 59, 77, 79, 82, 89, ]
[18, 23, 33, 35, 45, 52, 59, 83, ]
[0, 7, 9, 13, 16, 17, 19, 22, 25, 33, 43, 50, 62, 64, 72, 75, 87, 89, ]
[23, 38, 46, 49, 55, 59, 61, 82, ]
[12, 16, 19, 21, 23, 31, 37, 38, 48, 57, 65, 71, 76, 79, 86, 88, 89, ]
[0, 3, 15, 19, 21, 23, 24, 25, 27, 29, 30, 31, 42, 78, 81, 85, 88, 89, ]
[0, 17, 23, 26, 28, 31, 48, 51, 69, 75, 80, 85, ]
[8, 13, 15, 29, 33, 36, 37, 48, 50, 67, 69, 85, 86, 88, 89, ]
[2, 9, 15, 27, 31, 38, 43, 51, 60, 61, 65, 69, 83, 88, 89, ]
[0, 6, 8, 9, 25, 27, 30, 32, 46, 49, 51, 53, 60, 62, 77, 82, 84, 86, 88, ]
[2, 7, 13, 23, 37, 40, 43, 49, 67, 68, 71, 73, 85, 89, ]
[0, 3, 4, 15, 17, 24, 25, 27, 41, 47, 48, 59, 63, 64, 69, 82, ]
[5, 8, 11, 12, 14, 22, 25, 34, 39, 49, 50, 51, 55, 59, 61, 64, 65, 71, 75, 89, ]