[110, 133, 140, 162, 196, 199, 208, 296, 310, 324, 329, 358, 360, 394, 405, 425, 427, 436, 453, 455, 469, 472, 489, 492, 496, 507, 519, 521, 526, 530, 532, 533, 534, 538, 551, 563, 573, 614, 647, 662, 671, 680, 694, 741, 744, 756, 759, 775, 779, 789, 804, 839, 840, 846, 871, 886, 903, 937, 991, 1020, ]
[0, 1, 41, 42, 54, 64, 70, 92, 99, 100, 103, 108, 112, 134, 136, 146, 157, 169, 171, 196, 199, 200, 216, 223, 233, 240, 261, 268, 269, 281, 286, 287, 296, 297, 305, 312, 315, 331, 333, 335, 342, 371, 373, 390, 392, 421, 426, 435, 455, 461, 466, 468, 475, 476, 484, 487, 492, 496, 500, 509, 519, 520, 535, 536, 539, 550, 555, 570, 596, 611, 612, 620, 627, 640, 647, 657, 661, 665, 675, 679, 687, 693, 702, 710, 711, 713, 715, 717, 718, 740, 743, 776, 777, 780, 799, 806, 820, 826, 840, 863, 869, 893, 899, 933, 960, 971, 992, 1003, 1007, 1012, 1019, ]
[0, 11, 18, 20, 62, 101, 116, 117, 127, 133, 137, 138, 148, 157, 169, 192, 198, 201, 218, 229, 265, 311, 330, 331, 337, 339, 345, 348, 362, 376, 378, 390, 394, 400, 402, 405, 425, 429, 456, 457, 475, 478, 487, 493, 499, 500, 516, 520, 532, 536, 537, 557, 570, 592, 597, 655, 658, 672, 677, 678, 704, 710, 760, 775, 780, 783, 790, 808, 834, 836, 841, 859, 901, 904, 919, 920, 955, 963, ]
[7, 27, 60, 63, 76, 100, 123, 127, 137, 167, 169, 197, 201, 209, 214, 224, 265, 299, 311, 325, 347, 355, 373, 388, 389, 391, 400, 402, 403, 406, 410, 433, 437, 440, 441, 468, 469, 480, 486, 496, 501, 522, 531, 533, 538, 563, 565, 582, 596, 601, 608, 634, 654, 658, 662, 677, 728, 743, 772, 775, 776, 778, 788, 805, 839, 863, 867, 873, 887, 903, 904, 958, 967, 983, 988, 993, 1002, 1021, ]
[0, 21, 22, 23, 25, 31, 65, 95, 105, 115, 132, 147, 169, 178, 186, 190, 197, 200, 208, 226, 238, 244, 250, 260, 262, 264, 293, 296, 312, 333, 341, 377, 379, 404, 406, 408, 411, 419, 422, 444, 457, 475, 506, 510, 532, 538, 539, 540, 568, 571, 583, 590, 591, 598, 602, 622, 633, 659, 678, 680, 741, 776, 807, 808, 840, 841, 853, 891, 928, 993, 1022, ]
[8, 13, 21, 23, 24, 25, 26, 28, 29, 31, 63, 73, 95, 103, 161, 164, 169, 190, 200, 232, 233, 236, 239, 243, 247, 248, 255, 286, 291, 296, 298, 313, 327, 358, 359, 372, 390, 392, 404, 408, 412, 424, 433, 436, 440, 442, 452, 456, 463, 471, 476, 504, 507, 508, 509, 525, 526, 540, 541, 552, 559, 562, 582, 590, 600, 604, 636, 637, 646, 668, 679, 707, 709, 714, 776, 802, 808, 839, 840, 841, 895, 925, 932, 958, 959, 987, 993, ]
[0, 1, 26, 63, 64, 74, 75, 93, 102, 133, 138, 156, 231, 233, 237, 284, 319, 325, 331, 340, 345, 354, 368, 374, 376, 392, 404, 411, 424, 434, 460, 495, 500, 508, 529, 531, 536, 538, 556, 557, 569, 571, 586, 587, 592, 599, 607, 621, 626, 627, 644, 649, 678, 681, 714, 731, 753, 754, 767, 777, 784, 804, 805, 860, 866, 872, 895, 902, 930, 934, 935, 941, 949, 958, 968, 973, 980, 989, 992, 1004, 1005, 1006, 1018, ]
[57, 85, 138, 144, 165, 167, 178, 196, 218, 229, 245, 249, 252, 259, 273, 282, 283, 312, 314, 315, 316, 324, 326, 332, 336, 339, 349, 387, 393, 396, 398, 400, 401, 403, 404, 422, 427, 434, 435, 440, 456, 461, 491, 492, 493, 495, 497, 519, 564, 569, 600, 623, 629, 638, 644, 651, 741, 771, 776, 807, 864, 866, 898, 903, 960, 963, 1013, 1019, ]
[20, 29, 31, 70, 78, 94, 118, 124, 134, 143, 162, 168, 169, 180, 195, 203, 207, 234, 249, 256, 279, 286, 292, 293, 296, 299, 308, 319, 329, 346, 373, 411, 420, 431, 435, 445, 456, 466, 470, 486, 497, 499, 519, 592, 598, 600, 601, 616, 622, 647, 676, 708, 728, 744, 762, 769, 778, 803, 841, 847, 853, 869, 873, 888, 894, 904, 937, 958, 964, 966, 967, 1016, 1020, ]
[42, 57, 64, 106, 125, 131, 132, 136, 137, 164, 174, 176, 196, 197, 209, 231, 232, 234, 291, 304, 345, 375, 391, 396, 403, 405, 410, 423, 424, 447, 462, 464, 467, 468, 498, 504, 507, 509, 527, 535, 583, 630, 692, 710, 744, 778, 782, 808, 838, 868, 872, 927, 934, 936, 987, 1011, ]
[1, 5, 10, 14, 23, 27, 36, 65, 74, 105, 131, 133, 152, 157, 164, 169, 177, 184, 201, 204, 213, 222, 223, 234, 274, 277, 297, 298, 303, 334, 335, 367, 373, 376, 383, 398, 413, 425, 434, 437, 438, 439, 453, 454, 456, 464, 466, 469, 485, 487, 488, 489, 505, 509, 511, 519, 521, 543, 547, 550, 555, 558, 562, 563, 564, 575, 584, 595, 597, 598, 604, 614, 625, 631, 644, 653, 654, 655, 664, 681, 683, 714, 729, 734, 737, 739, 744, 745, 750, 757, 774, 776, 799, 824, 840, 844, 846, 848, 858, 868, 883, 901, 924, 954, 963, 979, 991, 1018, 1022, ]
[9, 16, 23, 30, 31, 33, 57, 100, 110, 128, 135, 149, 160, 163, 164, 169, 196, 215, 238, 251, 253, 260, 262, 266, 310, 346, 358, 371, 377, 391, 396, 400, 424, 433, 434, 459, 467, 488, 507, 528, 559, 560, 580, 595, 617, 624, 631, 652, 742, 747, 765, 772, 778, 803, 823, 834, 835, 836, 867, 868, 871, 894, 908, 931, 932, 968, 1017, ]
[8, 29, 31, 54, 70, 95, 105, 111, 191, 196, 198, 200, 207, 218, 232, 241, 262, 276, 293, 300, 315, 330, 341, 365, 368, 373, 386, 393, 401, 408, 425, 429, 434, 442, 444, 465, 468, 471, 496, 539, 549, 563, 591, 593, 625, 630, 632, 661, 677, 695, 704, 710, 720, 722, 735, 741, 760, 772, 778, 824, 839, 870, 893, 931, 934, 937, 958, 969, 993, 1001, 1012, 1016, 1019, ]
[0, 13, 20, 31, 89, 94, 103, 105, 115, 127, 130, 133, 134, 136, 188, 191, 195, 197, 216, 217, 228, 230, 286, 296, 302, 324, 350, 358, 361, 376, 392, 405, 406, 423, 424, 428, 434, 437, 451, 463, 473, 478, 515, 520, 526, 530, 532, 555, 563, 564, 567, 581, 592, 595, 597, 598, 602, 611, 618, 660, 663, 664, 671, 678, 709, 712, 745, 783, 785, 790, 791, 799, 802, 823, 831, 838, 853, 863, 869, 872, 873, 875, 876, 895, 900, 925, 932, 940, 941, 973, 997, 1017, 1023, ]
[2, 6, 17, 24, 33, 44, 62, 91, 92, 125, 131, 159, 165, 168, 169, 171, 172, 187, 194, 196, 197, 200, 206, 218, 240, 276, 278, 280, 283, 293, 295, 296, 313, 329, 337, 339, 356, 357, 358, 363, 364, 373, 374, 375, 376, 389, 407, 410, 425, 427, 437, 438, 456, 462, 463, 477, 479, 486, 487, 492, 508, 515, 518, 521, 526, 530, 534, 559, 560, 563, 569, 583, 585, 587, 588, 589, 599, 613, 626, 629, 649, 652, 678, 683, 684, 689, 695, 712, 713, 719, 731, 737, 741, 753, 767, 798, 805, 830, 842, 851, 869, 871, 888, 901, 905, 930, 958, 972, 988, 989, 993, 998, 1014, 1018, 1019, 1020, ]
[24, 36, 41, 127, 132, 134, 137, 149, 201, 202, 216, 223, 228, 252, 265, 275, 295, 299, 311, 325, 368, 373, 375, 377, 382, 401, 409, 426, 456, 501, 551, 600, 603, 612, 628, 680, 681, 685, 728, 743, 749, 762, 797, 817, 820, 821, 841, 843, 852, 868, 903, 904, 933, 989, 995, 1017, ]
[6, 25, 63, 68, 100, 136, 173, 177, 197, 213, 221, 223, 233, 245, 249, 263, 264, 277, 287, 294, 303, 318, 326, 328, 342, 357, 364, 371, 372, 378, 390, 407, 412, 432, 441, 445, 467, 476, 478, 501, 504, 521, 549, 564, 591, 599, 625, 636, 651, 653, 680, 682, 708, 709, 726, 735, 745, 770, 800, 802, 813, 905, 914, 937, 965, 969, 1010, 1023, ]
[3, 16, 31, 32, 39, 60, 70, 94, 104, 114, 122, 138, 158, 161, 163, 168, 220, 261, 272, 277, 283, 294, 296, 306, 319, 326, 332, 361, 363, 370, 377, 391, 412, 414, 434, 437, 447, 464, 479, 492, 498, 536, 543, 585, 595, 612, 623, 625, 644, 645, 661, 680, 695, 730, 774, 807, 830, 833, 847, 853, 875, 892, 902, 921, 927, 933, 962, 974, 993, 1023, ]
[11, 12, 25, 28, 30, 57, 69, 93, 95, 100, 103, 106, 131, 133, 135, 138, 139, 152, 170, 191, 196, 200, 203, 221, 228, 233, 283, 287, 293, 296, 299, 313, 328, 337, 344, 357, 365, 388, 392, 393, 396, 402, 406, 420, 428, 429, 433, 457, 458, 462, 463, 475, 483, 487, 495, 506, 512, 514, 523, 524, 526, 528, 530, 531, 532, 534, 538, 550, 552, 555, 586, 588, 592, 593, 598, 601, 616, 619, 627, 632, 647, 667, 680, 682, 683, 697, 709, 710, 711, 712, 723, 745, 750, 759, 785, 807, 809, 831, 863, 872, 895, 906, 929, 942, 960, 987, 991, 999, 1009, 1016, 1018, 1021, ]
[31, 45, 67, 90, 94, 101, 112, 139, 141, 147, 165, 229, 247, 261, 281, 290, 293, 312, 325, 341, 347, 351, 356, 357, 376, 400, 401, 406, 426, 434, 435, 453, 455, 460, 465, 466, 476, 488, 493, 498, 500, 524, 558, 559, 561, 585, 613, 616, 631, 693, 696, 709, 712, 713, 775, 776, 798, 817, 863, 872, 903, 907, 932, 953, 988, 1004, ]
[6, 11, 23, 28, 36, 68, 93, 97, 98, 111, 112, 125, 130, 132, 133, 140, 146, 168, 180, 198, 200, 202, 223, 228, 246, 247, 254, 258, 259, 264, 266, 267, 280, 293, 345, 349, 351, 353, 358, 375, 400, 401, 405, 408, 412, 416, 424, 430, 434, 440, 441, 442, 446, 448, 453, 475, 480, 497, 520, 527, 532, 536, 557, 594, 602, 612, 616, 624, 655, 678, 695, 696, 710, 718, 735, 745, 748, 749, 750, 753, 760, 763, 782, 804, 805, 808, 815, 830, 840, 843, 871, 873, 884, 901, 927, 931, 933, 934, 936, 950, 957, 960, 961, 966, 967, 969, 990, 1000, 1001, 1017, ]
[3, 11, 28, 32, 58, 63, 77, 81, 87, 98, 103, 104, 106, 108, 131, 132, 133, 134, 148, 171, 173, 186, 188, 201, 202, 209, 215, 229, 231, 235, 240, 245, 246, 264, 266, 286, 287, 289, 294, 304, 313, 316, 324, 332, 340, 344, 359, 363, 389, 401, 403, 411, 426, 427, 435, 440, 446, 447, 456, 457, 459, 464, 466, 473, 476, 488, 489, 491, 517, 519, 522, 528, 550, 552, 553, 562, 580, 583, 585, 590, 614, 618, 620, 622, 624, 627, 632, 636, 652, 655, 659, 667, 685, 717, 743, 750, 765, 776, 790, 800, 803, 806, 818, 831, 832, 833, 853, 865, 877, 879, 888, 894, 897, 901, 904, 915, 924, 931, 943, 953, 965, 966, 968, 978, 986, 988, 989, 992, 1002, 1005, 1021, ]
[29, 89, 94, 105, 108, 109, 117, 134, 148, 162, 163, 168, 169, 191, 201, 202, 215, 216, 228, 229, 240, 245, 260, 266, 280, 292, 313, 324, 337, 342, 374, 422, 456, 464, 476, 478, 492, 497, 498, 505, 518, 533, 535, 563, 564, 587, 591, 597, 616, 646, 663, 677, 679, 696, 698, 739, 741, 744, 783, 784, 821, 839, 872, 873, 888, 933, 958, 969, 986, 1016, ]
[23, 28, 32, 60, 63, 72, 92, 93, 94, 95, 100, 127, 226, 227, 229, 259, 273, 277, 290, 319, 321, 332, 341, 343, 356, 360, 364, 368, 371, 374, 375, 392, 394, 401, 432, 450, 459, 472, 492, 508, 511, 516, 520, 524, 527, 529, 530, 549, 562, 563, 565, 568, 588, 596, 598, 599, 614, 624, 625, 634, 644, 653, 663, 685, 703, 710, 712, 715, 734, 735, 748, 773, 775, 784, 838, 873, 925, 936, 962, ]
[23, 31, 63, 71, 90, 92, 101, 130, 136, 137, 150, 162, 165, 190, 201, 230, 234, 264, 272, 276, 294, 296, 305, 311, 312, 327, 330, 341, 344, 370, 375, 397, 399, 415, 428, 431, 432, 433, 434, 437, 440, 441, 443, 447, 460, 465, 466, 467, 471, 472, 499, 502, 518, 530, 533, 538, 569, 570, 573, 587, 624, 658, 662, 663, 678, 708, 722, 739, 757, 760, 773, 776, 808, 823, 840, 866, 868, 870, 885, 895, 905, 969, 991, 999, 1012, 1023, ]
[19, 23, 29, 39, 42, 46, 89, 93, 103, 125, 127, 135, 137, 159, 161, 163, 188, 195, 201, 217, 238, 243, 252, 261, 291, 295, 313, 315, 346, 355, 361, 405, 406, 407, 412, 426, 432, 435, 436, 444, 455, 464, 489, 496, 499, 505, 519, 522, 527, 529, 534, 536, 561, 564, 566, 571, 587, 599, 637, 655, 662, 680, 732, 739, 751, 804, 840, 858, 895, 899, 936, 959, 960, 990, 992, 997, ]
[6, 19, 24, 26, 30, 31, 37, 49, 60, 62, 64, 75, 105, 138, 150, 159, 169, 172, 187, 188, 194, 196, 197, 201, 203, 240, 255, 262, 269, 272, 277, 282, 297, 304, 327, 339, 341, 357, 361, 369, 378, 388, 393, 398, 404, 423, 427, 431, 432, 463, 470, 475, 479, 489, 491, 500, 501, 504, 505, 516, 520, 526, 528, 532, 589, 595, 621, 622, 625, 627, 629, 632, 669, 672, 677, 693, 717, 730, 737, 743, 744, 753, 775, 777, 805, 825, 831, 841, 852, 875, 880, 889, 894, 895, 924, 925, 927, 928, 955, 959, 965, 969, 1006, 1014, 1015, 1018, ]
[23, 26, 41, 63, 85, 87, 124, 137, 157, 161, 167, 188, 191, 201, 203, 211, 222, 228, 232, 251, 259, 264, 281, 291, 296, 329, 374, 399, 402, 423, 426, 452, 455, 468, 472, 476, 496, 499, 502, 503, 507, 533, 541, 543, 591, 646, 656, 674, 745, 746, 748, 751, 767, 773, 776, 778, 816, 827, 831, 842, 861, 868, 871, 873, 880, 894, 901, 917, 956, 968, 978, ]
[2, 27, 29, 32, 61, 64, 67, 91, 100, 101, 111, 144, 159, 180, 200, 210, 220, 235, 247, 259, 269, 297, 300, 313, 325, 336, 340, 353, 360, 370, 374, 378, 384, 390, 398, 400, 402, 407, 412, 423, 432, 433, 435, 455, 465, 478, 493, 496, 520, 523, 531, 558, 561, 580, 586, 623, 625, 652, 666, 693, 726, 735, 744, 750, 799, 840, 852, 871, 896, 901, 959, 960, 969, 992, 1010, 1019, ]
[0, 3, 8, 17, 27, 31, 32, 69, 102, 126, 134, 140, 156, 162, 163, 175, 180, 197, 201, 233, 241, 255, 275, 278, 279, 288, 292, 294, 296, 299, 339, 344, 354, 370, 377, 379, 390, 394, 400, 403, 404, 410, 423, 424, 430, 453, 454, 455, 458, 465, 466, 476, 495, 500, 516, 518, 520, 528, 541, 561, 562, 565, 583, 658, 664, 665, 669, 687, 694, 702, 707, 740, 749, 757, 767, 774, 806, 822, 831, 838, 839, 840, 841, 849, 870, 888, 893, 897, 902, 909, 927, 932, 935, 966, 967, 973, 990, 994, 1022, ]
[2, 6, 28, 29, 39, 62, 101, 106, 136, 164, 169, 178, 193, 200, 208, 212, 213, 232, 236, 240, 244, 245, 248, 268, 287, 300, 304, 323, 343, 344, 345, 367, 376, 380, 392, 394, 395, 401, 406, 414, 433, 442, 445, 456, 459, 464, 473, 489, 493, 499, 500, 503, 521, 533, 539, 551, 557, 584, 592, 600, 620, 646, 647, 655, 660, 664, 682, 710, 712, 729, 743, 780, 816, 851, 856, 873, 899, 910, 938, 958, 961, 969, 992, 993, 1009, 1010, 1023, ]
[2, 7, 14, 30, 39, 40, 41, 42, 55, 69, 70, 101, 136, 168, 169, 190, 196, 212, 222, 230, 234, 238, 249, 262, 263, 265, 270, 293, 298, 323, 329, 352, 358, 383, 391, 400, 404, 438, 493, 505, 533, 540, 551, 570, 573, 598, 611, 639, 657, 697, 712, 742, 751, 754, 786, 788, 809, 811, 822, 842, 846, 858, 866, 868, 869, 901, 902, 903, 912, 923, 934, 957, 993, 995, ]
[47, 129, 160, 191, 192, 224, 225, 256, 257, 288, 289, 292, 301, 319, 321, 335, 341, 346, 353, 354, 360, 376, 417, 448, 480, 495, 556, 559, 600, 734, 773, 789, 814, 834, 944, 969, 1019, ]
[9, 26, 33, 47, 52, 69, 126, 137, 140, 145, 162, 165, 166, 169, 171, 180, 200, 209, 216, 223, 227, 231, 247, 254, 264, 271, 272, 281, 304, 319, 326, 330, 336, 337, 340, 366, 383, 385, 394, 399, 414, 428, 451, 456, 463, 485, 488, 489, 493, 497, 507, 518, 527, 530, 531, 537, 557, 563, 574, 580, 582, 588, 593, 594, 613, 616, 624, 654, 655, 679, 686, 695, 708, 712, 720, 739, 742, 746, 751, 752, 758, 760, 769, 781, 783, 896, 906, 910, 913, 924, 956, 966, 996, 1006, 1022, ]
[1, 27, 64, 90, 93, 116, 133, 201, 266, 267, 281, 291, 297, 300, 307, 319, 326, 368, 373, 389, 393, 398, 402, 408, 426, 430, 436, 439, 455, 490, 495, 515, 520, 524, 536, 560, 570, 653, 663, 683, 697, 711, 744, 772, 808, 852, 896, 905, 915, 922, 929, 988, 994, 1019, 1023, ]
[6, 26, 27, 28, 29, 52, 107, 135, 156, 158, 202, 212, 229, 250, 259, 299, 306, 314, 341, 360, 367, 369, 371, 375, 376, 377, 406, 425, 435, 443, 457, 462, 466, 483, 487, 494, 495, 496, 497, 505, 527, 530, 535, 536, 555, 571, 592, 603, 626, 632, 638, 676, 678, 743, 772, 775, 785, 794, 862, 864, 868, 869, 896, 902, 928, 929, 945, 961, 968, 986, 1000, 1008, 1011, ]
[4, 17, 19, 23, 41, 63, 118, 119, 122, 150, 157, 159, 165, 170, 181, 187, 195, 199, 201, 215, 227, 237, 238, 246, 248, 265, 267, 279, 280, 287, 292, 311, 312, 313, 315, 323, 337, 345, 347, 348, 349, 359, 404, 412, 420, 423, 424, 435, 453, 466, 473, 487, 494, 502, 520, 529, 532, 562, 567, 589, 595, 656, 710, 713, 740, 766, 774, 791, 793, 829, 839, 856, 858, 867, 888, 894, 901, 913, 960, 979, 989, 996, 1003, 1010, 1015, ]
[0, 3, 4, 18, 20, 31, 42, 50, 59, 77, 136, 139, 166, 169, 192, 196, 200, 206, 210, 228, 229, 232, 252, 260, 266, 278, 280, 298, 299, 303, 307, 324, 341, 344, 358, 360, 369, 403, 409, 412, 414, 420, 434, 435, 452, 467, 470, 493, 496, 500, 501, 508, 520, 528, 552, 560, 561, 568, 572, 587, 598, 612, 615, 627, 634, 636, 660, 676, 708, 709, 718, 742, 743, 747, 794, 799, 807, 811, 816, 824, 834, 836, 837, 871, 890, 925, 949, 967, 969, 991, 992, ]
[12, 15, 28, 57, 105, 114, 129, 139, 154, 166, 169, 202, 213, 223, 229, 235, 237, 249, 265, 273, 277, 282, 284, 306, 312, 325, 327, 340, 343, 378, 393, 403, 408, 409, 434, 445, 446, 462, 463, 464, 471, 492, 499, 516, 518, 527, 534, 544, 547, 554, 557, 561, 565, 569, 581, 594, 600, 603, 631, 638, 671, 712, 728, 731, 743, 769, 773, 804, 808, 809, 825, 832, 835, 843, 863, 864, 865, 896, 897, 900, 929, 930, 938, 945, 953, 969, 995, 1021, ]
[2, 26, 28, 60, 69, 74, 81, 105, 108, 116, 117, 134, 181, 191, 219, 231, 241, 248, 254, 256, 260, 261, 295, 296, 298, 309, 312, 346, 372, 380, 381, 389, 397, 401, 420, 434, 439, 442, 446, 490, 495, 532, 561, 568, 573, 588, 597, 623, 663, 670, 677, 679, 768, 769, 808, 835, 837, 903, 911, 956, 967, 990, 1009, ]