[12, 25, 27, 29, 45, 48, 52, 61, 73, 79, 83, 86, ]
[7, 12, 20, 27, 29, 31, 34, 45, 46, 48, 51, 67, 71, 80, 81, 82, 83, 85, 87, ]
[5, 7, 9, 10, 25, 27, 29, 31, 33, 35, 38, 49, 51, 53, 55, 66, 73, 77, 79, 85, 88, ]
[14, 23, 33, 35, 45, 52, 83, ]
[2, 9, 13, 16, 19, 25, 40, 47, 64, 89, ]
[2, 7, 27, 32, 38, 46, 55, 59, 61, 84, ]
[12, 14, 16, 19, 21, 26, 31, 36, 37, 43, 48, 53, 63, 71, 76, 79, 81, 83, 84, 86, 88, 89, ]
[0, 15, 19, 21, 23, 25, 29, 30, 31, 44, 78, 89, ]
[6, 23, 25, 26, 28, 31, 50, 51, 65, 75, 80, 85, ]
[5, 8, 13, 21, 29, 33, 34, 35, 36, 37, 43, 46, 50, 51, 52, 64, 65, 67, 69, 75, 78, 85, 86, 87, 88, 89, ]
[2, 6, 9, 15, 19, 27, 29, 31, 40, 41, 51, 61, 65, 67, 79, 83, 88, 89, ]
[0, 6, 8, 11, 25, 27, 30, 32, 35, 46, 51, 53, 55, 60, 62, 77, 80, 84, 86, 88, ]
[2, 3, 13, 21, 23, 37, 38, 43, 49, 67, 68, 71, 73, 74, 75, 85, 89, ]
[0, 2, 3, 4, 5, 13, 23, 24, 25, 26, 27, 41, 47, 48, 53, 59, 63, 64, 69, 82, 88, ]
[11, 12, 14, 22, 25, 34, 39, 51, 55, 61, 64, 65, 71, 75, ]