[14, 21, 25, 26, 29, 48, 52, 61, 62, 65, 73, 83, 86, ]
[7, 12, 20, 27, 29, 31, 34, 45, 48, 51, 52, 63, 69, 78, 79, 81, 82, 85, 87, ]
[3, 7, 9, 10, 25, 27, 29, 31, 33, 38, 47, 51, 53, 55, 66, 77, 79, 82, 89, ]
[0, 9, 23, 33, 35, 45, 52, 59, 83, ]
[0, 7, 9, 13, 16, 17, 19, 22, 25, 35, 47, 50, 62, 64, 80, 81, 89, ]
[19, 27, 38, 46, 55, 59, 61, 86, 89, ]
[14, 16, 19, 21, 26, 31, 37, 38, 47, 48, 53, 63, 71, 76, 79, 81, 84, 86, 88, 89, ]
[0, 2, 3, 15, 19, 21, 23, 25, 27, 29, 31, 32, 42, 49, 68, 78, 81, 87, 88, ]
[7, 9, 25, 26, 27, 28, 38, 45, 51, 56, 65, 67, 75, 78, 85, ]
[8, 13, 26, 29, 37, 46, 50, 67, 85, 86, 89, ]
[2, 6, 9, 15, 19, 27, 29, 31, 38, 47, 51, 61, 65, 67, 79, 83, 88, 89, ]
[6, 8, 9, 25, 27, 30, 32, 46, 51, 53, 55, 60, 74, 82, 86, 88, 89, ]
[2, 3, 13, 23, 28, 37, 43, 46, 49, 67, 68, 71, 74, 75, 85, 89, ]
[0, 1, 2, 4, 5, 13, 23, 24, 25, 26, 27, 41, 47, 48, 53, 59, 63, 64, 69, 82, ]
[8, 11, 12, 14, 15, 22, 25, 39, 47, 51, 55, 59, 61, 64, 65, 71, 72, 75, 89, ]