[132, 140, 141, 162, 199, 296, 310, 324, 358, 360, 394, 425, 427, 436, 455, 459, 466, 469, 487, 489, 496, 502, 517, 519, 521, 526, 530, 532, 533, 538, 551, 563, 568, 573, 614, 647, 662, 671, 680, 694, 741, 743, 744, 756, 759, 779, 789, 804, 809, 827, 839, 840, 846, 871, 903, 937, 991, 1020, ]
[0, 1, 41, 42, 54, 59, 64, 70, 100, 103, 112, 130, 136, 146, 156, 157, 169, 171, 196, 199, 200, 215, 223, 233, 261, 268, 269, 275, 281, 286, 287, 296, 297, 305, 315, 331, 333, 335, 342, 371, 373, 390, 392, 402, 421, 435, 455, 461, 466, 468, 475, 476, 484, 492, 496, 500, 509, 519, 520, 524, 535, 536, 550, 555, 561, 570, 596, 611, 612, 620, 627, 640, 647, 657, 661, 665, 679, 683, 687, 702, 707, 710, 711, 713, 718, 722, 740, 743, 757, 776, 777, 780, 799, 806, 826, 863, 869, 893, 899, 933, 960, 968, 971, 994, 1003, 1007, 1012, 1019, ]
[0, 18, 20, 62, 86, 101, 116, 117, 127, 133, 137, 138, 148, 157, 169, 186, 192, 198, 201, 229, 265, 274, 311, 330, 331, 339, 345, 362, 376, 378, 390, 394, 405, 425, 429, 435, 445, 456, 457, 470, 475, 487, 490, 494, 499, 500, 516, 532, 536, 537, 557, 570, 575, 597, 658, 677, 678, 688, 704, 710, 760, 775, 808, 815, 834, 836, 841, 893, 901, 919, 920, 963, 984, ]
[9, 27, 60, 63, 76, 100, 123, 127, 137, 165, 167, 169, 201, 209, 214, 224, 232, 265, 311, 325, 331, 347, 355, 373, 389, 402, 403, 406, 423, 437, 441, 455, 464, 468, 469, 480, 501, 507, 522, 531, 533, 538, 552, 561, 563, 565, 582, 596, 601, 608, 634, 654, 658, 662, 677, 683, 725, 739, 743, 772, 775, 776, 825, 837, 873, 895, 903, 904, 926, 959, 967, 983, 988, 993, 1002, 1021, ]
[0, 21, 22, 23, 25, 31, 65, 95, 105, 115, 132, 147, 169, 178, 186, 190, 197, 200, 208, 226, 238, 244, 250, 260, 261, 262, 264, 296, 312, 333, 341, 345, 379, 404, 406, 408, 411, 419, 422, 444, 457, 464, 475, 506, 510, 532, 538, 539, 540, 563, 568, 571, 583, 590, 591, 598, 602, 622, 631, 633, 659, 678, 680, 700, 741, 776, 807, 808, 841, 853, 892, 946, 993, 1022, ]
[13, 23, 24, 26, 28, 29, 31, 42, 63, 73, 88, 95, 103, 137, 161, 169, 190, 200, 228, 232, 233, 236, 239, 243, 247, 255, 286, 291, 296, 313, 327, 345, 358, 359, 372, 390, 392, 404, 408, 412, 424, 436, 442, 452, 463, 471, 476, 504, 508, 525, 526, 540, 541, 552, 559, 562, 582, 590, 600, 604, 636, 637, 646, 679, 707, 709, 714, 776, 808, 839, 840, 841, 894, 895, 925, 932, 959, 986, 993, 1000, ]
[0, 1, 26, 30, 74, 75, 93, 102, 133, 138, 156, 233, 235, 237, 284, 319, 325, 340, 345, 356, 368, 374, 386, 392, 404, 408, 411, 424, 460, 500, 508, 529, 536, 538, 539, 556, 557, 569, 586, 587, 591, 599, 607, 621, 626, 627, 644, 649, 731, 746, 753, 754, 767, 784, 860, 866, 872, 895, 902, 930, 934, 935, 941, 949, 958, 968, 973, 980, 989, 992, 1005, 1006, 1018, ]
[31, 37, 57, 85, 138, 144, 165, 213, 218, 229, 242, 249, 252, 259, 282, 283, 312, 313, 314, 315, 316, 324, 326, 332, 336, 339, 357, 387, 393, 396, 398, 400, 401, 403, 404, 427, 434, 435, 440, 456, 461, 491, 492, 493, 495, 497, 519, 564, 569, 574, 600, 623, 638, 651, 771, 776, 807, 864, 866, 898, 902, 903, 960, 963, ]
[20, 29, 31, 70, 78, 91, 94, 118, 143, 162, 168, 169, 180, 195, 203, 207, 234, 249, 256, 279, 286, 292, 293, 296, 299, 308, 319, 329, 343, 346, 365, 373, 399, 411, 420, 435, 466, 470, 486, 497, 499, 519, 598, 600, 601, 616, 622, 647, 651, 663, 676, 694, 708, 744, 760, 762, 769, 778, 803, 841, 847, 853, 869, 873, 888, 895, 904, 923, 937, 958, 964, 966, 967, 1014, 1020, ]
[17, 42, 57, 64, 106, 127, 132, 136, 137, 176, 191, 196, 197, 209, 231, 234, 304, 345, 375, 388, 396, 400, 403, 405, 410, 423, 424, 447, 462, 464, 467, 498, 504, 507, 509, 520, 527, 567, 583, 630, 690, 710, 744, 791, 808, 814, 822, 838, 872, 927, 965, 982, 987, ]
[10, 14, 23, 27, 36, 65, 74, 105, 131, 133, 152, 157, 164, 169, 177, 184, 204, 213, 223, 234, 274, 277, 297, 334, 335, 360, 367, 373, 376, 383, 390, 398, 413, 425, 434, 437, 438, 439, 453, 454, 456, 464, 466, 469, 485, 487, 488, 489, 505, 509, 511, 519, 521, 543, 547, 550, 555, 558, 562, 564, 575, 584, 595, 597, 604, 614, 625, 631, 644, 653, 655, 664, 681, 682, 683, 714, 729, 734, 737, 744, 750, 757, 774, 776, 824, 831, 844, 846, 848, 858, 868, 883, 901, 924, 954, 963, 979, 991, 1018, 1022, ]
[9, 16, 23, 30, 31, 33, 57, 73, 100, 110, 128, 135, 149, 163, 164, 169, 238, 251, 260, 262, 286, 310, 346, 358, 363, 371, 377, 396, 400, 424, 433, 441, 459, 467, 488, 494, 528, 559, 560, 580, 595, 617, 624, 631, 652, 747, 765, 772, 803, 823, 835, 836, 843, 867, 868, 871, 894, 931, 932, 968, 1017, ]
[8, 29, 31, 54, 70, 93, 105, 140, 143, 170, 191, 196, 198, 207, 218, 232, 244, 262, 283, 291, 293, 300, 330, 365, 373, 377, 386, 393, 400, 401, 408, 423, 425, 434, 442, 444, 461, 465, 468, 471, 496, 506, 508, 526, 539, 552, 561, 563, 590, 625, 630, 632, 663, 677, 678, 704, 720, 735, 741, 754, 760, 772, 776, 778, 824, 870, 893, 931, 934, 937, 958, 969, 993, 1001, 1016, 1019, ]
[0, 20, 31, 46, 89, 94, 103, 105, 115, 127, 130, 133, 136, 188, 191, 195, 197, 200, 213, 217, 228, 230, 263, 265, 286, 302, 311, 337, 350, 358, 360, 376, 392, 405, 406, 423, 425, 428, 434, 436, 463, 473, 515, 520, 526, 530, 536, 563, 564, 567, 581, 584, 592, 595, 596, 597, 598, 602, 611, 625, 649, 663, 664, 676, 702, 709, 712, 745, 759, 783, 785, 790, 799, 802, 823, 838, 853, 863, 869, 872, 873, 875, 876, 900, 925, 940, 941, 973, 984, 995, 1018, 1023, ]
[2, 17, 24, 33, 44, 62, 91, 92, 159, 165, 168, 169, 171, 172, 187, 194, 196, 197, 200, 206, 218, 240, 276, 278, 280, 293, 295, 296, 313, 329, 337, 339, 356, 357, 358, 363, 364, 373, 375, 376, 389, 407, 410, 427, 437, 438, 456, 462, 463, 477, 479, 486, 487, 492, 508, 515, 518, 521, 526, 530, 534, 559, 563, 569, 583, 585, 587, 588, 589, 599, 600, 613, 626, 629, 649, 652, 678, 683, 684, 689, 695, 712, 713, 719, 731, 737, 741, 753, 767, 798, 805, 830, 842, 851, 871, 888, 901, 905, 930, 958, 972, 985, 989, 993, 1000, 1018, 1019, 1020, ]
[0, 31, 41, 58, 64, 104, 127, 132, 134, 135, 137, 189, 201, 202, 216, 223, 228, 245, 252, 265, 295, 311, 325, 368, 373, 375, 377, 382, 400, 401, 409, 426, 456, 501, 551, 600, 603, 612, 616, 628, 651, 681, 685, 728, 743, 749, 762, 797, 817, 820, 821, 841, 843, 852, 868, 873, 903, 904, 933, 989, 995, 1017, ]
[7, 25, 63, 68, 100, 177, 197, 199, 213, 221, 223, 233, 235, 245, 249, 264, 277, 287, 294, 303, 318, 323, 326, 328, 341, 342, 357, 371, 372, 378, 390, 400, 407, 412, 441, 445, 467, 469, 476, 478, 504, 521, 527, 543, 549, 564, 599, 625, 636, 651, 653, 680, 682, 709, 726, 745, 770, 799, 800, 802, 813, 868, 905, 914, 937, 969, 1010, 1023, ]
[3, 27, 31, 39, 70, 94, 104, 138, 151, 158, 161, 163, 168, 207, 220, 248, 261, 277, 294, 296, 304, 306, 319, 326, 332, 361, 363, 370, 377, 392, 412, 414, 437, 447, 464, 479, 492, 498, 536, 543, 563, 585, 612, 623, 625, 631, 644, 645, 653, 661, 680, 730, 774, 792, 800, 807, 815, 828, 830, 833, 875, 892, 902, 915, 933, 962, 964, 988, 993, 1023, ]
[11, 12, 25, 28, 30, 58, 69, 93, 95, 100, 103, 106, 131, 133, 135, 138, 139, 152, 165, 170, 191, 200, 203, 221, 228, 233, 263, 264, 283, 287, 293, 296, 299, 313, 328, 337, 344, 357, 365, 371, 388, 392, 393, 396, 401, 402, 406, 407, 420, 429, 457, 458, 462, 463, 475, 483, 487, 490, 495, 514, 523, 526, 528, 531, 532, 534, 538, 550, 552, 555, 588, 592, 593, 595, 598, 616, 619, 632, 647, 667, 680, 682, 683, 691, 697, 709, 710, 711, 712, 745, 759, 785, 807, 809, 831, 868, 872, 895, 906, 929, 942, 960, 987, 999, 1009, 1016, 1018, 1021, ]
[6, 31, 45, 90, 96, 101, 112, 116, 139, 141, 147, 165, 190, 197, 229, 247, 261, 280, 290, 293, 325, 341, 347, 349, 356, 357, 376, 400, 401, 426, 428, 434, 435, 439, 453, 455, 465, 466, 476, 486, 488, 493, 498, 500, 524, 558, 559, 585, 613, 616, 628, 693, 696, 709, 712, 713, 775, 798, 817, 831, 832, 872, 907, 932, 981, 1004, 1020, ]
[11, 23, 28, 36, 40, 68, 93, 97, 98, 111, 112, 123, 125, 130, 132, 133, 140, 146, 162, 168, 180, 198, 202, 223, 228, 246, 247, 259, 264, 266, 280, 293, 318, 343, 345, 349, 351, 353, 358, 400, 401, 405, 408, 416, 424, 430, 434, 440, 442, 443, 448, 453, 474, 480, 497, 499, 520, 527, 532, 536, 557, 572, 573, 594, 616, 624, 625, 688, 695, 696, 707, 710, 718, 735, 745, 748, 749, 750, 760, 763, 782, 804, 805, 806, 808, 815, 830, 843, 873, 884, 891, 901, 927, 933, 934, 950, 957, 960, 961, 962, 966, 967, 968, 969, 990, 1001, 1017, ]
[3, 18, 28, 32, 42, 58, 77, 81, 87, 103, 106, 108, 129, 131, 132, 133, 134, 148, 171, 173, 186, 188, 191, 201, 202, 209, 215, 229, 231, 235, 240, 245, 246, 258, 264, 266, 287, 289, 294, 304, 313, 316, 324, 332, 340, 344, 359, 363, 389, 401, 403, 411, 426, 427, 432, 435, 440, 446, 447, 456, 457, 459, 466, 473, 476, 488, 489, 491, 517, 519, 522, 528, 550, 552, 553, 562, 580, 583, 585, 590, 614, 618, 620, 622, 624, 627, 632, 636, 652, 655, 659, 667, 685, 717, 743, 750, 765, 776, 790, 800, 803, 806, 807, 818, 831, 832, 833, 853, 865, 877, 879, 888, 894, 897, 901, 904, 915, 924, 931, 943, 953, 965, 966, 968, 978, 986, 988, 989, 992, 1002, 1005, 1021, ]
[29, 89, 95, 101, 105, 108, 109, 117, 134, 148, 158, 162, 163, 169, 201, 202, 211, 215, 216, 228, 229, 240, 245, 260, 265, 280, 292, 313, 324, 342, 363, 374, 388, 422, 456, 464, 466, 478, 492, 497, 498, 505, 518, 533, 535, 563, 564, 587, 591, 597, 607, 616, 646, 663, 664, 677, 679, 698, 739, 741, 744, 783, 784, 789, 839, 840, 872, 873, 888, 933, 958, 986, 1017, 1021, ]
[23, 28, 32, 60, 63, 72, 92, 93, 94, 95, 127, 226, 227, 229, 259, 273, 277, 290, 319, 321, 332, 341, 343, 356, 360, 364, 370, 371, 374, 392, 394, 401, 408, 450, 459, 462, 468, 472, 508, 516, 520, 525, 527, 529, 530, 549, 562, 563, 565, 588, 596, 598, 599, 600, 606, 614, 624, 625, 634, 644, 653, 658, 663, 671, 685, 703, 710, 712, 734, 735, 746, 748, 773, 775, 784, 838, 873, 925, 936, 962, 1012, ]
[23, 31, 56, 63, 92, 101, 130, 136, 150, 162, 165, 190, 201, 210, 234, 245, 264, 272, 294, 312, 327, 330, 342, 343, 344, 370, 397, 399, 405, 415, 428, 431, 432, 433, 434, 437, 440, 441, 444, 447, 460, 465, 466, 467, 471, 486, 499, 516, 530, 532, 533, 535, 538, 569, 587, 598, 616, 624, 632, 646, 658, 663, 710, 722, 729, 739, 757, 773, 776, 789, 791, 809, 840, 870, 885, 895, 900, 905, 969, 986, 991, 999, 1012, 1023, ]
[19, 23, 29, 39, 42, 46, 93, 103, 123, 125, 127, 135, 137, 159, 163, 195, 201, 216, 238, 243, 252, 261, 291, 295, 313, 315, 340, 355, 361, 390, 405, 406, 407, 412, 426, 432, 435, 436, 444, 455, 464, 469, 489, 496, 499, 509, 519, 522, 527, 532, 534, 561, 571, 583, 587, 601, 655, 662, 677, 678, 680, 732, 739, 804, 840, 858, 895, 911, 936, 957, 960, 990, 992, 997, 1006, ]
[6, 19, 24, 26, 31, 37, 49, 60, 62, 64, 75, 138, 150, 159, 169, 172, 187, 188, 197, 201, 203, 209, 232, 240, 269, 272, 277, 282, 297, 339, 341, 356, 357, 361, 369, 378, 386, 393, 404, 423, 427, 431, 432, 439, 456, 463, 467, 470, 479, 489, 491, 496, 500, 501, 504, 505, 516, 526, 530, 532, 571, 589, 592, 622, 625, 627, 629, 632, 647, 669, 693, 717, 730, 737, 741, 743, 744, 753, 775, 777, 825, 831, 841, 853, 875, 880, 889, 894, 895, 901, 904, 924, 925, 927, 928, 955, 959, 965, 985, 1002, 1006, 1014, ]
[23, 26, 41, 63, 85, 87, 124, 157, 161, 167, 188, 191, 201, 203, 211, 222, 228, 251, 259, 264, 281, 291, 296, 329, 374, 399, 402, 423, 452, 455, 468, 476, 496, 499, 502, 504, 507, 533, 541, 543, 567, 591, 613, 646, 656, 674, 745, 746, 748, 751, 767, 773, 776, 778, 816, 827, 831, 842, 861, 868, 871, 873, 880, 894, 901, 917, 956, 968, 978, 994, ]
[2, 27, 29, 32, 35, 61, 64, 67, 91, 100, 101, 111, 144, 159, 170, 180, 200, 226, 247, 253, 259, 269, 297, 300, 303, 313, 321, 325, 336, 340, 350, 353, 360, 374, 378, 384, 390, 398, 400, 402, 423, 433, 435, 444, 455, 465, 478, 493, 496, 523, 531, 558, 561, 580, 586, 623, 625, 631, 652, 666, 693, 726, 750, 767, 799, 840, 851, 871, 901, 959, 960, 969, 991, 992, 1010, ]
[0, 3, 8, 17, 27, 31, 32, 69, 102, 124, 127, 134, 140, 162, 163, 175, 180, 197, 201, 222, 241, 265, 275, 278, 279, 288, 292, 294, 299, 339, 344, 354, 368, 370, 377, 379, 390, 394, 400, 403, 404, 410, 423, 424, 430, 453, 454, 455, 458, 465, 466, 476, 495, 500, 516, 518, 520, 528, 541, 554, 561, 562, 565, 583, 658, 664, 665, 669, 687, 694, 702, 707, 740, 749, 757, 767, 774, 806, 822, 831, 838, 839, 840, 841, 849, 870, 888, 893, 897, 902, 909, 927, 932, 935, 966, 967, 973, 990, 994, 1022, ]
[2, 6, 28, 29, 39, 62, 101, 106, 136, 169, 178, 193, 196, 200, 208, 212, 213, 232, 236, 240, 244, 245, 248, 259, 268, 270, 287, 304, 343, 344, 345, 367, 376, 380, 392, 394, 395, 406, 414, 433, 442, 445, 456, 459, 473, 489, 493, 499, 500, 503, 533, 539, 551, 557, 584, 592, 620, 646, 647, 655, 660, 664, 682, 712, 729, 743, 780, 816, 848, 851, 856, 866, 873, 910, 938, 958, 961, 969, 992, 1009, 1010, 1023, ]
[0, 7, 14, 30, 39, 40, 41, 42, 55, 69, 70, 101, 136, 168, 169, 190, 196, 212, 222, 230, 234, 238, 249, 263, 265, 270, 293, 298, 329, 356, 358, 386, 391, 400, 404, 416, 438, 493, 505, 527, 533, 540, 551, 570, 573, 598, 611, 639, 657, 693, 697, 712, 742, 744, 751, 754, 786, 788, 811, 826, 842, 846, 866, 868, 869, 889, 901, 902, 903, 912, 934, 958, 993, ]
[47, 129, 160, 191, 192, 224, 225, 256, 257, 288, 289, 292, 301, 319, 321, 326, 335, 341, 343, 346, 353, 354, 360, 367, 376, 417, 448, 480, 495, 556, 559, 600, 734, 773, 789, 814, 834, 944, 969, 1018, ]
[9, 26, 33, 47, 52, 69, 126, 137, 140, 145, 162, 165, 166, 169, 171, 180, 200, 209, 216, 223, 227, 231, 247, 254, 264, 271, 272, 281, 304, 305, 319, 326, 330, 336, 340, 366, 383, 385, 394, 399, 412, 414, 428, 451, 456, 463, 485, 488, 489, 493, 497, 507, 518, 527, 530, 531, 557, 574, 582, 588, 593, 594, 595, 605, 613, 616, 624, 654, 655, 679, 686, 688, 695, 708, 712, 720, 728, 739, 742, 746, 752, 758, 769, 781, 783, 786, 896, 906, 910, 913, 924, 956, 966, 995, 1006, 1022, ]
[1, 27, 53, 64, 90, 93, 116, 133, 201, 266, 281, 291, 297, 307, 326, 331, 368, 373, 402, 408, 426, 430, 436, 439, 455, 461, 490, 495, 515, 519, 524, 536, 560, 570, 650, 653, 663, 697, 711, 740, 741, 744, 808, 831, 852, 896, 905, 915, 929, 954, 994, 1019, 1021, 1023, ]
[6, 18, 26, 27, 28, 29, 135, 156, 202, 208, 212, 229, 250, 259, 299, 314, 360, 367, 371, 375, 376, 377, 401, 406, 425, 429, 435, 442, 443, 451, 462, 465, 466, 472, 487, 494, 495, 496, 505, 520, 527, 530, 533, 554, 557, 561, 571, 599, 603, 615, 626, 638, 663, 665, 676, 678, 743, 753, 772, 775, 794, 862, 864, 868, 869, 872, 896, 902, 928, 929, 945, 961, 968, 986, 1000, 1008, 1011, ]
[4, 17, 19, 23, 31, 41, 55, 63, 118, 119, 150, 157, 159, 165, 170, 181, 187, 195, 199, 201, 215, 227, 237, 238, 246, 248, 265, 267, 279, 287, 292, 311, 312, 313, 315, 323, 337, 345, 347, 348, 349, 359, 395, 404, 412, 420, 423, 424, 435, 453, 466, 487, 494, 497, 502, 503, 506, 520, 529, 532, 566, 573, 594, 595, 622, 632, 645, 656, 680, 740, 765, 766, 791, 793, 798, 856, 858, 867, 871, 889, 894, 901, 913, 960, 979, 986, 989, 996, 1003, 1009, 1010, ]
[0, 3, 4, 18, 31, 42, 50, 59, 77, 136, 139, 166, 169, 192, 196, 200, 206, 210, 228, 229, 245, 252, 260, 264, 266, 280, 296, 298, 299, 303, 307, 324, 341, 344, 358, 369, 403, 409, 412, 414, 420, 434, 467, 493, 496, 500, 501, 508, 520, 528, 536, 552, 560, 561, 566, 572, 587, 598, 612, 615, 627, 634, 636, 660, 676, 708, 709, 718, 743, 794, 807, 811, 816, 824, 834, 869, 871, 890, 925, 936, 949, 967, 969, 991, ]
[15, 28, 57, 78, 84, 105, 129, 139, 154, 166, 169, 177, 202, 213, 223, 229, 235, 265, 269, 273, 277, 282, 284, 306, 311, 312, 327, 340, 358, 375, 376, 378, 381, 389, 393, 434, 436, 441, 446, 459, 462, 463, 464, 492, 499, 504, 516, 518, 527, 534, 547, 554, 557, 561, 565, 581, 594, 603, 631, 697, 702, 712, 731, 743, 758, 769, 788, 804, 808, 809, 825, 832, 835, 837, 843, 864, 865, 896, 897, 900, 910, 916, 923, 929, 930, 938, 969, 995, ]
[8, 25, 57, 61, 72, 74, 81, 82, 105, 108, 116, 126, 182, 191, 196, 202, 209, 216, 219, 231, 241, 254, 256, 261, 281, 295, 296, 298, 312, 346, 372, 380, 381, 389, 401, 420, 434, 439, 442, 446, 490, 495, 529, 532, 561, 565, 568, 573, 588, 598, 623, 631, 659, 670, 679, 709, 719, 768, 769, 808, 835, 837, 873, 894, 911, 959, 967, 990, 1009, ]