[55, 140, 162, 196, 199, 208, 232, 253, 278, 296, 324, 329, 342, 358, 360, 394, 425, 427, 436, 452, 455, 469, 489, 492, 496, 507, 519, 521, 526, 530, 532, 533, 534, 538, 551, 563, 600, 605, 614, 647, 662, 671, 680, 694, 741, 744, 756, 759, 775, 779, 789, 804, 809, 827, 839, 840, 846, 871, 903, 937, 956, 1020, ]
[0, 1, 41, 42, 54, 59, 64, 70, 100, 103, 108, 112, 134, 136, 146, 157, 169, 171, 196, 199, 200, 216, 223, 240, 243, 261, 268, 269, 281, 286, 287, 296, 297, 305, 315, 331, 333, 335, 342, 371, 373, 392, 421, 426, 435, 461, 466, 468, 475, 476, 477, 484, 492, 496, 500, 504, 519, 520, 535, 550, 555, 570, 596, 611, 612, 619, 627, 631, 640, 647, 661, 665, 679, 687, 702, 707, 711, 713, 715, 718, 740, 743, 757, 776, 777, 780, 799, 806, 840, 848, 863, 869, 899, 933, 960, 968, 1003, 1007, 1012, 1019, ]
[0, 11, 18, 20, 62, 87, 101, 116, 117, 127, 133, 137, 138, 148, 157, 169, 186, 192, 198, 201, 229, 265, 274, 311, 330, 331, 339, 345, 362, 376, 378, 390, 394, 405, 425, 429, 445, 456, 457, 475, 487, 490, 493, 499, 500, 516, 520, 532, 536, 557, 570, 575, 592, 597, 629, 658, 677, 678, 704, 710, 760, 775, 780, 783, 808, 834, 836, 841, 859, 892, 901, 920, 963, 1014, ]
[9, 27, 60, 63, 76, 100, 123, 127, 137, 167, 169, 197, 201, 214, 224, 232, 265, 299, 305, 311, 325, 347, 355, 373, 389, 400, 402, 403, 406, 423, 437, 441, 466, 468, 469, 480, 486, 501, 507, 522, 531, 533, 538, 561, 563, 565, 582, 601, 608, 634, 654, 658, 662, 677, 700, 743, 750, 772, 775, 776, 778, 788, 837, 839, 867, 873, 895, 903, 904, 958, 967, 983, 989, 993, 1002, 1021, ]
[0, 21, 22, 23, 25, 31, 66, 95, 105, 115, 132, 147, 169, 178, 186, 197, 200, 208, 223, 226, 238, 244, 250, 260, 261, 262, 264, 296, 312, 333, 341, 345, 379, 404, 406, 408, 411, 419, 422, 444, 457, 464, 506, 510, 532, 538, 539, 540, 568, 571, 583, 590, 598, 602, 619, 629, 631, 633, 658, 659, 678, 680, 700, 741, 757, 776, 807, 808, 853, 924, 928, 993, 1022, ]
[8, 13, 23, 24, 25, 26, 28, 29, 42, 62, 63, 69, 95, 103, 159, 161, 164, 168, 169, 190, 200, 232, 233, 236, 239, 243, 247, 248, 255, 284, 286, 291, 296, 298, 313, 327, 328, 358, 359, 372, 390, 392, 404, 408, 412, 424, 436, 440, 442, 452, 463, 471, 476, 504, 507, 508, 509, 525, 526, 540, 552, 559, 562, 573, 582, 590, 600, 604, 636, 637, 646, 668, 679, 707, 714, 741, 745, 776, 802, 808, 839, 840, 841, 895, 925, 932, 958, 959, 987, 993, ]
[0, 1, 63, 64, 74, 93, 101, 102, 118, 138, 157, 231, 233, 237, 319, 325, 331, 354, 356, 368, 374, 392, 404, 409, 411, 424, 434, 445, 460, 495, 500, 507, 529, 531, 536, 556, 557, 569, 586, 587, 592, 599, 602, 607, 621, 626, 627, 644, 649, 678, 681, 714, 731, 745, 753, 754, 777, 805, 860, 866, 872, 895, 902, 930, 934, 935, 941, 949, 958, 968, 973, 980, 989, 992, 1004, 1005, 1006, 1018, ]
[31, 57, 85, 138, 144, 165, 213, 218, 228, 229, 238, 242, 249, 252, 259, 282, 283, 312, 313, 314, 315, 316, 324, 325, 332, 339, 349, 387, 390, 393, 396, 398, 400, 401, 403, 404, 425, 427, 434, 435, 440, 461, 491, 492, 493, 495, 497, 519, 564, 569, 600, 623, 629, 638, 644, 651, 658, 746, 776, 807, 835, 864, 866, 898, 902, 903, 960, 963, 1019, ]
[20, 25, 29, 31, 70, 78, 94, 118, 124, 143, 162, 168, 169, 180, 195, 203, 207, 234, 249, 256, 279, 286, 292, 293, 296, 299, 308, 329, 346, 373, 411, 420, 431, 435, 456, 466, 470, 486, 497, 519, 532, 581, 592, 598, 600, 601, 647, 676, 694, 708, 728, 762, 769, 778, 791, 803, 841, 847, 869, 873, 888, 895, 904, 923, 937, 958, 964, 966, 967, 1014, 1020, ]
[17, 42, 57, 64, 106, 127, 132, 136, 137, 164, 174, 176, 191, 196, 197, 209, 231, 234, 296, 304, 345, 375, 388, 391, 396, 403, 405, 408, 410, 415, 423, 424, 462, 464, 467, 490, 498, 507, 509, 527, 543, 583, 595, 630, 710, 745, 791, 808, 814, 822, 838, 872, 927, 982, 987, ]
[1, 5, 10, 14, 23, 36, 74, 92, 105, 131, 133, 152, 157, 164, 169, 172, 177, 184, 201, 213, 223, 234, 274, 277, 287, 297, 303, 334, 335, 343, 345, 351, 367, 373, 376, 398, 413, 425, 434, 437, 438, 439, 447, 453, 454, 456, 466, 469, 485, 487, 488, 489, 495, 505, 509, 519, 521, 533, 543, 550, 555, 558, 562, 563, 564, 575, 584, 595, 597, 604, 614, 624, 631, 644, 654, 655, 664, 681, 683, 704, 714, 734, 739, 744, 750, 757, 774, 824, 831, 844, 846, 848, 858, 868, 883, 924, 954, 963, 967, 979, 991, 1018, 1022, ]
[9, 16, 23, 30, 31, 33, 57, 100, 110, 128, 135, 149, 163, 164, 169, 196, 215, 238, 251, 260, 262, 286, 310, 346, 358, 363, 371, 377, 391, 396, 400, 424, 433, 434, 456, 460, 467, 488, 491, 507, 528, 559, 560, 580, 595, 617, 624, 631, 652, 742, 747, 765, 768, 772, 778, 803, 823, 835, 836, 867, 868, 871, 894, 908, 931, 932, 968, 987, ]
[8, 20, 29, 31, 70, 105, 140, 163, 167, 191, 196, 207, 208, 218, 232, 244, 262, 283, 291, 293, 300, 330, 368, 373, 386, 393, 401, 408, 425, 434, 442, 461, 465, 468, 471, 496, 508, 526, 539, 561, 563, 591, 625, 630, 632, 659, 663, 677, 693, 704, 710, 720, 735, 741, 760, 772, 776, 778, 824, 870, 893, 931, 934, 937, 958, 969, 985, 993, 1001, ]
[0, 20, 31, 46, 89, 94, 103, 105, 115, 127, 130, 133, 136, 188, 191, 195, 197, 217, 228, 230, 263, 265, 286, 302, 350, 358, 360, 376, 392, 405, 406, 423, 425, 428, 434, 436, 463, 473, 478, 489, 515, 526, 536, 563, 567, 581, 584, 592, 595, 596, 597, 598, 611, 625, 649, 663, 664, 671, 676, 709, 712, 745, 783, 785, 790, 791, 799, 802, 823, 838, 853, 869, 872, 873, 875, 876, 895, 900, 925, 940, 941, 973, 984, 995, 1018, 1023, ]
[3, 6, 13, 24, 33, 73, 91, 92, 125, 131, 159, 165, 168, 169, 171, 172, 187, 193, 196, 197, 200, 206, 218, 240, 276, 278, 280, 283, 293, 295, 296, 329, 337, 339, 356, 357, 358, 363, 364, 373, 374, 375, 376, 389, 407, 410, 425, 427, 435, 437, 438, 456, 462, 463, 465, 477, 479, 486, 487, 492, 508, 515, 518, 521, 526, 534, 559, 560, 563, 569, 583, 585, 587, 588, 589, 599, 613, 629, 649, 652, 678, 683, 684, 689, 695, 712, 713, 719, 731, 737, 741, 753, 767, 798, 805, 806, 829, 830, 842, 851, 869, 901, 905, 930, 958, 959, 972, 988, 989, 993, 998, 1019, 1020, ]
[34, 41, 58, 104, 106, 127, 132, 134, 135, 137, 189, 201, 202, 216, 223, 228, 245, 252, 265, 295, 311, 325, 368, 373, 375, 377, 382, 401, 409, 426, 501, 551, 600, 603, 612, 628, 643, 656, 668, 681, 685, 728, 749, 762, 797, 817, 820, 821, 841, 843, 852, 868, 873, 903, 904, 933, 989, 995, 1017, ]
[6, 25, 63, 68, 100, 136, 177, 197, 213, 223, 233, 245, 249, 263, 264, 277, 287, 294, 303, 318, 323, 326, 328, 342, 357, 371, 372, 378, 390, 400, 407, 412, 441, 445, 467, 476, 478, 495, 501, 504, 521, 549, 564, 599, 625, 636, 651, 653, 680, 682, 708, 709, 726, 735, 745, 800, 802, 813, 883, 905, 937, 969, 1010, 1023, ]
[3, 16, 25, 30, 32, 39, 70, 94, 138, 150, 158, 161, 163, 168, 207, 220, 261, 277, 283, 294, 296, 304, 306, 319, 326, 332, 361, 363, 370, 377, 392, 412, 414, 437, 447, 464, 473, 479, 492, 498, 529, 536, 543, 585, 594, 595, 612, 623, 631, 644, 645, 649, 661, 680, 730, 774, 800, 807, 830, 833, 847, 853, 875, 892, 902, 921, 933, 962, 974, 988, 992, 993, 1023, ]
[11, 12, 25, 28, 30, 57, 69, 93, 95, 100, 103, 106, 131, 133, 135, 138, 139, 152, 165, 170, 191, 200, 203, 221, 228, 233, 264, 283, 287, 293, 296, 299, 313, 328, 337, 344, 357, 365, 371, 388, 392, 393, 396, 401, 406, 420, 429, 457, 458, 462, 463, 475, 483, 487, 490, 495, 514, 523, 526, 528, 530, 531, 532, 534, 538, 550, 552, 554, 555, 588, 592, 593, 595, 598, 601, 616, 619, 632, 647, 656, 667, 680, 682, 683, 691, 697, 709, 710, 711, 712, 745, 759, 776, 785, 807, 809, 831, 868, 872, 895, 906, 929, 942, 959, 960, 987, 991, 999, 1009, 1016, 1018, 1021, ]
[27, 31, 45, 67, 90, 101, 112, 116, 139, 141, 165, 201, 229, 247, 261, 281, 290, 293, 325, 341, 347, 351, 356, 357, 376, 400, 401, 426, 434, 435, 439, 453, 455, 460, 465, 466, 476, 488, 494, 498, 500, 523, 558, 559, 561, 585, 613, 616, 693, 696, 709, 712, 713, 775, 776, 798, 817, 863, 872, 907, 932, 953, 988, 1004, ]
[4, 11, 17, 23, 28, 40, 66, 93, 97, 98, 111, 112, 125, 130, 132, 133, 140, 146, 168, 180, 198, 202, 223, 228, 246, 247, 254, 259, 264, 266, 280, 333, 343, 345, 349, 351, 353, 358, 400, 401, 405, 408, 412, 416, 424, 430, 434, 440, 442, 448, 453, 475, 480, 497, 499, 520, 525, 528, 532, 536, 573, 588, 594, 612, 616, 624, 678, 688, 695, 696, 718, 735, 745, 748, 749, 750, 760, 763, 774, 804, 805, 808, 815, 830, 840, 843, 873, 884, 891, 901, 927, 931, 933, 934, 936, 950, 957, 960, 962, 966, 967, 969, 990, 1001, 1017, ]
[3, 11, 26, 32, 58, 77, 81, 87, 98, 103, 104, 106, 108, 131, 132, 133, 134, 148, 171, 173, 186, 187, 188, 201, 202, 209, 215, 229, 231, 235, 240, 245, 246, 255, 258, 264, 266, 289, 294, 305, 313, 316, 324, 332, 340, 344, 359, 363, 389, 400, 401, 403, 411, 426, 427, 432, 435, 440, 446, 447, 456, 457, 459, 466, 473, 476, 488, 489, 491, 517, 519, 522, 528, 550, 552, 553, 562, 580, 581, 583, 585, 590, 614, 618, 620, 622, 624, 627, 632, 636, 652, 655, 659, 667, 685, 717, 743, 750, 765, 776, 790, 800, 803, 806, 818, 831, 832, 833, 853, 865, 877, 879, 888, 894, 897, 901, 904, 915, 924, 931, 943, 953, 965, 966, 968, 978, 986, 988, 989, 992, 1002, 1005, 1021, ]
[2, 29, 88, 94, 101, 105, 108, 109, 117, 134, 148, 162, 163, 169, 191, 201, 215, 216, 228, 229, 240, 245, 260, 265, 266, 280, 292, 313, 324, 337, 363, 374, 422, 435, 456, 478, 492, 497, 498, 505, 533, 536, 563, 564, 587, 591, 597, 616, 631, 639, 646, 663, 677, 679, 696, 739, 741, 744, 783, 784, 789, 826, 838, 839, 872, 873, 933, 958, 969, 981, 986, 1016, ]
[23, 28, 32, 60, 63, 72, 76, 92, 93, 94, 95, 102, 127, 137, 226, 227, 229, 259, 273, 277, 290, 321, 332, 339, 343, 356, 360, 364, 368, 371, 374, 375, 386, 392, 394, 401, 450, 459, 462, 472, 508, 511, 516, 520, 524, 527, 529, 530, 532, 549, 551, 562, 563, 565, 568, 588, 596, 598, 599, 614, 624, 625, 634, 644, 653, 658, 663, 685, 703, 710, 712, 734, 735, 746, 748, 773, 775, 784, 838, 873, 925, 936, 962, 1014, ]
[23, 31, 63, 71, 90, 92, 101, 130, 136, 150, 162, 165, 190, 201, 230, 234, 264, 272, 274, 294, 296, 311, 312, 327, 341, 342, 344, 370, 397, 399, 415, 425, 428, 431, 432, 433, 434, 437, 440, 441, 443, 447, 460, 465, 466, 467, 471, 472, 487, 499, 502, 518, 530, 533, 538, 569, 570, 573, 587, 624, 646, 662, 663, 664, 690, 697, 707, 708, 710, 711, 757, 759, 773, 776, 789, 808, 823, 840, 870, 885, 895, 900, 905, 969, 986, 999, 1012, 1023, ]
[19, 25, 29, 39, 42, 46, 103, 123, 126, 127, 135, 137, 159, 163, 195, 201, 217, 220, 238, 243, 261, 291, 295, 313, 340, 346, 355, 361, 390, 405, 406, 407, 426, 432, 435, 436, 444, 455, 464, 489, 496, 509, 510, 519, 522, 527, 531, 534, 536, 561, 564, 571, 583, 587, 594, 634, 655, 662, 680, 719, 732, 739, 760, 804, 840, 895, 899, 936, 960, 990, 992, 997, 1006, 1020, ]
[6, 19, 24, 26, 30, 31, 37, 49, 60, 62, 64, 75, 105, 138, 150, 159, 169, 172, 187, 194, 197, 201, 203, 232, 240, 255, 269, 272, 277, 282, 294, 297, 304, 339, 341, 357, 361, 369, 378, 388, 393, 398, 404, 423, 427, 431, 432, 447, 463, 468, 470, 489, 491, 499, 500, 501, 504, 505, 516, 520, 526, 528, 532, 589, 621, 622, 625, 627, 629, 630, 632, 634, 647, 669, 672, 693, 730, 737, 739, 741, 743, 744, 749, 753, 775, 777, 825, 831, 841, 852, 875, 880, 889, 894, 895, 924, 925, 927, 928, 955, 959, 965, 969, 985, 1006, 1014, 1015, ]
[23, 26, 41, 63, 85, 87, 124, 137, 157, 161, 167, 188, 191, 201, 203, 211, 222, 228, 251, 259, 264, 281, 291, 296, 348, 374, 399, 402, 423, 455, 468, 476, 496, 499, 502, 504, 507, 533, 541, 543, 567, 591, 646, 656, 674, 713, 745, 746, 748, 751, 773, 776, 778, 816, 827, 831, 842, 861, 868, 871, 873, 880, 894, 901, 917, 956, 968, 978, ]
[2, 27, 29, 33, 61, 64, 67, 91, 100, 101, 111, 144, 159, 167, 177, 180, 200, 247, 253, 259, 269, 297, 300, 313, 325, 336, 340, 350, 353, 360, 374, 378, 384, 390, 398, 400, 402, 423, 432, 433, 435, 444, 455, 465, 478, 493, 496, 520, 523, 531, 558, 561, 580, 586, 599, 623, 625, 652, 693, 726, 744, 750, 767, 799, 804, 840, 852, 871, 901, 959, 960, 969, 977, 991, 992, ]
[0, 3, 8, 17, 27, 31, 32, 69, 102, 126, 134, 140, 162, 163, 175, 180, 197, 201, 222, 233, 241, 275, 278, 279, 288, 292, 294, 299, 339, 344, 354, 368, 370, 377, 379, 390, 394, 403, 404, 410, 423, 424, 430, 454, 455, 458, 465, 466, 476, 484, 495, 518, 521, 528, 532, 541, 554, 562, 565, 583, 633, 658, 664, 669, 687, 694, 702, 707, 740, 749, 757, 767, 774, 806, 822, 831, 838, 839, 840, 841, 849, 870, 888, 897, 902, 909, 923, 927, 932, 935, 966, 967, 973, 990, 994, 1022, ]
[2, 6, 28, 29, 39, 62, 101, 106, 128, 169, 178, 191, 193, 195, 196, 199, 200, 208, 212, 213, 232, 236, 240, 244, 245, 248, 268, 287, 300, 306, 334, 343, 344, 345, 367, 376, 380, 394, 395, 401, 406, 414, 425, 433, 442, 445, 459, 464, 473, 489, 492, 499, 500, 533, 539, 551, 600, 615, 620, 628, 646, 655, 664, 712, 729, 742, 743, 744, 780, 816, 848, 851, 856, 873, 899, 910, 938, 958, 961, 992, 1005, 1023, ]
[0, 7, 14, 30, 39, 40, 41, 42, 55, 68, 70, 101, 136, 168, 169, 190, 212, 223, 230, 234, 238, 249, 263, 265, 270, 293, 298, 329, 356, 386, 390, 391, 400, 404, 416, 438, 474, 493, 505, 527, 533, 540, 551, 573, 598, 611, 639, 657, 697, 712, 742, 744, 751, 754, 758, 786, 788, 811, 826, 842, 846, 866, 868, 869, 889, 901, 902, 903, 912, 934, 958, 993, ]
[47, 129, 160, 191, 192, 224, 225, 244, 256, 257, 288, 289, 292, 301, 319, 321, 335, 341, 346, 353, 354, 360, 376, 417, 448, 480, 495, 556, 559, 734, 773, 789, 814, 834, 847, 944, 969, 1018, ]
[26, 33, 47, 52, 69, 126, 137, 140, 145, 162, 165, 166, 169, 171, 180, 200, 209, 216, 223, 227, 231, 247, 254, 264, 271, 272, 281, 282, 304, 305, 319, 326, 330, 336, 340, 366, 383, 385, 394, 399, 412, 414, 428, 451, 456, 463, 485, 488, 489, 493, 497, 507, 518, 527, 529, 530, 531, 552, 563, 574, 582, 588, 593, 594, 605, 613, 616, 654, 655, 679, 686, 688, 695, 708, 712, 720, 739, 742, 746, 752, 758, 760, 769, 781, 783, 786, 867, 896, 906, 910, 913, 924, 956, 966, 995, 1006, 1022, ]
[0, 27, 64, 90, 93, 116, 133, 201, 266, 267, 281, 291, 297, 300, 307, 319, 326, 351, 368, 373, 389, 393, 398, 402, 408, 426, 430, 436, 439, 455, 490, 495, 515, 520, 524, 536, 560, 570, 653, 663, 683, 697, 711, 741, 744, 746, 772, 796, 808, 852, 872, 928, 954, 994, 1019, 1021, 1023, ]
[5, 18, 26, 27, 28, 29, 107, 135, 156, 202, 212, 229, 250, 259, 299, 314, 360, 367, 369, 371, 376, 377, 406, 407, 425, 435, 442, 443, 457, 462, 465, 466, 483, 487, 495, 496, 505, 520, 526, 530, 533, 535, 536, 561, 571, 592, 603, 626, 632, 638, 655, 663, 676, 678, 725, 743, 753, 772, 794, 862, 864, 868, 869, 896, 902, 928, 929, 945, 959, 961, 968, 986, 1000, 1008, 1011, ]
[4, 17, 19, 23, 41, 55, 63, 118, 119, 150, 157, 159, 165, 181, 187, 195, 199, 201, 215, 227, 237, 238, 246, 248, 265, 267, 279, 287, 292, 311, 312, 313, 315, 323, 337, 345, 347, 348, 349, 359, 395, 404, 412, 420, 423, 424, 435, 453, 466, 473, 487, 494, 497, 502, 503, 520, 529, 532, 566, 573, 595, 632, 656, 680, 710, 740, 766, 774, 791, 793, 798, 829, 839, 856, 858, 867, 888, 894, 901, 913, 960, 979, 988, 991, 996, 1003, 1010, ]
[0, 3, 4, 18, 20, 42, 50, 59, 136, 139, 166, 175, 192, 196, 200, 202, 206, 210, 228, 229, 245, 252, 260, 264, 280, 296, 298, 299, 303, 307, 324, 341, 344, 369, 391, 409, 412, 420, 434, 435, 452, 467, 493, 496, 500, 501, 502, 508, 520, 528, 536, 552, 560, 561, 587, 598, 612, 615, 627, 634, 636, 660, 676, 696, 708, 709, 718, 742, 743, 747, 794, 807, 811, 816, 824, 834, 869, 871, 890, 925, 949, 967, 969, 991, 992, ]
[12, 15, 28, 57, 105, 114, 129, 139, 154, 166, 169, 179, 191, 202, 213, 229, 233, 235, 265, 269, 273, 277, 280, 282, 284, 306, 311, 327, 340, 358, 375, 376, 378, 393, 403, 409, 434, 445, 446, 459, 462, 463, 464, 492, 499, 504, 516, 517, 527, 534, 537, 547, 554, 557, 561, 565, 581, 594, 635, 638, 663, 671, 712, 731, 743, 769, 804, 805, 808, 809, 825, 832, 835, 843, 864, 865, 896, 897, 900, 910, 916, 926, 929, 930, 938, 953, 969, 995, 1021, ]
[26, 60, 72, 74, 81, 82, 92, 105, 108, 117, 181, 191, 196, 209, 231, 234, 241, 248, 252, 254, 256, 261, 295, 296, 300, 309, 312, 346, 372, 381, 389, 401, 420, 435, 442, 446, 466, 490, 495, 532, 534, 535, 561, 565, 568, 573, 588, 623, 659, 670, 740, 768, 769, 808, 835, 837, 903, 911, 956, 967, 990, 1009, ]