[7, 50, 82, 125, 131, 178, 196, 210, 215, 291, 294, 359, 389, 417, 480, 529, 530, 531, 539, 543, 550, 561, 575, 597, 613, 647, 667, 670, 694, 707, 710, 739, 753, 773, 774, 800, 807, 822, 828, 890, 901, 949, 952, 996, ]
[3, 45, 53, 62, 127, 196, 202, 229, 253, 262, 343, 354, 359, 405, 415, 420, 436, 449, 476, 479, 484, 488, 501, 524, 525, 526, 533, 534, 535, 574, 579, 612, 631, 650, 674, 681, 709, 711, 726, 743, 758, 774, 782, 790, 808, 818, 832, 891, 900, 905, 967, 991, 995, 997, 1023, ]
[7, 9, 33, 68, 122, 147, 242, 313, 355, 357, 461, 467, 495, 504, 517, 519, 528, 534, 544, 562, 579, 601, 631, 646, 650, 662, 664, 742, 793, 824, 833, 834, 864, 890, 896, 922, 925, 926, 960, 961, 1002, ]
[34, 67, 114, 126, 131, 135, 158, 160, 162, 163, 192, 193, 194, 219, 228, 278, 290, 326, 454, 456, 464, 471, 480, 500, 505, 512, 519, 526, 527, 551, 566, 572, 588, 591, 603, 611, 616, 628, 633, 634, 638, 642, 646, 687, 710, 723, 750, 801, 804, 807, 832, 901, 907, 929, 930, 931, 959, 964, 965, 979, 992, 1021, ]
[0, 1, 2, 33, 37, 38, 85, 100, 124, 256, 269, 287, 355, 361, 438, 461, 493, 501, 522, 525, 526, 532, 542, 557, 558, 560, 563, 568, 579, 584, 593, 601, 603, 616, 623, 629, 631, 639, 644, 656, 661, 679, 712, 741, 742, 776, 784, 798, 810, 817, 824, 837, 868, 960, 965, 967, 993, 1001, 1014, 1015, ]
[8, 14, 24, 33, 42, 43, 44, 50, 62, 124, 168, 196, 199, 273, 287, 296, 326, 335, 439, 466, 467, 499, 503, 504, 520, 524, 531, 551, 567, 570, 573, 578, 590, 659, 709, 710, 739, 747, 779, 803, 843, 852, 943, 969, 981, 1012, 1021, ]
[11, 31, 63, 64, 93, 105, 112, 142, 143, 149, 216, 247, 309, 311, 312, 317, 328, 340, 355, 410, 442, 475, 487, 558, 581, 599, 605, 607, 615, 633, 637, 674, 690, 698, 699, 724, 726, 730, 741, 756, 760, 761, 762, 792, 798, 855, 859, 885, 886, 896, 947, 979, 1019, ]
[1, 15, 16, 33, 36, 41, 76, 93, 103, 164, 183, 297, 341, 426, 456, 486, 514, 518, 519, 523, 529, 536, 537, 550, 559, 585, 595, 598, 614, 634, 660, 707, 716, 727, 739, 741, 745, 803, 901, 923, 950, 965, 987, 992, 1001, 1005, ]
[8, 40, 50, 63, 74, 161, 220, 263, 264, 301, 308, 319, 342, 351, 405, 410, 456, 468, 488, 506, 519, 531, 535, 546, 551, 555, 563, 582, 597, 605, 627, 630, 655, 661, 676, 698, 702, 800, 801, 805, 849, 850, 868, 895, 949, 966, 994, ]
[0, 33, 54, 79, 93, 94, 126, 149, 157, 169, 200, 234, 238, 306, 323, 355, 360, 390, 422, 434, 462, 469, 493, 504, 510, 555, 587, 591, 598, 605, 615, 621, 626, 633, 638, 647, 665, 666, 698, 726, 736, 769, 776, 794, 802, 806, 810, 819, 846, 871, 927, 932, 934, 962, 966, 998, 999, 1019, ]
[33, 249, 287, 377, 405, 456, 464, 480, 481, 482, 498, 504, 511, 513, 514, 544, 546, 570, 576, 577, 578, 608, 609, 632, 642, 672, 679, 698, 770, 810, 832, 1003, 1010, ]
[0, 1, 31, 42, 48, 68, 73, 76, 104, 105, 127, 128, 133, 144, 153, 190, 191, 196, 285, 291, 296, 323, 330, 379, 403, 405, 449, 469, 471, 472, 488, 492, 494, 521, 533, 540, 543, 553, 563, 565, 607, 616, 623, 640, 650, 671, 674, 678, 693, 703, 712, 749, 771, 818, 820, 836, 872, 926, 928, 987, 1018, 1019, ]
[0, 15, 30, 68, 102, 125, 167, 242, 244, 267, 299, 300, 312, 313, 332, 346, 363, 366, 389, 448, 455, 499, 531, 549, 562, 563, 567, 568, 584, 594, 595, 602, 625, 626, 627, 644, 652, 733, 736, 737, 760, 778, 807, 816, 818, 819, 835, 846, 864, 897, 928, 929, 933, 978, 1002, 1013, 1021, 1023, ]
[33, 37, 45, 61, 64, 66, 69, 95, 104, 118, 127, 135, 195, 205, 225, 230, 294, 322, 325, 327, 343, 351, 352, 385, 423, 427, 437, 453, 456, 488, 500, 519, 526, 528, 530, 538, 563, 564, 572, 581, 583, 586, 588, 612, 623, 624, 645, 646, 676, 735, 739, 740, 745, 746, 756, 768, 771, 779, 803, 805, 839, 867, 901, 934, 940, 961, 969, 990, 991, ]
[13, 71, 81, 90, 126, 127, 159, 187, 188, 229, 234, 287, 295, 326, 328, 340, 355, 357, 380, 410, 416, 471, 499, 517, 529, 538, 549, 561, 613, 616, 692, 712, 727, 742, 752, 778, 801, 850, 868, 882, 895, 986, 992, ]