[7, 50, 82, 125, 131, 178, 196, 210, 215, 228, 254, 291, 294, 359, 417, 436, 448, 480, 529, 543, 551, 559, 561, 575, 581, 613, 614, 647, 667, 707, 710, 739, 753, 773, 776, 800, 806, 807, 822, 828, 869, 913, 922, 949, 952, 992, 996, ]
[3, 13, 62, 127, 190, 196, 202, 255, 285, 343, 405, 415, 420, 436, 449, 476, 479, 484, 488, 501, 524, 525, 526, 533, 534, 579, 598, 612, 631, 642, 650, 663, 674, 681, 709, 711, 726, 743, 744, 774, 782, 790, 818, 832, 840, 895, 900, 905, 922, 965, 991, 995, 1023, ]
[7, 9, 33, 68, 109, 122, 147, 242, 246, 253, 313, 355, 358, 504, 519, 528, 534, 544, 549, 562, 563, 601, 615, 631, 662, 664, 793, 824, 833, 834, 864, 890, 896, 922, 925, 926, 928, 960, 999, ]
[34, 67, 98, 126, 131, 150, 158, 160, 162, 163, 192, 193, 194, 219, 228, 278, 290, 294, 326, 338, 360, 422, 439, 459, 486, 500, 505, 512, 519, 524, 527, 551, 559, 566, 572, 588, 603, 616, 628, 633, 634, 638, 642, 646, 687, 710, 715, 723, 728, 750, 776, 801, 804, 807, 832, 901, 907, 929, 930, 931, 959, 964, 965, 992, 1013, 1021, ]
[0, 1, 2, 37, 38, 69, 132, 256, 269, 355, 361, 383, 426, 438, 459, 461, 493, 496, 501, 522, 525, 526, 532, 557, 560, 565, 579, 585, 593, 602, 604, 616, 623, 627, 631, 639, 644, 656, 661, 679, 712, 741, 742, 767, 776, 784, 798, 810, 817, 824, 868, 960, 963, 967, 992, 993, 1001, 1014, 1015, ]
[8, 11, 16, 24, 33, 43, 44, 62, 92, 196, 199, 287, 296, 304, 326, 335, 384, 466, 467, 471, 487, 499, 503, 504, 524, 531, 552, 567, 571, 573, 578, 590, 594, 595, 705, 709, 739, 742, 747, 843, 852, 926, 943, 959, 981, 1012, ]
[11, 30, 63, 64, 93, 105, 112, 142, 143, 149, 216, 247, 309, 310, 311, 312, 317, 328, 340, 355, 376, 410, 442, 475, 487, 558, 581, 593, 605, 607, 615, 631, 633, 637, 674, 698, 699, 703, 724, 726, 730, 741, 756, 760, 761, 762, 792, 798, 855, 859, 885, 896, 917, 947, 966, 979, 1019, ]
[16, 17, 33, 36, 41, 42, 64, 76, 93, 103, 106, 164, 235, 289, 297, 327, 341, 355, 427, 456, 480, 486, 490, 496, 518, 520, 529, 536, 537, 543, 550, 559, 585, 614, 616, 624, 634, 660, 665, 675, 691, 694, 707, 739, 792, 803, 844, 894, 923, 961, 965, 979, 992, 1001, 1005, ]
[8, 40, 50, 63, 74, 101, 161, 221, 263, 264, 301, 308, 319, 326, 342, 351, 405, 410, 456, 468, 485, 488, 521, 528, 531, 535, 538, 546, 551, 555, 563, 581, 597, 605, 627, 630, 661, 676, 688, 702, 752, 800, 801, 805, 868, 904, 912, 933, 949, 957, 994, ]
[7, 21, 33, 46, 65, 93, 94, 126, 149, 157, 169, 200, 234, 271, 299, 306, 323, 355, 356, 358, 360, 390, 422, 434, 462, 469, 493, 510, 587, 591, 598, 605, 615, 621, 626, 634, 638, 647, 665, 666, 698, 726, 736, 742, 746, 769, 776, 794, 802, 806, 819, 871, 927, 934, 948, 960, 962, 966, 982, 998, 999, ]
[33, 184, 249, 377, 405, 464, 480, 481, 482, 498, 504, 511, 513, 514, 544, 546, 570, 576, 577, 578, 608, 609, 632, 642, 672, 679, 682, 686, 698, 770, 810, 832, 1003, 1010, ]
[0, 1, 31, 42, 48, 68, 73, 76, 93, 104, 105, 128, 133, 144, 153, 158, 190, 191, 323, 361, 403, 405, 419, 463, 469, 471, 472, 481, 488, 492, 521, 540, 543, 553, 563, 565, 607, 616, 623, 640, 650, 671, 674, 678, 693, 703, 712, 749, 771, 820, 872, 926, 928, 1018, ]
[0, 15, 30, 76, 102, 127, 224, 244, 255, 299, 300, 313, 332, 346, 363, 366, 384, 433, 455, 499, 531, 549, 562, 563, 567, 568, 595, 602, 625, 626, 627, 644, 652, 679, 733, 736, 737, 760, 778, 786, 787, 807, 816, 835, 850, 896, 899, 928, 929, 1003, 1013, 1023, ]
[33, 37, 45, 63, 64, 66, 68, 69, 94, 95, 104, 125, 135, 205, 225, 230, 294, 318, 327, 343, 352, 354, 385, 392, 423, 427, 433, 437, 453, 456, 476, 488, 500, 524, 528, 530, 550, 563, 564, 581, 583, 586, 588, 610, 623, 624, 632, 637, 644, 645, 646, 671, 676, 707, 709, 735, 739, 740, 746, 756, 768, 771, 779, 805, 809, 867, 905, 934, 935, 940, 961, 969, 990, 991, 1021, ]
[8, 60, 71, 72, 118, 126, 127, 135, 186, 187, 229, 234, 287, 308, 326, 327, 355, 357, 380, 416, 439, 471, 499, 517, 538, 549, 561, 616, 692, 697, 712, 778, 801, 850, 868, 882, 895, 925, 992, ]