[73, 452, 186, 537, 610, 519, 125]
[73, 519, 576, 302, 567, 571, 0]
[73, 583, 553, 260, 368, 592, 1]
[73, 396, 583, 338, 403, 265, 1]
[73, 394, 519, 573, 503, 594, 148, 0]
[73, 504, 411, 180, 220, 497, 0]
[73, 415, 516, 431, 225, 341, 15]
[73, 362, 527, 134, 81, 189, 9]
[73, 417, 168, 573, 127, 0]
[73, 215, 533, 473, 140, 13]
[73, 395, 69, 124, 568, 209, 4]
[73, 395, 37, 271, 476, 335, 1]
[73, 176, 395, 271, 129, 601, 74]
[73, 107, 142, 308, 155, 501, 0]
[73, 371, 204, 196, 220, 148]
[73, 309, 170, 303, 570, 200]
[73, 68, 549, 274, 305, 537, 92]
[73, 395, 226, 196, 147, 80]
[73, 184, 583, 395]
[73, 172, 215, 593, 52]
[73, 412, 597, 501, 462]
[73, 487, 527, 410, 403, 361, 53]
[73, 331, 511, 273, 180, 144]
[73, 479, 480, 164, 427, 113]
[73, 483, 432, 512, 221, 196, 0]
[73, 144, 432, 588, 161, 204]