[73, 515, 471, 473, 475, 370, 4]
[73, 518, 475, 331, 36, 371, 5]
[73, 583, 570, 561, 440, 294, 5]
[73, 396, 583, 603, 222, 371, 13]
[73, 583, 552, 404, 517, 17, 21]
[73, 415, 534, 513, 486, 372, 13]
[73, 415, 516, 431, 615, 147, 61]
[73, 362, 527, 293, 179, 225, 5]
[73, 417, 174, 277, 220, 2]
[73, 213, 266, 143, 23, 3]
[73, 395, 69, 576, 362, 1]
[73, 395, 393, 223, 605, 103]
[73, 141, 549, 305, 576, 566, 0]
[73, 107, 142, 369, 612, 12]
[73, 371, 206, 196, 223, 118]
[73, 309, 170, 304, 468, 192]
[73, 68, 549, 274, 223, 370, 0]
[73, 395, 226, 489, 316, 195, 1]
[73, 184, 583, 395, 1]
[73, 172, 215, 189, 14]
[73, 412, 597, 572, 26]
[73, 487, 527, 583, 410, 607, 0]
[73, 455, 185, 511, 476, 164]
[73, 479, 480, 612, 221, 147]
[73, 432, 519, 591, 481, 181, 1]
[73, 144, 432, 588, 161, 204]