[896, 662, 323]
[896, 711, 972, 2]
[896, 362, 50, 78]
[896, 295, 551, 378]
[896, 561, 664, 206]
[896, 571, 625, 0]
[896, 92, 804, 2]
[896, 753, 5]
[896, 38, 2]
[896, 235, 396]
[896, 296, 437, 159]
[896, 184, 575, 0]
[896, 267, 405, 19]
[896, 148, 920, 606]
[896, 459, 396, 281]
[896, 455, 557, 175]
[896, 229, 203, 346]
[896, 936, 91, 12]
[896, 372, 204, 0]
[896, 479, 498, 39]
[896, 495, 375]
[896, 357, 901, 390]
[896, 80, 448, 338, 11]
[896, 173, 375, 27]
[896, 279, 276, 61]
[896, 163, 183, 213, 0]
[896, 55, 823, 88]
[896, 759, 467, 212, 0]
[896, 280, 647, 1]
[896, 532, 339, 10]
[896, 191, 868]
[896, 69, 136]
[134, 783, 208, 2]
[896, 61, 23, 87]
[896, 171, 230, 696]
[896, 70, 226, 23]
[896, 257, 59]
[896, 336, 1019]
[896, 427, 64, 9]
[896, 462, 8]