[896, 662, 114]
[679, 494, 4]
[896, 711, 212, 8]
[896, 362, 560, 40]
[896, 464, 1019, 439, 0]
[896, 571, 166, 8, 2]
[896, 30, 6]
[934, 503, 0]
[896, 786, 5, 0]
[896, 235, 891, 26]
[896, 296, 174, 901]
[896, 868, 422, 100]
[896, 299, 762, 17]
[896, 253, 1023, 369]
[896, 429, 26, 8]
[896, 876, 199]
[896, 363, 1020, 1]
[896, 868, 173, 0]
[896, 372, 956, 0]
[896, 511, 599, 172]
[896, 494, 766, 221]
[896, 901, 623, 19]
[896, 434, 697, 4]
[896, 15, 516, 25]
[896, 171, 690, 3]
[896, 807, 236, 444]
[896, 923, 441, 3]
[896, 823, 434, 189]
[896, 825, 433, 165]
[896, 620, 924, 437]
[896, 968, 843, 709]
[896, 69, 618, 2]
[896, 134, 783, 246]
[896, 27, 459, 3, 7]
[896, 662, 220, 398]
[70, 258, 23]
[896, 257, 663, 4]
[896, 336, 1019]
[896, 427, 64, 9]
[896, 462, 8]