[896, 662, 107]
[896, 711, 272, 0]
[896, 362, 50, 78]
[896, 295, 1016, 665, 7]
[896, 529, 676, 10]
[896, 571, 779, 497, 0]
[896, 422, 47]
[896, 753, 5]
[896, 38, 2]
[896, 235, 396]
[896, 296, 437, 159]
[896, 184, 575, 0]
[896, 267, 405, 19]
[896, 391, 170, 63, 74]
[896, 459, 370, 1]
[896, 455, 506, 0]
[896, 229, 1, 235, 6]
[896, 1010, 396, 370]
[896, 372, 1022, 45]
[896, 479, 40, 52]
[896, 495, 228]
[896, 453, 196, 0]
[896, 80, 448, 338, 11]
[896, 173, 536, 27]
[896, 260, 1017, 62, 1]
[896, 923, 596, 1]
[896, 823, 1017, 8]
[896, 101, 247, 378, 0]
[896, 816, 199, 23]
[896, 620, 368, 0]
[896, 827, 355, 0]
[896, 384, 68]
[896, 870, 506, 464]
[896, 27, 459, 3, 7]
[896, 71, 428, 242]
[896, 70, 58, 6]
[896, 256, 439, 3]
[896, 304, 443, 0]
[896, 427, 64]
[896, 462]