[896, 662, 114]
[896, 775, 548, 281]
[896, 687, 137, 115]
[896, 295, 1020, 144, 0]
[896, 528, 388, 0]
[896, 571, 757, 6]
[896, 468, 65]
[896, 753, 5]
[896, 39, 3]
[896, 235, 421, 0]
[896, 1011, 242, 0]
[896, 868, 422, 100]
[896, 299, 762, 17]
[896, 391, 170, 32, 8]
[896, 459, 396, 281]
[896, 557, 455, 20]
[896, 810, 805, 404]
[896, 382, 301, 6]
[896, 372, 415]
[896, 479, 498, 39]
[896, 495, 358]
[896, 453, 901, 0]
[896, 80, 448, 338, 11]
[896, 173, 375, 27]
[896, 739, 690, 855]
[896, 163, 503, 807]
[896, 55, 823, 179]
[896, 101, 247, 378, 0]
[896, 816, 199, 276]
[896, 208, 340, 423]
[896, 760, 131, 7]
[896, 384, 966, 12]
[896, 870, 207, 30]
[896, 268, 53, 599]
[70, 1007]
[896, 354, 957, 0]
[896, 785, 957, 45]
[896, 687, 426, 4]
[896, 603, 463, 20]
[896, 462, 14]