1.082000000000000000e+03
1.800000000000000000e+02
1.215000000000000000e+03
1.155000000000000000e+03
1.216000000000000000e+03
4.900000000000000000e+01
1.156000000000000000e+03
7.480000000000000000e+02
6.290000000000000000e+02
6.890000000000000000e+02
1.275000000000000000e+03
1.335000000000000000e+03
3.840000000000000000e+02
3.240000000000000000e+02
2.640000000000000000e+02
2.650000000000000000e+02
3.870000000000000000e+02
4.470000000000000000e+02
4.460000000000000000e+02
5.070000000000000000e+02
5.650000000000000000e+02
1.276000000000000000e+03
4.440000000000000000e+02
5.040000000000000000e+02
2.050000000000000000e+02
1.450000000000000000e+02
1.460000000000000000e+02
1.440000000000000000e+02
4.700000000000000000e+01
4.800000000000000000e+01
1.157000000000000000e+03
1.217000000000000000e+03
8.080000000000000000e+02
1.035000000000000000e+03
1.364000000000000000e+03
1.424000000000000000e+03
1.200000000000000000e+02
8.750000000000000000e+02
8.760000000000000000e+02
8.160000000000000000e+02
7.560000000000000000e+02
6.970000000000000000e+02
6.370000000000000000e+02
5.770000000000000000e+02
1.096000000000000000e+03
1.095000000000000000e+03
9.740000000000000000e+02
1.034000000000000000e+03
6.730000000000000000e+02
8.540000000000000000e+02
