1.540000000000000000e+03
9.783000000000000000e+03
7.792000000000000000e+03
8.652000000000000000e+03
4.490000000000000000e+03
7.520000000000000000e+03
2.567000000000000000e+03
9.995000000000000000e+03
3.381000000000000000e+03
2.529000000000000000e+03
4.021000000000000000e+03
1.060000000000000000e+02
9.511000000000000000e+03
9.487000000000000000e+03
9.923000000000000000e+03
8.735000000000000000e+03
3.297000000000000000e+03
6.630000000000000000e+03
2.300000000000000000e+02
8.550000000000000000e+03
9.981000000000000000e+03
5.630000000000000000e+03
2.955000000000000000e+03
6.139000000000000000e+03
5.000000000000000000e+00
6.294000000000000000e+03
4.030000000000000000e+02
2.603000000000000000e+03
2.714000000000000000e+03
6.600000000000000000e+02
2.027000000000000000e+03
7.650000000000000000e+02
4.868000000000000000e+03
4.400000000000000000e+01
5.192000000000000000e+03
7.800000000000000000e+03
4.967000000000000000e+03
5.084000000000000000e+03
6.501000000000000000e+03
6.630000000000000000e+02
9.719000000000000000e+03
5.023000000000000000e+03
4.252000000000000000e+03
6.290000000000000000e+03
2.708000000000000000e+03
6.932000000000000000e+03
9.388000000000000000e+03
7.619000000000000000e+03
2.154000000000000000e+03
4.754000000000000000e+03
