2.046000000000000000e+03
6.324000000000000000e+03
9.153000000000000000e+03
7.335000000000000000e+03
4.188000000000000000e+03
9.882000000000000000e+03
3.881000000000000000e+03
1.056800000000000000e+04
7.950000000000000000e+03
3.113000000000000000e+03
1.616000000000000000e+03
2.445000000000000000e+03
7.768000000000000000e+03
9.065000000000000000e+03
2.630000000000000000e+02
2.199000000000000000e+03
8.884000000000000000e+03
4.051000000000000000e+03
1.039100000000000000e+04
5.278000000000000000e+03
9.720000000000000000e+02
5.104000000000000000e+03
7.209000000000000000e+03
1.128000000000000000e+03
2.934000000000000000e+03
4.920000000000000000e+02
2.880000000000000000e+02
1.052800000000000000e+04
2.775000000000000000e+03
5.967000000000000000e+03
5.379000000000000000e+03
3.263000000000000000e+03
7.037000000000000000e+03
3.610000000000000000e+02
9.250000000000000000e+03
5.212000000000000000e+03
1.019500000000000000e+04
2.547000000000000000e+03
1.041100000000000000e+04
9.840000000000000000e+02
5.286000000000000000e+03
6.837000000000000000e+03
8.173000000000000000e+03
1.642000000000000000e+03
7.943000000000000000e+03
1.014600000000000000e+04
7.144000000000000000e+03
7.420000000000000000e+03
1.066100000000000000e+04
5.433000000000000000e+03
