6.966000000000000000e+03
4.350000000000000000e+02
4.157000000000000000e+03
7.282000000000000000e+03
9.277000000000000000e+03
7.452000000000000000e+03
9.872000000000000000e+03
1.158000000000000000e+03
8.532000000000000000e+03
8.950000000000000000e+02
8.607000000000000000e+03
4.198000000000000000e+03
7.834000000000000000e+03
9.281000000000000000e+03
5.762000000000000000e+03
1.396000000000000000e+03
2.144000000000000000e+03
4.640000000000000000e+03
8.605000000000000000e+03
1.867000000000000000e+03
8.531000000000000000e+03
7.673000000000000000e+03
3.160000000000000000e+02
7.796000000000000000e+03
9.123000000000000000e+03
1.157000000000000000e+03
4.496000000000000000e+03
5.791000000000000000e+03
2.795000000000000000e+03
9.394000000000000000e+03
1.900000000000000000e+01
1.162000000000000000e+03
8.777000000000000000e+03
2.593000000000000000e+03
7.612000000000000000e+03
3.013000000000000000e+03
1.817000000000000000e+03
5.093000000000000000e+03
1.866000000000000000e+03
8.241000000000000000e+03
9.400000000000000000e+02
7.505000000000000000e+03
3.713000000000000000e+03
7.685000000000000000e+03
9.700000000000000000e+02
1.163000000000000000e+03
9.810000000000000000e+02
9.248000000000000000e+03
5.900000000000000000e+03
8.486000000000000000e+03
