6.966000000000000000e+03
6.660000000000000000e+02
9.618000000000000000e+03
9.755000000000000000e+03
8.887000000000000000e+03
1.044000000000000000e+03
2.060000000000000000e+02
8.580000000000000000e+02
2.485000000000000000e+03
6.210000000000000000e+02
9.353000000000000000e+03
2.790000000000000000e+03
3.135000000000000000e+03
1.511000000000000000e+03
3.013000000000000000e+03
9.281000000000000000e+03
7.673000000000000000e+03
5.762000000000000000e+03
2.500000000000000000e+01
7.641000000000000000e+03
8.777000000000000000e+03
4.529000000000000000e+03
8.056000000000000000e+03
1.052000000000000000e+03
9.123000000000000000e+03
5.093000000000000000e+03
9.198000000000000000e+03
9.810000000000000000e+02
7.685000000000000000e+03
3.713000000000000000e+03
7.505000000000000000e+03
1.163000000000000000e+03
8.605000000000000000e+03
1.867000000000000000e+03
9.394000000000000000e+03
8.531000000000000000e+03
1.507000000000000000e+03
7.612000000000000000e+03
4.640000000000000000e+03
8.888000000000000000e+03
9.400000000000000000e+02
3.149000000000000000e+03
9.700000000000000000e+02
7.686000000000000000e+03
8.380000000000000000e+03
2.373000000000000000e+03
5.090000000000000000e+02
3.631000000000000000e+03
9.727000000000000000e+03
7.650000000000000000e+03
