3.527000000000000000e+03
2.865000000000000000e+03
2.861000000000000000e+03
1.612000000000000000e+03
3.415000000000000000e+03
1.663000000000000000e+03
1.947000000000000000e+03
9.990000000000000000e+02
2.075000000000000000e+03
3.283000000000000000e+03
5.371000000000000000e+03
1.508000000000000000e+03
1.934000000000000000e+03
1.983000000000000000e+03
2.095000000000000000e+03
1.276000000000000000e+03
3.119000000000000000e+03
5.574000000000000000e+03
1.220000000000000000e+03
4.867000000000000000e+03
2.192000000000000000e+03
1.586000000000000000e+03
9.500000000000000000e+02
3.601000000000000000e+03
1.200000000000000000e+02
3.983000000000000000e+03
4.429000000000000000e+03
3.995000000000000000e+03
1.461000000000000000e+03
2.896000000000000000e+03
5.381000000000000000e+03
4.030000000000000000e+03
2.540000000000000000e+03
3.783000000000000000e+03
1.987000000000000000e+03
3.916000000000000000e+03
4.048000000000000000e+03
5.586000000000000000e+03
6.630000000000000000e+02
4.073000000000000000e+03
5.542000000000000000e+03
1.695000000000000000e+03
1.689000000000000000e+03
4.858000000000000000e+03
2.870000000000000000e+02
9.540000000000000000e+02
2.395000000000000000e+03
3.750000000000000000e+02
3.459000000000000000e+03
1.518000000000000000e+03
