9.020000000000000000e+02
6.580000000000000000e+02
4.860000000000000000e+02
9.180000000000000000e+02
9.530000000000000000e+02
4.360000000000000000e+02
7.230000000000000000e+02
1.127000000000000000e+03
4.260000000000000000e+02
1.383000000000000000e+03
4.190000000000000000e+02
8.020000000000000000e+02
7.970000000000000000e+02
8.630000000000000000e+02
7.110000000000000000e+02
7.830000000000000000e+02
8.000000000000000000e+02
6.840000000000000000e+02
1.139000000000000000e+03
5.450000000000000000e+02
1.245000000000000000e+03
8.030000000000000000e+02
7.240000000000000000e+02
5.360000000000000000e+02
4.960000000000000000e+02
4.250000000000000000e+02
8.010000000000000000e+02
9.620000000000000000e+02
8.780000000000000000e+02
1.760000000000000000e+03
1.194000000000000000e+03
7.440000000000000000e+02
6.630000000000000000e+02
8.250000000000000000e+02
7.370000000000000000e+02
5.460000000000000000e+02
6.590000000000000000e+02
1.263000000000000000e+03
1.189000000000000000e+03
2.480000000000000000e+02
9.790000000000000000e+02
2.850000000000000000e+02
1.259000000000000000e+03
4.240000000000000000e+02
6.760000000000000000e+02
8.430000000000000000e+02
1.013000000000000000e+03
8.620000000000000000e+02
2.277000000000000000e+03
3.670000000000000000e+02
