2.430000000000000000e+02
4.147000000000000000e+03
3.860000000000000000e+02
1.710000000000000000e+02
4.966000000000000000e+03
1.227000000000000000e+03
2.264000000000000000e+03
3.899000000000000000e+03
4.038000000000000000e+03
2.512000000000000000e+03
6.104000000000000000e+03
5.826000000000000000e+03
8.574000000000000000e+03
9.516000000000000000e+03
6.000000000000000000e+03
4.804000000000000000e+03
8.590000000000000000e+02
7.024000000000000000e+03
1.728000000000000000e+03
4.100000000000000000e+02
8.266000000000000000e+03
6.427000000000000000e+03
9.887000000000000000e+03
3.147000000000000000e+03
3.985000000000000000e+03
7.561000000000000000e+03
9.719000000000000000e+03
6.927000000000000000e+03
4.075000000000000000e+03
6.169000000000000000e+03
1.457000000000000000e+03
6.542000000000000000e+03
3.364000000000000000e+03
4.191000000000000000e+03
3.033000000000000000e+03
8.064000000000000000e+03
1.310000000000000000e+03
9.940000000000000000e+02
2.490000000000000000e+02
1.240000000000000000e+03
3.013000000000000000e+03
7.493000000000000000e+03
9.010000000000000000e+03
9.630000000000000000e+02
1.293000000000000000e+03
1.651000000000000000e+03
1.562000000000000000e+03
1.786000000000000000e+03
4.572000000000000000e+03
1.840000000000000000e+02
