1.870000000000000000e+03
1.000000000000000000e+00
1.290000000000000000e+02
1.247000000000000000e+03
1.390000000000000000e+02
2.172000000000000000e+03
1.597000000000000000e+03
5.030000000000000000e+02
5.190000000000000000e+02
4.345000000000000000e+03
3.180000000000000000e+02
1.203000000000000000e+03
8.500000000000000000e+01
2.560000000000000000e+02
3.810000000000000000e+02
4.620000000000000000e+02
1.381000000000000000e+03
1.153000000000000000e+03
1.838000000000000000e+03
2.586000000000000000e+03
6.020000000000000000e+02
4.240000000000000000e+03
9.000000000000000000e+00
1.624000000000000000e+03
3.200000000000000000e+02
1.651000000000000000e+03
8.250000000000000000e+02
2.627000000000000000e+03
1.262000000000000000e+03
5.910000000000000000e+02
6.250000000000000000e+02
4.423000000000000000e+03
1.190000000000000000e+03
1.649000000000000000e+03
1.980000000000000000e+03
1.000000000000000000e+02
1.766000000000000000e+03
1.265000000000000000e+03
6.280000000000000000e+02
4.830000000000000000e+02
2.364000000000000000e+03
4.182000000000000000e+03
3.044000000000000000e+03
4.930000000000000000e+02
1.405000000000000000e+03
2.685000000000000000e+03
1.542000000000000000e+03
1.176000000000000000e+03
1.018000000000000000e+03
3.703000000000000000e+03
