1.050000000000000000e+02
1.040000000000000000e+02
7.300000000000000000e+01
4.710000000000000000e+02
1.030000000000000000e+02
1.340000000000000000e+02
1.350000000000000000e+02
7.200000000000000000e+01
7.100000000000000000e+01
1.020000000000000000e+02
1.360000000000000000e+02
1.060000000000000000e+02
7.400000000000000000e+01
4.100000000000000000e+01
1.660000000000000000e+02
1.070000000000000000e+02
4.000000000000000000e+01
9.000000000000000000e+00
1.370000000000000000e+02
3.900000000000000000e+01
2.940000000000000000e+02
7.000000000000000000e+01
1.380000000000000000e+02
8.000000000000000000e+00
7.500000000000000000e+01
4.200000000000000000e+01
2.950000000000000000e+02
1.670000000000000000e+02
7.000000000000000000e+00
1.650000000000000000e+02
5.830000000000000000e+02
4.610000000000000000e+02
1.390000000000000000e+02
1.330000000000000000e+02
1.080000000000000000e+02
3.800000000000000000e+01
5.480000000000000000e+02
2.960000000000000000e+02
3.950000000000000000e+02
5.470000000000000000e+02
1.680000000000000000e+02
3.940000000000000000e+02
1.010000000000000000e+02
1.000000000000000000e+01
2.970000000000000000e+02
4.700000000000000000e+02
5.150000000000000000e+02
6.000000000000000000e+00
5.490000000000000000e+02
1.720000000000000000e+02
